"0_x","0_y"
0,25.36915275,
1,24.57341358,
2,23.70167,
3,22.54860959,
4,20.48822873,
5,19.06872852,
6,18.25097959,
7,17.21529271,
8,16.46079503,
9,14.77870465,
10,13.13402894,
11,12.52962097,
12,11.91575658,
13,11.07888059,
14,10.277162,
15,10.06270074,
16,10.17641166,
17,10.35960398,
18,11.30734476,
19,12.21333888,
20,12.86059062,
21,13.11293122,
22,13.7783497,
23,15.42914677,
24,17.18307462,
25,18.44397866,
26,18.86139588,
27,20.13644868,
28,22.38231432,
29,23.80924666,
30,24.17334238,
31,25.09178278,
32,26.50069685,
33,28.96213747,
34,29.96323468,
35,30.17434005,
36,31.09161551,
37,32.26264343,
38,34.36828961,
39,35.5329964,
40,36.44603712,
41,36.9940393,
42,38.10644003,
43,40.09358796,
44,41.88524975,
45,43.29928633,
46,43.6428048,
47,45.85843877,
48,48.04719899,
49,49.82484065,
50,50.217945,
51,51.24776097,
52,53.32882594,
53,55.46338117,
54,57.0249763,
55,57.35709063,
56,58.69896025,
57,60.39858538,
58,61.70440082,
59,62.96731381,
60,63.72107217,
61,64.57889333,
62,65.96858486,
63,67.20787656,
64,68.12789315,
65,68.06670653,
66,68.76474331,
67,69.74394771,
68,71.43790674,
69,72.06315144,
70,72.70666646,
71,73.45270902,
72,74.61242273,
73,76.31856041,
74,77.00539378,
75,77.31545958,
76,77.85337873,
77,79.0853373,
78,80.41471764,
79,81.51809202,
80,81.78564861,
81,82.66069165,
82,83.23366316,
83,84.40172659,
84,85.32201306,
85,86.02295272,
86,86.47905505,
87,86.88945311,
88,87.59062398,
89,89.03135791,
90,89.99294298,
91,90.49058923,
92,91.37661165,
93,93.11975091,
94,94.65214713,
95,95.45429982,
96,96.08674102,
97,97.22451765,
98,98.67204367,
99,99.81399284,
100,100.0464776,
101,100.3630924,
102,100.8902759,
103,103.0791357,
104,104.6688213,
105,105.5214098,
106,105.603206,
107,107.1888268,
108,109.3651452,
109,109.8521394,
110,110.2199074,
111,111.5330248,
112,112.9243431,
113,114.3773637,
114,115.1970491,
115,115.2893303,
116,115.797443,
117,117.3510547,
118,118.5487392,
119,118.5142425,
120,119.2011346,
121,120.0206734,
122,121.4082782,
123,122.1751659,
124,122.0552368,
125,122.2667381,
126,122.2237728,
127,122.8848988,
128,123.6621992,
129,123.8143641,
130,124.374559,
131,124.7866283,
132,125.4109265,
133,126.2208416,
134,126.72243,
135,126.9893195,
136,127.7824618,
137,128.7322828,
138,129.1391975,
139,129.3942278,
140,129.8227851,
141,130.1486408,
142,131.2003202,
143,132.0983944,
144,132.56793,
145,132.563632,
146,132.8743877,
147,133.6440635,
148,134.3016332,
149,134.7924881,
150,135.305988,
151,135.9313308,
152,136.8251573,
153,137.3707038,
154,137.9090195,
155,138.0201695,
156,138.2714282,
157,138.6398195,
158,139.1923973,
159,139.8170273,
160,140.0527323,
161,139.9766842,
162,140.4269109,
163,140.4602814,
164,140.7865776,
165,140.8617838,
166,141.0469003,
167,140.8480525,
168,140.5972909,
169,140.6971596,
170,140.9956902,
171,141.0796988,
172,141.074022,
173,141.3807055,
174,141.5158598,
175,141.664961,
176,141.7136255,
177,141.733708,
178,141.422857,
179,141.3590086,
180,141.1903504,
181,140.8012544,
182,140.7687661,
183,140.8462581,
184,140.6161652,
185,140.4362028,
186,140.1905939,
187,140.0433375,
188,139.4683437,
189,138.8959244,
190,138.5613067,
191,138.1784893,
192,137.7247782,
193,137.6726905,
194,137.6145949,
195,137.1104939,
196,136.5162878,
197,136.1947483,
198,135.7540925,
199,135.5072165,
200,134.8899886,
201,134.0748853,
202,133.225215,
203,132.7295359,
204,132.5594823,
205,132.3663366,
206,131.5460515,
207,130.9934142,
208,130.5930262,
209,130.4489141,
210,129.5449881,
211,128.9680077,
212,128.5813029,
213,127.4290559,
214,127.0728314,
215,126.8717712,
216,125.9973355,
217,125.0629629,
218,124.1143949,
219,124.0449149,
220,123.6271517,
221,122.2923667,
222,121.2661689,
223,120.4808958,
224,120.3524596,
225,120.0220573,
226,119.217321,
227,118.3342459,
228,117.6478565,
229,117.4060239,
230,116.9428141,
231,115.8266349,
232,114.4604052,
233,113.0830169,
234,112.0598323,
235,111.8098404,
236,111.2420117,
237,109.4139083,
238,107.8872998,
239,106.9963555,
240,107.172827,
241,105.2767206,
242,103.6033494,
243,101.8355498,
244,101.1597945,
245,100.8071656,
246,99.58108819,
247,97.75176257,
248,95.40311048,
249,94.93452802,
250,94.82869439,
251,92.18486465,
252,90.07588723,
253,88.58481657,
254,88.10752702,
255,87.30698777,
256,85.02184163,
257,83.09172175,
258,81.85882786,
259,81.00951539,
260,79.16123642,
261,76.84160167,
262,75.65070079,
263,75.10277302,
264,74.5679023,
265,72.31587062,
266,70.42449389,
267,69.40912185,
268,68.66432284,
269,66.44373158,
270,64.4967878,
271,62.52439408,
272,62.36506475,
273,61.12695715,
274,60.1127228,
275,57.65035396,
276,55.99682534,
277,54.50655502,
278,54.16590027,
279,52.34415424,
280,50.02349304,
281,48.65517775,
282,48.12712865,
283,47.30344752,
284,45.45297725,
285,42.67407076,
286,42.53585357,
287,41.07178777,
288,39.560834,
289,36.80352419,
290,35.54719392,
291,35.13457385,
292,34.68537051,
293,33.0647169,
294,31.95278,
295,30.6194218,
296,29.70653575,
297,29.79512313,
298,28.72774537,
299,26.82700269,
300,25.45595791,
301,25.09003069,
302,24.19975247,
303,22.96284961,
304,21.89574483,
305,20.52125716,
306,20.11342991,
307,20.02240188,
308,19.3698166,
309,18.6009417,
310,18.38103834,
311,18.15470013,
312,18.05772073,
313,18.13645917,
314,18.29826822,
315,18.50199939,
316,19.32059839,
317,20.1460365,
318,20.67367971,
319,21.92507946,
320,22.26111304,
321,22.6914433,
322,23.21343721,
323,24.00773771,
324,25.24175442,
325,26.3192855,
326,27.5326175,
327,28.34798703,
328,29.7021118,
329,31.7248925,
330,33.61758173,
331,33.92261433,
332,34.88496547,
333,36.57497889,
334,38.88583204,
335,40.43041231,
336,40.61275826,
337,42.15532477,
338,44.15330693,
339,45.9197035,
340,46.67145786,
341,47.61378397,
342,48.93443805,
343,51.26882107,
344,53.60769692,
345,54.06596484,
346,55.33145865,
347,58.04182027,
348,59.9564367,
349,61.22633169,
350,61.52042161,
351,62.78279685,
352,63.95014678,
353,65.81417496,
354,66.52061956,
355,66.89630054,
356,67.31867934,
357,68.71593248,
358,70.34354418,
359,71.73307189,
360,71.56809189,
361,72.78162981,
362,73.96595094,
363,75.2529752,
364,75.61396827,
365,75.79179344,
366,76.10970489,
367,76.82177198,
368,77.62388276,
369,79.28388312,
370,80.53712153,
371,81.14184293,
372,82.07719074,
373,83.17627092,
374,84.91254753,
375,86.14914882,
376,86.93240624,
377,87.11126261,
378,88.19165808,
379,89.66470066,
380,91.05612187,
381,91.74656166,
382,92.24088689,
383,93.32201789,
384,94.26528734,
385,95.26376206,
386,96.32183436,
387,96.54046272,
388,97.07556009,
389,98.5346354,
390,100.0568786,
391,101.1095829,
392,101.7640241,
393,102.9565891,
394,104.3195751,
395,105.740548,
396,106.6345445,
397,107.0589125,
398,108.6038281,
399,110.0785081,
400,111.9653934,
401,112.4716409,
402,112.5715642,
403,114.1973517,
404,115.9721867,
405,117.2620093,
406,118.3248699,
407,118.4485178,
408,118.6749858,
409,120.1935837,
410,121.2846281,
411,122.300903,
412,122.528231,
413,122.697453,
414,123.6545764,
415,124.7640441,
416,125.382217,
417,125.2497815,
418,125.4265539,
419,125.5019322,
420,125.8419562,
421,126.295781,
422,126.6465,
423,126.5881553,
424,127.3201393,
425,127.8784365,
426,128.8340139,
427,129.5047022,
428,130.1310387,
429,130.097511,
430,130.7150876,
431,132.1729841,
432,132.6190127,
433,133.0932377,
434,133.2863502,
435,134.1743423,
436,135.2385597,
437,136.217423,
438,136.6956693,
439,136.9443463,
440,137.4850033,
441,138.4642335,
442,138.9337321,
443,139.0094669,
444,139.4563549,
445,139.8368927,
446,140.1357888,
447,140.8017853,
448,141.334035,
449,141.4102658,
450,141.7385716,
451,142.2684561,
452,142.3480143,
453,142.7311443,
454,143.0057622,
455,143.9081485,
456,144.4769954,
457,144.7742625,
458,145.0045039,
459,144.8513544,
460,145.1931152,
461,145.5634462,
462,146.2448034,
463,146.5039896,
464,146.623678,
465,146.9198488,
466,147.1089283,
467,147.3330254,
468,147.3301398,
469,147.1360878,
470,146.7351203,
471,146.9316755,
472,147.0935889,
473,147.3122584,
474,147.4156282,
475,147.6156731,
476,147.6359218,
477,147.8882393,
478,147.6777337,
479,147.5231159,
480,147.2571367,
481,147.3379773,
482,147.3220046,
483,147.479934,
484,147.7219009,
485,147.8350676,
486,147.6493698,
487,147.6736751,
488,147.5104154,
489,147.2811305,
490,147.0403096,
491,146.7322635,
492,147.1231084,
493,146.9686173,
494,146.6210501,
495,146.3962433,
496,146.113219,
497,145.6568744,
498,144.6961133,
499,143.9970163,
500,143.1880152,
501,143.1913078,
502,142.9443064,
503,142.4199892,
504,142.0740108,
505,141.4593167,
506,141.0820062,
507,140.7822478,
508,140.1517341,
509,139.1817121,
510,138.1972894,
511,137.6954044,
512,137.4806263,
513,136.9672185,
514,135.8398106,
515,134.9848289,
516,134.7913656,
517,134.1175888,
518,133.2573458,
519,131.9711344,
520,131.0204477,
521,131.0342133,
522,130.5121524,
523,129.4265214,
524,128.5803291,
525,127.7770625,
526,127.6616588,
527,126.6388866,
528,125.3457673,
529,123.9317871,
530,123.7819972,
531,123.6380503,
532,122.6806926,
533,121.3158469,
534,120.0486347,
535,119.5626631,
536,118.853944,
537,117.0636582,
538,115.4014203,
539,114.5796809,
540,114.0511044,
541,113.5235835,
542,111.9173495,
543,110.3674709,
544,109.5301072,
545,108.9490812,
546,107.3412356,
547,105.3821674,
548,104.0861916,
549,103.3697585,
550,102.7089881,
551,101.1219106,
552,99.55974198,
553,97.97310472,
554,97.38169604,
555,95.80647718,
556,94.03918361,
557,91.82547005,
558,91.26888412,
559,90.84734686,
560,89.95178212,
561,87.86306933,
562,86.06482026,
563,84.35437384,
564,83.48356462,
565,82.18933403,
566,79.76120948,
567,77.84834604,
568,77.22210945,
569,76.47105678,
570,75.76402421,
571,74.14384558,
572,72.43814478,
573,71.77273768,
574,71.13823102,
575,69.72029434,
576,68.07405413,
577,67.00919667,
578,66.62195357,
579,65.83765246,
580,65.05526463,
581,63.50221678,
582,61.52830729,
583,60.78019485,
584,59.74969516,
585,59.64475434,
586,57.93918594,
587,56.33487159,
588,55.33165303,
589,54.35238824,
590,54.05811815,
591,52.7103311,
592,51.20353312,
593,49.14435338,
594,48.35767599,
595,48.13852707,
596,47.25395733,
597,45.87374849,
598,44.5225222,
599,43.77454664,
600,42.81671263,
601,42.40352938,
602,40.66553244,
603,39.85078226,
604,38.85798585,
605,38.48137039,
606,38.48991766,
607,38.00869695,
608,37.24327522,
609,36.4677736,
610,36.221703,
611,36.0936416,
612,35.65974058,
613,35.23787173,
614,34.8821652,
615,34.71444645,
616,34.64206903,
617,35.07113624,
618,35.20410668,
619,35.68770093,
620,35.94530679,
621,36.02443696,
622,36.88490556,
623,37.79922963,
624,38.43465113,
625,38.87421466,
626,39.23000402,
627,39.69279763,
628,41.00492388,
629,42.28171815,
630,42.81199781,
631,43.20213442,
632,43.81728027,
633,45.47865995,
634,46.67991309,
635,47.69762351,
636,48.15856202,
637,48.8344684,
638,49.8906418,
639,51.23130552,
640,52.51875554,
641,53.88514467,
642,54.42340663,
643,55.39364578,
644,56.76372784,
645,57.52300322,
646,58.38912815,
647,59.010465,
648,59.92435538,
649,60.70668914,
650,61.72172018,
651,61.84677262,
652,63.15235735,
653,63.88554729,
654,63.99397691,
655,63.90203537,
656,64.32745059,
657,64.65409437,
658,64.88053634,
659,65.55147786,
660,66.72957731,
661,68.00428206,
662,68.43791607,
663,69.75750472,
664,70.16064676,
665,71.01688358,
666,72.53776404,
667,73.54516799,
668,75.04728912,
669,75.07651994,
670,75.7311564,
671,77.44067737,
672,79.78781457,
673,81.1165437,
674,81.58531946,
675,83.0044333,
676,84.2788863,
677,85.80418871,
678,87.50244808,
679,88.06862761,
680,88.57281316,
681,90.26626522,
682,92.19520626,
683,93.98384983,
684,94.61287259,
685,95.12162935,
686,95.99541677,
687,97.98925116,
688,99.83952934,
689,100.5896768,
690,101.557526,
691,102.4600416,
692,104.0450524,
693,105.8131289,
694,107.2370167,
695,107.6152117,
696,108.3989388,
697,109.5037105,
698,110.8632483,
699,112.7685806,
700,113.6097117,
701,114.1937357,
702,114.9174646,
703,116.2473836,
704,117.5017622,
705,118.0568822,
706,118.4597647,
707,119.6462468,
708,120.9321397,
709,121.954278,
710,122.5502532,
711,123.3829565,
712,123.9382887,
713,125.1997363,
714,126.1559407,
715,127.0077088,
716,127.332684,
717,127.471743,
718,128.0501852,
719,129.2854877,
720,129.8996043,
721,130.0713611,
722,130.4257664,
723,131.2439577,
724,132.413161,
725,133.5435004,
726,133.9395258,
727,134.2178592,
728,134.9692442,
729,135.6517338,
730,137.0402599,
731,137.3191217,
732,137.9277519,
733,139.1442776,
734,140.0118146,
735,140.9218661,
736,141.3468679,
737,141.570453,
738,142.51621,
739,143.533191,
740,143.8732413,
741,144.4449984,
742,145.1778088,
743,145.9126066,
744,146.4453522,
745,146.4849767,
746,146.5712454,
747,147.2321957,
748,147.9383256,
749,147.9719725,
750,148.2557797,
751,148.9161478,
752,149.9096308,
753,150.6555253,
754,151.023231,
755,150.9378688,
756,150.946311,
757,151.837033,
758,152.2271598,
759,152.3627172,
760,152.786952,
761,153.3556825,
762,153.5000245,
763,153.4701909,
764,153.4665251,
765,153.2883507,
766,153.5690184,
767,153.6719315,
768,153.5659549,
769,153.7672793,
770,153.8030049,
771,153.3481846,
772,153.1568555,
773,152.6362458,
774,152.2508164,
775,152.252072,
776,151.4694903,
777,151.0627549,
778,150.4905677,
779,149.8708736,
780,149.7417147,
781,149.757647,
782,149.031184,
783,148.2708779,
784,147.6632538,
785,147.2867966,
786,146.6327096,
787,145.6941587,
788,145.034127,
789,144.5709312,
790,144.5887214,
791,144.4221511,
792,143.9583676,
793,143.6305136,
794,143.0260286,
795,142.2133026,
796,141.7780175,
797,140.934371,
798,139.9081172,
799,138.587239,
800,138.2702309,
801,137.9480519,
802,137.3459781,
803,136.5098638,
804,135.9483459,
805,135.3827794,
806,134.9132268,
807,134.1633108,
808,132.8307829,
809,131.4329628,
810,130.409128,
811,130.2885106,
812,129.5971926,
813,128.2417884,
814,126.7770297,
815,125.6354916,
816,125.4699534,
817,124.1660049,
818,122.255266,
819,120.8676193,
820,120.3017646,
821,120.0001969,
822,119.1852765,
823,117.4233745,
824,116.8759525,
825,115.8689148,
826,115.2374941,
827,114.2787557,
828,113.0507538,
829,111.4760079,
830,110.2800369,
831,109.576904,
832,109.0502059,
833,107.945271,
834,107.0538323,
835,105.5196252,
836,104.8216812,
837,104.5529161,
838,102.6172213,
839,100.8296817,
840,98.73590183,
841,98.08092004,
842,97.96765015,
843,96.59558631,
844,94.5381275,
845,92.21359836,
846,91.87377812,
847,91.18593303,
848,90.03914756,
849,87.59730045,
850,85.47069037,
851,85.51555073,
852,84.58169118,
853,83.97690019,
854,82.56038418,
855,81.598748,
856,80.6154288,
857,80.67965606,
858,79.67430567,
859,78.33167089,
860,76.50718135,
861,75.66812406,
862,75.58978582,
863,74.3810492,
864,72.93786417,
865,70.65673381,
866,69.01109258,
867,68.13791846,
868,68.01233022,
869,66.98640147,
870,65.72896667,
871,63.21388524,
872,61.80488158,
873,61.77481452,
874,60.9619091,
875,59.72927101,
876,57.37810875,
877,54.83315936,
878,54.72173192,
879,54.31190668,
880,52.49532363,
881,51.31449609,
882,49.84555493,
883,49.73644438,
884,48.23438521,
885,46.70252632,
886,45.54096494,
887,45.24231364,
888,45.11482173,
889,44.66221561,
890,44.26374543,
891,42.3570446,
892,42.22527717,
893,41.87868214,
894,41.27999747,
895,40.80690996,
896,39.91383782,
897,39.38702748,
898,39.11890966,
899,39.49196512,
900,38.88578796,
901,38.68045456,
902,39.06934894,
903,38.80731832,
904,38.9656253,
905,39.30670947,
906,39.9338752,
907,40.18959299,
908,40.62137093,
909,41.32200471,
910,42.12092522,
911,42.64451979,
912,42.78479281,
913,43.25773459,
914,44.65372003,
915,45.71523116,
916,47.06107006,
917,46.98220966,
918,48.02336267,
919,49.81238103,
920,51.22286525,
921,52.11274172,
922,52.27863399,
923,53.06253613,
924,54.63103353,
925,56.02056438,
926,57.31645151,
927,58.05275558,
928,58.27771036,
929,60.01583293,
930,61.62646209,
931,63.42510349,
932,64.56112679,
933,64.80151886,
934,66.35558826,
935,68.31579471,
936,70.10270581,
937,70.87156078,
938,71.75113033,
939,74.00858126,
940,76.03283551,
941,77.69917369,
942,78.1841283,
943,78.67161215,
944,80.6651445,
945,82.65521949,
946,83.76834348,
947,84.22496761,
948,85.17080982,
949,87.0879583,
950,89.21492998,
951,90.19200017,
952,90.59910169,
953,91.83911355,
954,92.90238339,
955,93.49923651,
956,95.21581389,
957,95.91376763,
958,96.07622547,
959,97.00343444,
960,98.91053025,
961,101.0525225,
962,101.8008025,
963,102.2523822,
964,103.4861123,
965,104.8263028,
966,106.8237688,
967,107.7313998,
968,108.0192992,
969,109.4210288,
970,111.4389389,
971,112.5617466,
972,113.1089202,
973,113.7281544,
974,115.2488583,
975,117.4181205,
976,118.9449059,
977,119.1716322,
978,120.3220421,
979,121.9510733,
980,124.1175235,
981,124.7904707,
982,125.290345,
983,126.5598744,
984,127.8206017,
985,129.2500642,
986,129.8105004,
987,129.6200671,
988,129.7459335,
989,130.4073676,
990,131.1544981,
991,131.9005215,
992,131.9022726,
993,132.4215183,
994,133.1269887,
995,133.6674193,
996,134.1193579,
997,134.1904084,
998,134.1200644,
999,134.5692069,
1000,134.8739921,
1001,135.12055,
1002,135.0988355,
1003,135.2247571,
1004,135.3217278,
1005,135.1186217,
1006,135.1316054,
1007,134.757057,
1008,134.7509951,
1009,135.1236365,
1010,135.0956137,
1011,135.1828586,
1012,135.3617399,
1013,135.6126961,
1014,135.6505828,
1015,135.7503421,
1016,135.7374404,
1017,135.7723443,
1018,135.9981029,
1019,135.9244573,
1020,135.9877686,
1021,136.1862009,
1022,136.4025217,
1023,136.4804823,
1024,136.6127978,
1025,136.5670591,
1026,136.2836641,
1027,136.1196392,
1028,136.3294624,
1029,136.2170997,
1030,136.3917698,
1031,136.4373549,
1032,136.577135,
1033,136.2331582,
1034,136.1559032,
1035,135.7230296,
1036,135.6536527,
1037,135.9474808,
1038,135.9225799,
1039,135.9153283,
1040,135.9855832,
1041,136.2582593,
1042,136.0773365,
1043,136.1830164,
1044,135.9052455,
1045,135.4228841,
1046,135.1406578,
1047,134.7131136,
1048,134.5295495,
1049,134.5924358,
1050,134.7725303,
1051,134.8952484,
1052,134.9272876,
1053,134.7666241,
1054,134.6034035,
1055,134.3275059,
1056,134.0750647,
1057,134.0476232,
1058,133.9588038,
1059,133.7647673,
1060,133.6589062,
1061,133.4746536,
1062,133.2344309,
1063,132.9687813,
1064,132.6228999,
1065,131.9688264,
1066,131.4726687,
1067,131.2032865,
1068,131.1788048,
1069,130.5173811,
1070,130.0344692,
1071,129.5899,
1072,129.192618,
1073,128.938271,
1074,127.9368818,
1075,126.8378223,
1076,126.0961888,
1077,125.8919369,
1078,125.8024505,
1079,124.7760509,
1080,123.5058596,
1081,122.6760821,
1082,122.0295836,
1083,121.2196711,
1084,119.7849671,
1085,118.6293938,
1086,118.4273819,
1087,118.3195764,
1088,117.3739596,
1089,116.1335711,
1090,115.0233784,
1091,114.6164495,
1092,114.1643114,
1093,112.7715064,
1094,111.4250554,
1095,110.7010447,
1096,110.9860075,
1097,110.4893942,
1098,109.4446361,
1099,108.4238037,
1100,107.7930136,
1101,107.3856438,
1102,106.2484526,
1103,105.2548311,
1104,104.5329096,
1105,104.2816661,
1106,103.5771339,
1107,102.4389737,
1108,101.5359468,
1109,100.9798318,
1110,100.5828849,
1111,99.21573329,
1112,97.28013129,
1113,96.34738638,
1114,95.9571352,
1115,95.81883165,
1116,94.96119409,
1117,93.55263181,
1118,92.29055117,
1119,91.64126946,
1120,90.848115,
1121,89.68354154,
1122,87.19770136,
1123,85.57092285,
1124,85.2452858,
1125,85.31869921,
1126,83.94396772,
1127,82.16915483,
1128,80.60257594,
1129,80.12849746,
1130,79.51434035,
1131,78.27320269,
1132,76.7453413,
1133,74.75653282,
1134,73.95719595,
1135,73.88263473,
1136,73.1288028,
1137,72.025008,
1138,70.05516908,
1139,68.57806636,
1140,68.2273467,
1141,67.28104368,
1142,65.69159673,
1143,63.86504521,
1144,62.00687729,
1145,61.07261567,
1146,60.41277065,
1147,59.28195442,
1148,57.26495393,
1149,56.07047224,
1150,55.60144573,
1151,54.24052369,
1152,52.11362313,
1153,49.46912399,
1154,48.43411342,
1155,48.36363879,
1156,47.85200317,
1157,46.71526136,
1158,44.17314467,
1159,42.37757608,
1160,41.59469722,
1161,40.57678464,
1162,39.25766797,
1163,36.51709747,
1164,35.09029288,
1165,34.22226056,
1166,33.94232051,
1167,31.78220622,
1168,30.09269871,
1169,28.56170241,
1170,28.03095318,
1171,26.95290417,
1172,24.99818384,
1173,24.07652421,
1174,23.54741998,
1175,22.60674109,
1176,22.38797145,
1177,21.84241935,
1178,20.33283156,
1179,19.42968361,
1180,18.28415576,
1181,17.70334226,
1182,17.62149154,
1183,17.24451412,
1184,16.76074476,
1185,15.98497184,
1186,15.7564792,
1187,15.83319873,
1188,15.75110986,
1189,15.85823969,
1190,15.92474878,
1191,16.09364568,
1192,16.29173011,
1193,16.90683538,
1194,17.56328648,
1195,18.7217597,
1196,19.70811582,
1197,20.23259563,
1198,21.24279954,
1199,21.68464427,
1200,23.37370296,
1201,24.48601024,
1202,25.1195279,
1203,25.72515182,
1204,27.81320254,
1205,29.11881186,
1206,30.59018278,
1207,31.29932614,
1208,32.14586489,
1209,33.51506276,
1210,35.84159975,
1211,37.72763593,
1212,38.3603379,
1213,39.52819066,
1214,42.02596967,
1215,44.16555756,
1216,44.52419319,
1217,45.00792616,
1218,46.56274687,
1219,48.74635776,
1220,50.16165841,
1221,51.14336911,
1222,52.05850049,
1223,53.9032239,
1224,55.67658333,
1225,57.60819463,
1226,57.98111078,
1227,58.67521899,
1228,59.92271802,
1229,60.82779118,
1230,62.10209508,
1231,62.48020872,
1232,63.19517458,
1233,63.64797651,
1234,65.63824892,
1235,66.84230256,
1236,68.14181088,
1237,68.92028355,
1238,69.54953013,
1239,71.43026969,
1240,73.39447077,
1241,74.64405487,
1242,74.72756719,
1243,76.22678371,
1244,77.9146214,
1245,80.10100892,
1246,81.01944646,
1247,81.4298554,
1248,82.59845849,
1249,84.93155365,
1250,86.94636346,
1251,87.73228873,
1252,88.33702373,
1253,89.43099483,
1254,90.63797518,
1255,91.36192013,
1256,92.79367976,
1257,93.59057199,
1258,94.57871862,
1259,95.44668795,
1260,96.45625417,
1261,97.89127844,
1262,99.19249559,
1263,99.25417049,
1264,99.65181082,
1265,101.1303699,
1266,103.0893442,
1267,103.8754472,
1268,104.7839787,
1269,106.3807745,
1270,108.2453056,
1271,109.8341629,
1272,110.2081977,
1273,110.292024,
1274,111.5160823,
1275,113.5060983,
1276,115.2829173,
1277,115.7626561,
1278,116.6488703,
1279,118.3999228,
1280,120.2959662,
1281,121.3244319,
1282,121.7769632,
1283,123.7532881,
1284,125.4741289,
1285,126.5162494,
1286,126.5946906,
1287,127.2251418,
1288,128.5989756,
1289,129.8060183,
1290,130.9549709,
1291,130.6539182,
1292,131.0006627,
1293,131.8647733,
1294,132.2453579,
1295,132.8029458,
1296,133.027997,
1297,133.3857429,
1298,134.2468098,
1299,134.6252032,
1300,135.3154991,
1301,135.8057883,
1302,135.9837639,
1303,136.2013667,
1304,136.8235483,
1305,137.4304808,
1306,137.7096218,
1307,138.3949264,
1308,138.6262052,
1309,139.5646547,
1310,140.7251553,
1311,141.3406249,
1312,141.6128668,
1313,141.7347905,
1314,142.1893682,
1315,143.3752411,
1316,143.7014668,
1317,143.6364363,
1318,144.10801,
1319,144.3480888,
1320,144.9876884,
1321,145.7003064,
1322,145.8858339,
1323,145.6535324,
1324,145.6429794,
1325,146.1778844,
1326,146.3632151,
1327,146.4251643,
1328,146.7085354,
1329,146.827683,
1330,146.6532086,
1331,146.6372565,
1332,146.6154538,
1333,146.251777,
1334,145.7985891,
1335,145.4617624,
1336,145.3201067,
1337,145.3108188,
1338,145.4227367,
1339,145.3272737,
1340,145.1439264,
1341,144.9115688,
1342,144.7316681,
1343,144.5685957,
1344,144.3248649,
1345,143.8417713,
1346,143.5572055,
1347,143.6198415,
1348,143.548889,
1349,143.3691156,
1350,142.9013502,
1351,142.5798563,
1352,142.1633823,
1353,141.4188746,
1354,141.2433349,
1355,140.6958629,
1356,140.5907486,
1357,140.2507592,
1358,139.7380354,
1359,138.9131901,
1360,138.3517124,
1361,137.6323075,
1362,136.6708863,
1363,135.8946142,
1364,135.1973364,
1365,135.0138541,
1366,134.9250777,
1367,134.4059353,
1368,133.9184993,
1369,133.2140314,
1370,132.8778082,
1371,132.1904301,
1372,131.3032045,
1373,130.278952,
1374,128.9175778,
1375,128.7579781,
1376,128.7330669,
1377,128.5723997,
1378,127.5665528,
1379,126.6645937,
1380,125.4783423,
1381,125.6012223,
1382,124.3806479,
1383,122.7268816,
1384,121.4141948,
1385,120.513634,
1386,120.4656931,
1387,119.8773968,
1388,118.671852,
1389,118.0054003,
1390,117.2477118,
1391,116.5700833,
1392,115.8722635,
1393,114.6190065,
1394,113.0119305,
1395,112.3209959,
1396,111.6103799,
1397,111.2366745,
1398,110.0473079,
1399,108.7298188,
1400,107.5019233,
1401,107.3179733,
1402,106.143426,
1403,104.607466,
1404,103.3971,
1405,102.7823859,
1406,102.6749571,
1407,101.791439,
1408,100.7073575,
1409,99.73857681,
1410,98.44522954,
1411,98.02013373,
1412,96.77936339,
1413,95.70595178,
1414,94.58244095,
1415,94.03278753,
1416,93.14179117,
1417,92.09592283,
1418,91.01349125,
1419,89.96513223,
1420,88.95954667,
1421,88.81155084,
1422,87.54558041,
1423,85.66000356,
1424,83.1006741,
1425,82.63973362,
1426,82.13753722,
1427,81.01148207,
1428,79.71868733,
1429,77.38345371,
1430,76.25038166,
1431,75.565987,
1432,73.60569572,
1433,70.82931627,
1434,69.74359496,
1435,69.01824888,
1436,67.89135756,
1437,66.24695599,
1438,64.46669454,
1439,63.5922951,
1440,62.75279488,
1441,62.25928046,
1442,59.77858098,
1443,57.45367211,
1444,56.12638901,
1445,55.24620802,
1446,54.29985183,
1447,52.69766505,
1448,51.23156765,
1449,49.93450792,
1450,48.88628005,
1451,48.08586346,
1452,46.35813408,
1453,44.66000634,
1454,43.3517981,
1455,42.56344193,
1456,41.82495679,
1457,40.70681021,
1458,39.59991579,
1459,38.55841863,
1460,37.89055364,
1461,37.51411929,
1462,37.55766948,
1463,37.07929651,
1464,36.93417631,
1465,35.11726509,
1466,33.89188576,
1467,33.4718777,
1468,33.30237768,
1469,32.89033287,
1470,31.8043665,
1471,31.01528642,
1472,29.743141,
1473,28.82786414,
1474,28.64957743,
1475,28.36207903,
1476,27.54704891,
1477,26.44393885,
1478,25.42796694,
1479,25.41335045,
1480,24.80637493,
1481,24.4130511,
1482,23.57419388,
1483,23.00470471,
1484,22.69745958,
1485,22.68973067,
1486,22.84621521,
1487,22.9044471,
1488,22.63468024,
1489,22.83052631,
1490,22.71770666,
1491,22.64115114,
1492,22.61481571,
1493,23.06876573,
1494,23.74344244,
1495,24.36056964,
1496,24.5099926,
1497,25.58452944,
1498,26.49472704,
1499,27.46603553,
1500,27.43653282,
1501,27.88714911,
1502,28.79816332,
1503,30.05618581,
1504,31.59237356,
1505,32.55308057,
1506,32.72258434,
1507,33.98815296,
1508,35.68492139,
1509,37.30085131,
1510,38.22614858,
1511,38.5029174,
1512,39.58437581,
1513,41.79161243,
1514,43.42555017,
1515,44.34182985,
1516,44.60893283,
1517,46.01543057,
1518,48.14131446,
1519,50.67179353,
1520,51.15546108,
1521,52.02844858,
1522,53.26468528,
1523,55.33945507,
1524,57.43602544,
1525,58.75117503,
1526,58.78675315,
1527,60.51525572,
1528,63.45329394,
1529,64.60209729,
1530,65.40884706,
1531,66.56814368,
1532,68.42565963,
1533,70.85592571,
1534,73.10377353,
1535,73.3147009,
1536,74.09278413,
1537,76.8379742,
1538,78.91890736,
1539,79.17736279,
1540,80.07729804,
1541,81.3335571,
1542,83.44532442,
1543,85.00721482,
1544,85.59659238,
1545,86.02700581,
1546,87.5044324,
1547,89.36077384,
1548,90.96926288,
1549,91.14669029,
1550,92.09960949,
1551,93.19489753,
1552,94.88240025,
1553,96.48683478,
1554,96.95913431,
1555,97.26174056,
1556,98.16021406,
1557,100.0775655,
1558,101.6020112,
1559,101.7903611,
1560,102.3149324,
1561,103.1314312,
1562,104.5910603,
1563,105.8240365,
1564,106.2531191,
1565,106.5938722,
1566,106.9654155,
1567,107.86695,
1568,109.0303304,
1569,110.0959237,
1570,110.0562798,
1571,110.6234982,
1572,111.6392993,
1573,112.044555,
1574,113.2487461,
1575,114.381243,
1576,114.6227446,
1577,114.9853785,
1578,116.9473191,
1579,118.4743815,
1580,118.7598547,
1581,119.2052777,
1582,120.7264501,
1583,122.2891524,
1584,123.5861541,
1585,123.8032409,
1586,124.647486,
1587,125.7583236,
1588,127.142562,
1589,127.7315081,
1590,127.982955,
1591,128.4958573,
1592,129.6884915,
1593,130.8952241,
1594,131.1130749,
1595,131.1245688,
1596,131.3078062,
1597,132.0764968,
1598,132.6491982,
1599,133.0083338,
1600,133.8049436,
1601,134.0074608,
1602,134.0741457,
1603,133.9949673,
1604,134.1194718,
1605,133.8756961,
1606,134.0422331,
1607,133.956599,
1608,133.867563,
1609,134.0156382,
1610,134.1315888,
1611,134.2356193,
1612,134.4412723,
1613,134.5809389,
1614,134.7769319,
1615,135.2665082,
1616,136.0822026,
1617,135.8627215,
1618,135.7450291,
1619,135.8072721,
1620,135.8530892,
1621,135.9097977,
1622,135.7738566,
1623,136.2879785,
1624,136.9250659,
1625,137.5896845,
1626,137.6676519,
1627,137.3819883,
1628,137.5455596,
1629,137.8268174,
1630,138.1796032,
1631,138.2154684,
1632,138.4735053,
1633,138.7737373,
1634,138.9690461,
1635,138.9952273,
1636,138.9897287,
1637,138.6879808,
1638,138.8082546,
1639,139.0490077,
1640,138.9679071,
1641,139.3113825,
1642,139.1247944,
1643,138.9202243,
1644,138.8145985,
1645,138.0940683,
1646,137.722239,
1647,137.5240063,
1648,137.5704805,
1649,137.4950881,
1650,137.7991212,
1651,137.901162,
1652,137.9895068,
1653,137.8445124,
1654,137.9588523,
1655,137.7752699,
1656,137.5548581,
1657,137.8375461,
1658,137.75391,
1659,137.8973493,
1660,138.1649111,
1661,138.265692,
1662,138.2295952,
1663,138.1272275,
1664,137.9415806,
1665,137.620755,
1666,137.6317963,
1667,137.3415141,
1668,137.2696986,
1669,137.1907912,
1670,136.9180944,
1671,136.5748045,
1672,136.1628324,
1673,136.0410503,
1674,135.287408,
1675,134.6913203,
1676,133.8929555,
1677,133.5997221,
1678,133.3209901,
1679,132.6819874,
1680,132.1369636,
1681,131.3705588,
1682,131.3841372,
1683,130.2582227,
1684,128.8263756,
1685,128.1931784,
1686,127.8123994,
1687,127.8071972,
1688,127.1546516,
1689,126.3690585,
1690,125.5349324,
1691,125.459069,
1692,124.4192447,
1693,123.2396972,
1694,122.2950833,
1695,121.6001085,
1696,121.7136766,
1697,121.3989752,
1698,120.7241927,
1699,120.1569102,
1700,119.9959103,
1701,119.3455627,
1702,118.1148235,
1703,117.1161731,
1704,116.5923109,
1705,116.4497138,
1706,115.8945924,
1707,115.2145311,
1708,114.3433561,
1709,113.7134069,
1710,113.3381321,
1711,112.2670726,
1712,111.2103672,
1713,110.1293592,
1714,109.4467622,
1715,109.0870154,
1716,107.9346502,
1717,106.859826,
1718,105.823787,
1719,105.1549531,
1720,104.8008215,
1721,103.7778812,
1722,102.9117759,
1723,101.9844891,
1724,100.5294783,
1725,100.0009134,
1726,99.47619538,
1727,97.8119459,
1728,96.19940298,
1729,95.07849115,
1730,94.41433546,
1731,94.31224096,
1732,92.85642114,
1733,91.74597213,
1734,89.84784571,
1735,88.71185644,
1736,88.10785829,
1737,86.67762065,
1738,84.20994104,
1739,82.52659638,
1740,82.10850195,
1741,80.83668952,
1742,78.03087721,
1743,76.21561348,
1744,75.25122607,
1745,74.9089572,
1746,73.84072346,
1747,72.0637371,
1748,69.66380423,
1749,68.73146867,
1750,67.93412216,
1751,66.26423172,
1752,64.32061037,
1753,62.64031467,
1754,61.60084152,
1755,61.24893336,
1756,60.00521146,
1757,57.48875644,
1758,55.53425968,
1759,54.60578318,
1760,53.80308637,
1761,51.6375707,
1762,49.73624075,
1763,48.12519063,
1764,47.50182308,
1765,46.78422147,
1766,45.04957529,
1767,43.20603042,
1768,42.06440487,
1769,41.69213801,
1770,40.6803788,
1771,39.45376379,
1772,38.26121338,
1773,35.85610949,
1774,35.76766157,
1775,35.14268425,
1776,34.74777431,
1777,33.66091069,
1778,32.50000215,
1779,31.73183422,
1780,31.40315369,
1781,31.13255984,
1782,30.62151293,
1783,29.67326021,
1784,29.15166125,
1785,28.61741814,
1786,27.76047516,
1787,26.97707733,
1788,25.9208951,
1789,25.18173322,
1790,24.81039502,
1791,24.70639948,
1792,24.88462715,
1793,24.55253105,
1794,23.85168427,
1795,23.6147756,
1796,23.35780921,
1797,23.17005352,
1798,22.99049848,
1799,22.88496011,
1800,22.9210613,
1801,23.0505424,
1802,23.28549185,
1803,23.58498766,
1804,24.49794677,
1805,25.06186213,
1806,25.60131184,
1807,26.30790546,
1808,26.39551957,
1809,26.91197179,
1810,28.08920835,
1811,28.81131268,
1812,29.22045119,
1813,29.84749418,
1814,30.42917872,
1815,30.97570686,
1816,31.91554765,
1817,33.3050091,
1818,33.86648892,
1819,34.09787535,
1820,34.65683728,
1821,35.83835348,
1822,37.5859875,
1823,38.6060898,
1824,39.46128117,
1825,39.83648323,
1826,41.60861109,
1827,43.34740625,
1828,45.18466639,
1829,45.47153834,
1830,46.4897259,
1831,47.98272466,
1832,50.06828896,
1833,51.36770173,
1834,51.80626807,
1835,53.29654545,
1836,55.29312057,
1837,57.17236949,
1838,58.02386521,
1839,58.63841916,
1840,60.2026558,
1841,62.1249003,
1842,64.10277788,
1843,64.89575963,
1844,65.31101293,
1845,67.0484956,
1846,69.74339588,
1847,71.24449639,
1848,71.36505788,
1849,72.02574069,
1850,74.26858903,
1851,75.89182726,
1852,76.40225285,
1853,76.77832434,
1854,77.74367635,
1855,79.41723821,
1856,81.21650408,
1857,81.28737071,
1858,81.66587916,
1859,83.00024581,
1860,84.49996248,
1861,85.32138455,
1862,86.99326961,
1863,87.62085045,
1864,87.76212113,
1865,89.17886706,
1866,90.96607528,
1867,92.51985074,
1868,93.48052279,
1869,93.8361211,
1870,94.96948238,
1871,97.02970273,
1872,98.1598895,
1873,99.19767956,
1874,99.46278272,
1875,100.0909837,
1876,102.0494691,
1877,103.1198353,
1878,103.9574216,
1879,104.4839029,
1880,105.1691546,
1881,105.7282858,
1882,106.2769459,
1883,106.7563752,
1884,107.1783189,
1885,107.4172624,
1886,107.5150642,
1887,109.1246985,
1888,110.1611171,
1889,110.5979687,
1890,111.5871485,
1891,112.1876151,
1892,113.3360076,
1893,113.9684496,
1894,114.1164437,
1895,114.3855686,
1896,114.8651236,
1897,115.779145,
1898,116.656153,
1899,116.768306,
1900,117.4939929,
1901,117.6701376,
1902,118.0889594,
1903,118.5656417,
1904,118.9602357,
1905,119.3058346,
1906,119.8354975,
1907,120.7433269,
1908,121.3850468,
1909,121.5002325,
1910,122.4728231,
1911,123.3354766,
1912,124.3723106,
1913,125.0018727,
1914,125.4437664,
1915,125.5365774,
1916,126.5501183,
1917,127.3963429,
1918,127.8421572,
1919,128.1019215,
1920,128.7886399,
1921,129.7422258,
1922,130.6026761,
1923,130.7873426,
1924,130.8908248,
1925,132.0737925,
1926,132.5670342,
1927,132.8856557,
1928,133.4164135,
1929,133.9516602,
1930,134.60582,
1931,135.7083941,
1932,136.4500543,
1933,136.2405992,
1934,136.8570528,
1935,137.7854409,
1936,138.8570495,
1937,139.1023551,
1938,139.4297346,
1939,140.431022,
1940,140.8571415,
1941,141.1269851,
1942,141.0109982,
1943,140.9367403,
1944,140.7069224,
1945,141.0343687,
1946,141.2421567,
1947,141.4563495,
1948,141.6248183,
1949,141.786175,
1950,141.8316521,
1951,141.7862702,
1952,141.6081037,
1953,141.1200308,
1954,140.5067804,
1955,140.5379899,
1956,140.4717706,
1957,140.4695982,
1958,140.3802765,
1959,139.9286909,
1960,139.8113608,
1961,139.6263925,
1962,139.4370512,
1963,138.64277,
1964,138.2703986,
1965,137.8982183,
1966,137.9337581,
1967,138.0154015,
1968,137.6462888,
1969,137.43197,
1970,137.0725181,
1971,137.0184746,
1972,136.4295898,
1973,135.86985,
1974,135.7813617,
1975,135.7627481,
1976,135.7018625,
1977,135.8152432,
1978,135.7676533,
1979,135.451288,
1980,135.2940038,
1981,135.0992959,
1982,135.0525175,
1983,133.525015,
1984,134.5485023,
1985,134.3478688,
1986,134.1602206,
1987,133.9619969,
1988,133.6252561,
1989,133.1466099,
1990,132.7121637,
1991,132.6005355,
1992,131.798623,
1993,130.8053243,
1994,130.0901014,
1995,129.2927443,
1996,129.1685492,
1997,128.4462297,
1998,126.8564523,
1999,126.0204172,
2000,125.213086,
2001,124.7155249,
2002,123.4307569,
2003,122.1548591,
2004,121.4544858,
2005,120.7680638,
2006,120.1797077,
2007,118.9086693,
2008,117.5880348,
2009,115.9478801,
2010,115.5145315,
2011,114.7227699,
2012,112.4647933,
2013,110.811351,
2014,109.7616823,
2015,109.4430316,
2016,108.175232,
2017,106.1654988,
2018,104.344867,
2019,103.6787942,
2020,102.6155204,
2021,100.6347709,
2022,99.16254109,
2023,97.59308962,
2024,97.20779653,
2025,96.57790547,
2026,95.31730498,
2027,93.64026307,
2028,92.39041686,
2029,91.44133709,
2030,90.76479961,
2031,88.72701704,
2032,86.2257343,
2033,84.81423776,
2034,83.69672991,
2035,83.18045722,
2036,81.29076889,
2037,78.85845519,
2038,76.7434913,
2039,76.81304263,
2040,75.58991968,
2041,74.04297682,
2042,71.95121115,
2043,71.02710786,
2044,69.81286233,
2045,68.76821018,
2046,66.50468829,
2047,64.46172777,
2048,63.93352064,
2049,62.93551319,
2050,61.23959905,
2051,59.04188493,
2052,56.75361467,
2053,57.16421909,
2054,55.87015972,
2055,53.93198803,
2056,51.93233821,
2057,50.6549691,
2058,50.18211808,
2059,48.55356771,
2060,47.23416912,
2061,45.99631884,
2062,44.26291042,
2063,44.24026574,
2064,43.12717497,
2065,41.64593244,
2066,38.96411897,
2067,38.00824824,
2068,37.40931096,
2069,36.74585391,
2070,34.50057231,
2071,32.76505174,
2072,31.6904973,
2073,30.93895255,
2074,29.32694914,
2075,27.44170858,
2076,25.93448962,
2077,25.17991581,
2078,24.32144829,
2079,23.22846354,
2080,21.41190526,
2081,20.69590847,
2082,20.4893115,
2083,20.05240186,
2084,19.5562068,
2085,18.61401348,
2086,18.37247446,
2087,18.01246504,
2088,18.34602788,
2089,18.59259259,
2090,18.85420509,
2091,19.15015683,
2092,19.54897057,
2093,19.6944813,
2094,19.87476786,
2095,20.95123928,
2096,21.71129406,
2097,22.65165874,
2098,22.84675541,
2099,23.55858144,
2100,24.81006081,
2101,25.81845916,
2102,27.61472398,
2103,28.10799023,
2104,28.47092184,
2105,29.35534244,
2106,30.34920318,
2107,31.84638104,
2108,32.92705147,
2109,33.63328902,
2110,33.80877033,
2111,35.99508864,
2112,37.43768996,
2113,38.54837356,
2114,39.67080757,
2115,40.15874707,
2116,41.15472149,
2117,43.09618966,
2118,44.319098,
2119,46.25170871,
2120,47.07358587,
2121,47.83373581,
2122,49.94352633,
2123,52.17933944,
2124,53.05915881,
2125,53.75171542,
2126,54.61902583,
2127,55.40454026,
2128,57.38621731,
2129,58.18231457,
2130,58.77316839,
2131,59.28030328,
2132,60.23768085,
2133,62.6322326,
2134,63.91068948,
2135,64.46817831,
2136,65.0858443,
2137,66.33786555,
2138,67.75074024,
2139,68.89764249,
2140,69.93062805,
2141,71.01896363,
2142,71.51876239,
2143,73.76352664,
2144,75.26022453,
2145,76.2566946,
2146,76.58736539,
2147,77.48110918,
2148,79.73512194,
2149,81.70380379,
2150,83.14588199,
2151,83.5552435,
2152,84.60927762,
2153,86.07413238,
2154,87.7207949,
2155,88.75059697,
2156,89.33129116,
2157,90.23752504,
2158,91.87280682,
2159,93.42746697,
2160,94.45917484,
2161,95.20919164,
2162,96.48052533,
2163,98.61744873,
2164,99.3305456,
2165,100.1448142,
2166,101.1465377,
2167,102.4014556,
2168,104.5032539,
2169,105.3917269,
2170,106.2561705,
2171,106.4851225,
2172,108.0227617,
2173,109.6991901,
2174,111.215327,
2175,111.9735456,
2176,112.6036208,
2177,113.0657762,
2178,113.9892509,
2179,114.5742349,
2180,115.1836103,
2181,115.290036,
2182,115.4582022,
2183,115.8595006,
2184,116.6951586,
2185,117.8335286,
2186,118.7350891,
2187,119.2288341,
2188,120.1934071,
2189,121.259164,
2190,122.6178738,
2191,123.3318959,
2192,123.4477588,
2193,123.9960215,
2194,125.2278571,
2195,126.4217938,
2196,127.2054039,
2197,127.4438972,
2198,128.7548883,
2199,130.1463206,
2200,131.5031948,
2201,131.9134887,
2202,132.0194786,
2203,133.1668388,
2204,134.5052775,
2205,135.2684195,
2206,135.7030139,
2207,136.2047933,
2208,137.3308276,
2209,138.1979855,
2210,138.6006491,
2211,138.9702414,
2212,138.921278,
2213,139.3539591,
2214,140.4619632,
2215,141.3895987,
2216,141.512477,
2217,142.2414972,
2218,143.4266845,
2219,144.4639661,
2220,145.0275177,
2221,145.4591602,
2222,145.6663165,
2223,146.8864094,
2224,148.0133073,
2225,148.6368294,
2226,148.8243609,
2227,149.970432,
2228,150.96254,
2229,151.9107302,
2230,152.3208489,
2231,151.9273469,
2232,152.3481158,
2233,153.233871,
2234,153.8693377,
2235,154.014799,
2236,154.2673425,
2237,154.6866362,
2238,155.3115596,
2239,156.0762076,
2240,156.5897011,
2241,156.5631594,
2242,157.35568,
2243,158.0510626,
2244,158.4233757,
2245,158.6858051,
2246,159.0327858,
2247,159.5942411,
2248,160.1325486,
2249,160.4566263,
2250,160.3889645,
2251,159.9350154,
2252,159.8446102,
2253,159.7292687,
2254,159.80251,
2255,159.7575582,
2256,159.6891138,
2257,159.4341267,
2258,159.2289368,
2259,159.0642345,
2260,159.0194107,
2261,158.5879659,
2262,158.5421511,
2263,158.2764363,
2264,158.1506813,
2265,158.0352058,
2266,158.0357005,
2267,157.6316604,
2268,157.2352339,
2269,156.8739153,
2270,156.697362,
2271,156.1486488,
2272,155.629741,
2273,155.093915,
2274,155.0084622,
2275,155.0682857,
2276,155.1384865,
2277,154.4550452,
2278,154.1828204,
2279,153.4974898,
2280,153.6072739,
2281,152.8043871,
2282,151.9831892,
2283,151.3602808,
2284,151.1215055,
2285,151.1988614,
2286,151.1617793,
2287,150.1917057,
2288,149.2628476,
2289,148.7362765,
2290,148.117603,
2291,147.0920375,
2292,145.8802509,
2293,144.9109977,
2294,144.5736854,
2295,144.4175174,
2296,143.7718293,
2297,142.1979803,
2298,141.1779339,
2299,140.5449556,
2300,139.8290851,
2301,138.5774925,
2302,137.3812338,
2303,136.3562227,
2304,136.3327615,
2305,135.7814475,
2306,135.0625853,
2307,134.0261736,
2308,133.9231134,
2309,133.3196087,
2310,132.2020449,
2311,131.0923774,
2312,130.1733577,
2313,130.2217918,
2314,130.0744739,
2315,129.0605438,
2316,128.0542825,
2317,127.6316416,
2318,126.9586868,
2319,125.9176815,
2320,124.5863284,
2321,123.7991637,
2322,123.8281392,
2323,123.5081736,
2324,122.643354,
2325,122.1089544,
2326,121.7291957,
2327,121.3997272,
2328,121.1719739,
2329,121.1473417,
2330,121.1487124,
2331,120.853977,
2332,120.7878475,
2333,120.5575697,
2334,120.5983441,
2335,120.5203912,
2336,120.6191316,
2337,120.4850205,
2338,119.7318292,
2339,117.8118464,
2340,116.9886509,
2341,115.9507622,
2342,115.4640717,
2343,115.4927076,
2344,115.1751514,
2345,114.6391324,
2346,113.1383105,
2347,111.4867359,
2348,110.8067768,
2349,110.1380266,
2350,109.5458804,
2351,108.7996668,
2352,107.0667799,
2353,105.1672278,
2354,104.5614985,
2355,104.0483765,
2356,102.6234386,
2357,101.568119,
2358,100.1898851,
2359,98.98121892,
2360,98.4754104,
2361,97.68510431,
2362,96.24305496,
2363,95.03651673,
2364,94.55668308,
2365,93.77841272,
2366,92.96810561,
2367,91.72843198,
2368,90.19208951,
2369,89.12357956,
2370,88.51881103,
2371,88.09202264,
2372,88.32241076,
2373,88.34283373,
2374,87.42906011,
2375,87.05963618,
2376,86.23374893,
2377,84.94398485,
2378,84.47071868,
2379,83.73041756,
2380,82.51299314,
2381,81.5532353,
2382,80.22373265,
2383,78.89844695,
2384,77.75321068,
2385,77.36100351,
2386,76.43938526,
2387,75.77982051,
2388,74.95052694,
2389,72.83570296,
2390,70.82028117,
2391,70.47841119,
2392,69.59227141,
2393,68.54181551,
2394,66.8170111,
2395,65.05525776,
2396,64.5890665,
2397,63.79386267,
2398,62.94914876,
2399,61.41368168,
2400,59.6931997,
2401,58.58567723,
2402,58.28046823,
2403,57.66270458,
2404,55.82720314,
2405,54.10047702,
2406,53.40722479,
2407,53.31817815,
2408,52.82759939,
2409,51.63458315,
2410,50.20507011,
2411,49.4068751,
2412,49.24797563,
2413,48.96361144,
2414,48.66416832,
2415,47.729626,
2416,46.78410794,
2417,46.45259618,
2418,46.35618639,
2419,46.41879525,
2420,46.1756647,
2421,46.16572528,
2422,46.12497899,
2423,46.31749675,
2424,46.2997273,
2425,46.69949572,
2426,47.10630008,
2427,47.47846117,
2428,47.46528595,
2429,47.36713459,
2430,47.65680165,
2431,48.01470302,
2432,48.65496022,
2433,49.00437783,
2434,49.7018188,
2435,49.77127069,
2436,50.00480579,
2437,50.16357396,
2438,50.63778767,
2439,51.18123601,
2440,51.92382801,
2441,52.51506494,
2442,52.92963567,
2443,53.21640098,
2444,53.39928835,
2445,53.73782827,
2446,54.60689434,
2447,54.90053886,
2448,55.72704822,
2449,56.04981953,
2450,56.69926585,
2451,57.22594044,
2452,57.59438278,
2453,58.83654965,
2454,59.78421739,
2455,60.85931104,
2456,61.65889032,
2457,62.52142271,
2458,62.9015656,
2459,63.3788927,
2460,63.91028572,
2461,64.755631,
2462,65.10956738,
2463,65.30283672,
2464,66.18034093,
2465,66.54754762,
2466,67.28697328,
2467,67.74549834,
2468,68.30151802,
2469,69.11854716,
2470,69.90339572,
2471,70.43329127,
2472,70.93527909,
2473,71.66739544,
2474,72.18464866,
2475,72.43697388,
2476,72.5338076,
2477,72.92652092,
2478,73.38671307,
2479,73.75179344,
2480,74.69685673,
2481,75.44048841,
2482,76.24930036,
2483,76.32755921,
2484,76.73880472,
2485,77.33247336,
2486,78.30593415,
2487,79.30108969,
2488,79.6402074,
2489,79.98931919,
2490,80.76200907,
2491,81.96252201,
2492,83.55545961,
2493,84.33517592,
2494,85.08194133,
2495,85.52034657,
2496,86.35159675,
2497,88.11508525,
2498,89.45918428,
2499,90.38653488,
2500,91.17505798,
2501,91.59349457,
2502,93.17285806,
2503,94.41759895,
2504,95.13143719,
2505,96.9804886,
2506,97.43200194,
2507,98.18920094,
2508,99.27465779,
2509,100.6090912,
2510,102.5813639,
2511,103.0526873,
2512,103.9618224,
2513,106.3502518,
2514,108.0383395,
2515,109.6855808,
2516,110.005496,
2517,110.3664794,
2518,112.3748145,
2519,114.4017408,
2520,116.1812829,
2521,116.5405607,
2522,117.0911454,
2523,118.6336968,
2524,120.4929228,
2525,119.9662306,
2526,121.7556677,
2527,122.3520632,
2528,123.353135,
2529,124.4186236,
2530,125.7761642,
2531,126.2177552,
2532,126.1929124,
2533,127.0224427,
2534,127.8013693,
2535,129.0045876,
2536,130.0175411,
2537,130.4775662,
2538,131.4734823,
2539,131.8525065,
2540,132.4163822,
2541,133.1447932,
2542,133.6072641,
2543,133.6216872,
2544,133.8662553,
2545,134.0699857,
2546,134.4080161,
2547,135.1348883,
2548,135.6588033,
2549,135.8077952,
2550,136.408438,
2551,136.8283867,
2552,137.304565,
2553,138.3054719,
2554,139.3516102,
2555,140.0645357,
2556,140.2825712,
2557,140.844708,
2558,142.4480709,
2559,143.3874354,
2560,143.7537042,
2561,144.7220133,
2562,146.2910465,
2563,147.6091995,
2564,148.6903339,
2565,149.2662196,
2566,150.1672065,
2567,150.6633756,
2568,151.5536485,
2569,152.464341,
2570,152.7791985,
2571,153.173536,
2572,153.5975107,
2573,154.2969826,
2574,155.1030716,
2575,155.4472822,
2576,155.3860382,
2577,155.5662093,
2578,156.0986198,
2579,156.8295691,
2580,157.1113731,
2581,157.289706,
2582,157.6557428,
2583,157.7635208,
2584,158.1312788,
2585,158.4367545,
2586,158.6232441,
2587,158.7081274,
2588,158.9712985,
2589,159.6361447,
2590,159.7765823,
2591,160.3584974,
2592,160.7705314,
2593,161.2241919,
2594,161.7798877,
2595,161.7466575,
2596,161.9219045,
2597,162.059293,
2598,162.4851932,
2599,163.1149259,
2600,163.4370875,
2601,163.7864144,
2602,164.1891066,
2603,164.7204373,
2604,165.012311,
2605,165.2664554,
2606,165.6385315,
2607,166.1828913,
2608,166.6704087,
2609,166.6419043,
2610,167.0657744,
2611,167.7994835,
2612,168.4483071,
2613,168.9959984,
2614,169.2434876,
2615,169.5366444,
2616,169.8139888,
2617,170.7604839,
2618,171.1094358,
2619,171.6856295,
2620,172.2878523,
2621,172.475871,
2622,172.735102,
2623,172.5582532,
2624,172.6286538,
2625,172.6553583,
2626,173.0145885,
2627,173.2486951,
2628,173.6762902,
2629,173.5356141,
2630,173.3806564,
2631,173.518219,
2632,173.6695892,
2633,174.2058601,
2634,174.3695984,
2635,174.653757,
2636,175.0458659,
2637,174.9763842,
2638,174.8936445,
2639,174.8374851,
2640,174.6322536,
2641,174.6597903,
2642,174.3984993,
2643,173.8096599,
2644,173.7376712,
2645,173.5511915,
2646,173.2619051,
2647,173.2815178,
2648,173.0522765,
2649,172.3376514,
2650,171.7124016,
2651,171.3261296,
2652,171.0734815,
2653,170.5968847,
2654,170.1783399,
2655,169.486954,
2656,168.8461094,
2657,168.767089,
2658,168.1348783,
2659,167.1346922,
2660,166.3018889,
2661,165.8865712,
2662,165.5967287,
2663,164.6285621,
2664,163.6078801,
2665,162.09818,
2666,161.4741617,
2667,161.2578363,
2668,160.4441854,
2669,159.4867752,
2670,158.3386047,
2671,157.5241658,
2672,157.266747,
2673,156.2303548,
2674,154.2699775,
2675,152.727737,
2676,152.1512608,
2677,151.7835377,
2678,150.3496386,
2679,149.1085544,
2680,147.8971454,
2681,147.5038965,
2682,147.2506063,
2683,145.5234855,
2684,143.9451491,
2685,142.5593481,
2686,142.3249194,
2687,141.4119085,
2688,139.7184862,
2689,138.1892612,
2690,137.6245512,
2691,137.1033082,
2692,136.0364283,
2693,133.9813924,
2694,132.7552109,
2695,132.4645855,
2696,132.074555,
2697,131.1745159,
2698,129.790456,
2699,128.4756069,
2700,127.8631992,
2701,126.9309637,
2702,125.2566013,
2703,122.6841007,
2704,121.6063803,
2705,120.9640097,
2706,119.9503237,
2707,118.2931894,
2708,116.655985,
2709,115.7142104,
2710,115.5291136,
2711,113.7937276,
2712,112.2923782,
2713,110.4778909,
2714,109.7194768,
2715,109.2423365,
2716,108.2325002,
2717,106.4555455,
2718,104.4083449,
2719,103.2822933,
2720,103.0137862,
2721,101.8835649,
2722,99.60237531,
2723,97.85978662,
2724,96.80949701,
2725,96.75543775,
2726,95.61113751,
2727,93.71338034,
2728,91.60717491,
2729,90.10854764,
2730,89.85222601,
2731,88.753595,
2732,86.97525451,
2733,84.91649934,
2734,84.09056105,
2735,83.74902866,
2736,82.0368411,
2737,80.07390184,
2738,78.01787243,
2739,77.45789188,
2740,75.93756413,
2741,74.22358885,
2742,71.50373248,
2743,70.24665173,
2744,69.82997679,
2745,68.8130987,
2746,66.81740121,
2747,64.34922627,
2748,63.43608961,
2749,63.44751589,
2750,61.95782915,
2751,60.10258204,
2752,58.27392115,
2753,57.85763519,
2754,57.03760952,
2755,55.19665905,
2756,53.6333994,
2757,52.10454112,
2758,51.55404267,
2759,51.35221448,
2760,50.47769631,
2761,48.0112601,
2762,46.16550009,
2763,44.82332995,
2764,44.26314529,
2765,43.08313763,
2766,41.5304386,
2767,39.38359218,
2768,38.05084502,
2769,37.26799844,
2770,35.87670041,
2771,33.5416106,
2772,32.32733646,
2773,31.37564496,
2774,30.5789489,
2775,28.83728524,
2776,27.51542152,
2777,26.54256593,
2778,26.15538553,
2779,25.47685229,
2780,24.13532551,
2781,23.32533549,
2782,22.96451137,
2783,22.43671637,
2784,21.61471223,
2785,20.68377209,
2786,20.37148381,
2787,20.29702628,
2788,20.15895957,
2789,19.94794868,
2790,19.97612306,
2791,20.22622343,
2792,20.26458354,
2793,20.45818051,
2794,21.17722782,
2795,22.10407604,
2796,22.9920553,
2797,23.28187358,
2798,23.60738532,
2799,24.95156103,
2800,26.42090305,
2801,27.01550483,
2802,27.34440986,
2803,28.27352576,
2804,29.23479475,
2805,30.46938998,
2806,31.83759764,
2807,32.59332604,
2808,33.59275719,
2809,35.0736459,
2810,36.67676596,
2811,38.22048299,
2812,38.08881779,
2813,38.97512884,
2814,39.83106604,
2815,41.41913059,
2816,42.89414439,
2817,44.28673544,
2818,44.73482699,
2819,45.57401613,
2820,47.50027483,
2821,49.12529832,
2822,50.73663215,
2823,51.29942943,
2824,52.21074583,
2825,53.71054901,
2826,55.77667754,
2827,56.91115115,
2828,57.71687246,
2829,59.72828641,
2830,61.62464573,
2831,63.30548292,
2832,64.03034476,
2833,64.50013172,
2834,66.51291628,
2835,68.03143401,
2836,68.68341682,
2837,69.19712385,
2838,70.36167385,
2839,72.22193935,
2840,73.72131313,
2841,74.52172628,
2842,74.58610189,
2843,75.82897207,
2844,77.46334284,
2845,78.9124854,
2846,80.16177902,
2847,80.79700639,
2848,82.11545056,
2849,83.99190226,
2850,85.54481916,
2851,85.77375988,
2852,87.01688701,
2853,88.61450309,
2854,90.41198207,
2855,91.81919208,
2856,91.90638747,
2857,92.60480685,
2858,94.21700881,
2859,96.35969559,
2860,97.43525212,
2861,97.84395365,
2862,98.77110725,
2863,100.5185833,
2864,102.2682512,
2865,103.1420974,
2866,103.6121924,
2867,104.3134392,
2868,105.8793507,
2869,107.6064146,
2870,108.8431948,
2871,109.3910767,
2872,110.5307799,
2873,112.2140537,
2874,113.5269154,
2875,114.0931879,
2876,114.4185536,
2877,115.1852423,
2878,116.9471222,
2879,118.2665783,
2880,118.4134993,
2881,119.0094586,
2882,119.8989671,
2883,121.6658726,
2884,122.6189797,
2885,123.1066933,
2886,123.897529,
2887,125.6755982,
2888,126.7067249,
2889,127.2071368,
2890,127.472801,
2891,128.789387,
2892,129.8226077,
2893,130.9998686,
2894,131.6088886,
2895,132.1868174,
2896,132.815427,
2897,134.0442258,
2898,135.2260297,
2899,135.4435597,
2900,135.9746192,
2901,137.2074949,
2902,138.2604064,
2903,139.2845685,
2904,139.2743346,
2905,139.3390445,
2906,140.4890205,
2907,141.718506,
2908,142.221142,
2909,142.2829397,
2910,142.6734278,
2911,143.5095825,
2912,143.997664,
2913,144.3223906,
2914,144.3002794,
2915,144.3318268,
2916,144.9840688,
2917,144.9163924,
2918,145.1297656,
2919,145.309397,
2920,145.4530654,
2921,145.8214002,
2922,145.6457593,
2923,145.6092658,
2924,145.6513509,
2925,146.0416454,
2926,146.2541993,
2927,146.3113054,
2928,146.6601129,
2929,146.9927678,
2930,147.3749015,
2931,147.3370408,
2932,147.1692993,
2933,146.9986656,
2934,147.3629562,
2935,147.4251035,
2936,147.2647886,
2937,147.3828616,
2938,147.3762947,
2939,147.4048693,
2940,147.3896945,
2941,147.3013427,
2942,146.7675166,
2943,146.7819011,
2944,146.5949323,
2945,146.5326641,
2946,146.5609535,
2947,146.5561163,
2948,146.4440633,
2949,146.2981824,
2950,146.2764797,
2951,146.0543441,
2952,145.686708,
2953,145.4699896,
2954,145.043621,
2955,144.9403715,
2956,145.1156708,
2957,144.9718746,
2958,144.6918867,
2959,144.5021051,
2960,144.0263038,
2961,143.8604683,
2962,143.4299245,
2963,143.2864601,
2964,143.2360407,
2965,143.2941412,
2966,143.143344,
2967,142.7144335,
2968,142.4097133,
2969,142.0500485,
2970,141.2725236,
2971,140.7019634,
2972,140.2151187,
2973,140.033578,
2974,139.8864451,
2975,139.3188829,
2976,138.6840286,
2977,138.0588304,
2978,138.0996841,
2979,137.0147739,
2980,136.0468377,
2981,135.2424434,
2982,134.5725851,
2983,134.2674365,
2984,133.6107869,
2985,132.9752488,
2986,131.9662665,
2987,131.2830195,
2988,130.6892859,
2989,129.8184879,
2990,128.641392,
2991,126.970914,
2992,126.4472526,
2993,126.3246525,
2994,125.2611342,
2995,124.2277123,
2996,122.7666539,
2997,121.4882324,
2998,121.3660391,
2999,119.9326576,
3000,118.5644561,
3001,117.2609063,
3002,116.5780078,
3003,115.8385126,
3004,114.2839955,
3005,112.4861311,
3006,110.2853649,
3007,110.6796156,
3008,109.8220395,
3009,107.5382428,
3010,105.5305465,
3011,104.9215884,
3012,104.7787933,
3013,103.9106218,
3014,102.2896501,
3015,100.6654659,
3016,99.73963251,
3017,99.01369298,
3018,96.96665712,
3019,94.73175612,
3020,93.99229226,
3021,92.74445469,
3022,92.5690127,
3023,91.28265469,
3024,89.21763881,
3025,87.39212326,
3026,86.6143075,
3027,85.95978344,
3028,83.93764086,
3029,81.89247139,
3030,80.58984721,
3031,80.20708396,
3032,80.20424209,
3033,78.42089554,
3034,76.51527764,
3035,75.02370183,
3036,74.91946523,
3037,73.88245799,
3038,71.65801721,
3039,69.50000101,
3040,68.03855325,
3041,67.7779391,
3042,66.42635048,
3043,64.09869083,
3044,62.73319983,
3045,61.68442708,
3046,60.91854859,
3047,59.6157142,
3048,57.07652961,
3049,55.10466524,
3050,54.43610871,
3051,53.71418507,
3052,51.88175283,
3053,49.71710412,
3054,48.69688873,
3055,48.18077242,
3056,48.11565507,
3057,47.6911432,
3058,47.34504733,
3059,46.29457112,
3060,45.12742261,
3061,43.9841724,
3062,43.32409504,
3063,42.51424007,
3064,41.79779109,
3065,40.29924553,
3066,38.6032226,
3067,38.1644215,
3068,37.48004369,
3069,37.64663067,
3070,36.85232133,
3071,35.13934191,
3072,33.30470098,
3073,32.72204742,
3074,32.35869229,
3075,31.30928767,
3076,30.67546499,
3077,29.65557086,
3078,28.58336933,
3079,27.9068825,
3080,27.61080659,
3081,26.74492524,
3082,25.14576793,
3083,23.54941885,
3084,23.43936889,
3085,22.85973392,
3086,22.15251273,
3087,21.05594513,
3088,20.44687328,
3089,20.10700905,
3090,20.21177962,
3091,19.71051918,
3092,19.46742488,
3093,19.67268242,
3094,19.70537352,
3095,19.86615071,
3096,20.56624314,
3097,21.36436346,
3098,21.95658093,
3099,22.32049988,
3100,23.39374019,
3101,24.60657811,
3102,25.0446464,
3103,26.25037396,
3104,26.49926008,
3105,27.11778014,
3106,29.07655949,
3107,30.89027901,
3108,31.35595021,
3109,31.92127266,
3110,33.30029032,
3111,34.90408625,
3112,36.53887914,
3113,37.44408828,
3114,38.15707292,
3115,39.76866042,
3116,42.26245463,
3117,43.68354352,
3118,44.67793169,
3119,45.30797674,
3120,47.43077354,
3121,49.57591089,
3122,51.28628831,
3123,51.6652686,
3124,52.27708503,
3125,53.73949215,
3126,55.71670121,
3127,56.97305944,
3128,56.99693049,
3129,57.86576648,
3130,59.34950421,
3131,60.80149317,
3132,62.74461587,
3133,63.30176466,
3134,64.13581031,
3135,65.55277993,
3136,67.57762739,
3137,69.08135911,
3138,69.58558918,
3139,70.16503206,
3140,72.00858409,
3141,73.82593911,
3142,75.21073769,
3143,75.53012386,
3144,76.24473259,
3145,77.77012505,
3146,79.17070937,
3147,80.28694736,
3148,81.45147755,
3149,81.80498311,
3150,82.72954491,
3151,84.00304504,
3152,86.19200791,
3153,87.16758815,
3154,87.72195344,
3155,89.05552058,
3156,90.55610296,
3157,92.39479889,
3158,93.40396325,
3159,93.87734239,
3160,96.10376273,
3161,98.54132698,
3162,99.22235317,
3163,99.78805312,
3164,100.8110778,
3165,102.1780832,
3166,103.6670837,
3167,105.1587891,
3168,105.4401983,
3169,106.3949207,
3170,108.1673104,
3171,109.574935,
3172,110.0950237,
3173,111.0447861,
3174,112.4445463,
3175,114.1358233,
3176,115.7271533,
3177,116.1940174,
3178,116.3419315,
3179,117.3189278,
3180,119.0238636,
3181,120.2552272,
3182,120.6619397,
3183,121.5084423,
3184,123.0340223,
3185,124.3317677,
3186,125.5990696,
3187,125.7154805,
3188,126.2101236,
3189,128.2022276,
3190,129.4311462,
3191,130.0410162,
3192,130.6495222,
3193,131.6438072,
3194,133.2133241,
3195,134.4992754,
3196,134.9934889,
3197,136.0767126,
3198,137.7447254,
3199,139.5327095,
3200,139.6847728,
3201,140.3790407,
3202,141.1498525,
3203,142.6409424,
3204,144.2322057,
3205,144.7433332,
3206,145.0469465,
3207,146.4534171,
3208,147.6952209,
3209,148.2428994,
3210,148.8390643,
3211,149.3167593,
3212,149.9283217,
3213,150.2388591,
3214,150.3464965,
3215,150.1783979,
3216,149.8877027,
3217,150.2107518,
3218,150.6270882,
3219,150.5152223,
3220,150.7154938,
3221,150.8570278,
3222,150.8321313,
3223,150.7597801,
3224,150.5826101,
3225,150.2958263,
3226,149.8479048,
3227,149.7883007,
3228,149.8501471,
3229,149.8055528,
3230,150.0230643,
3231,150.1497406,
3232,149.9737662,
3233,149.6733335,
3234,149.534466,
3235,149.1981133,
3236,148.7893105,
3237,148.5498752,
3238,148.5102074,
3239,148.7160245,
3240,148.663414,
3241,148.6471469,
3242,148.291154,
3243,147.9764876,
3244,147.7611096,
3245,147.2755005,
3246,146.7797864,
3247,146.3475431,
3248,146.0990267,
3249,145.7985722,
3250,145.5351262,
3251,144.9551329,
3252,144.3694878,
3253,143.7878472,
3254,143.5809261,
3255,143.0694733,
3256,142.184232,
3257,141.1145779,
3258,140.7368881,
3259,140.6218093,
3260,140.4585255,
3261,139.8362699,
3262,139.245109,
3263,139.1206575,
3264,138.6382984,
3265,138.0990117,
3266,137.5434841,
3267,137.1662921,
3268,136.8257813,
3269,136.3726406,
3270,136.3436657,
3271,136.1454929,
3272,135.9494721,
3273,135.4628479,
3274,134.8743266,
3275,134.2989797,
3276,133.4022701,
3277,131.9745614,
3278,131.1564535,
3279,130.9739016,
3280,130.660237,
3281,129.3496025,
3282,128.5244448,
3283,127.4173404,
3284,127.4192437,
3285,126.7219698,
3286,125.5081592,
3287,124.5983166,
3288,124.1092141,
3289,123.8122566,
3290,123.5199387,
3291,122.7454729,
3292,121.2718668,
3293,120.1794488,
3294,119.439165,
3295,119.2423255,
3296,117.4564817,
3297,116.1859787,
3298,115.0530019,
3299,114.7432598,
3300,114.0231854,
3301,113.1195057,
3302,111.5890042,
3303,110.3613397,
3304,109.8643729,
3305,109.3677428,
3306,108.0964756,
3307,106.1904805,
3308,105.2547083,
3309,104.9762844,
3310,103.8684205,
3311,102.2904676,
3312,100.8047054,
3313,100.0646224,
3314,99.9330443,
3315,98.48606813,
3316,97.31104838,
3317,95.69746177,
3318,94.62264129,
3319,94.50986641,
3320,93.4038025,
3321,91.55344765,
3322,90.23861991,
3323,89.18388028,
3324,88.7196438,
3325,88.3545109,
3326,86.96473383,
3327,85.01070461,
3328,83.24299244,
3329,82.99819233,
3330,81.63301724,
3331,79.96452217,
3332,78.3811122,
3333,76.69973238,
3334,76.69719076,
3335,75.83071982,
3336,74.35611072,
3337,73.39341533,
3338,71.87286239,
3339,71.345917,
3340,70.4770639,
3341,70.14139986,
3342,68.53083399,
3343,66.4556775,
3344,64.70721716,
3345,63.5489864,
3346,63.08809216,
3347,62.16578118,
3348,60.69901563,
3349,58.59609552,
3350,57.86817872,
3351,56.47674893,
3352,55.60958656,
3353,54.46564763,
3354,53.09827304,
3355,51.85435952,
3356,50.7958767,
3357,50.11581321,
3358,49.51592157,
3359,48.79837384,
3360,46.59426433,
3361,45.15207605,
3362,44.57291604,
3363,44.27765647,
3364,42.6329458,
3365,41.54901411,
3366,40.82820557,
3367,40.1070674,
3368,39.87734824,
3369,39.30905367,
3370,38.17809156,
3371,37.51137618,
3372,37.35340261,
3373,36.97479382,
3374,36.27424681,
3375,35.5632719,
3376,34.97634831,
3377,34.70418838,
3378,34.37812372,
3379,34.44313057,
3380,33.9673024,
3381,33.65363251,
3382,33.53154568,
3383,33.33060148,
3384,33.09207112,
3385,33.09939503,
3386,33.14210425,
3387,33.59618844,
3388,33.55481717,
3389,34.02066554,
3390,34.30281663,
3391,35.145585,
3392,35.70386776,
3393,35.62156299,
3394,35.97804423,
3395,36.91645587,
3396,38.33722318,
3397,39.24607852,
3398,39.54366709,
3399,40.12222511,
3400,41.38173838,
3401,42.42305054,
3402,43.64512043,
3403,44.15335563,
3404,44.49762455,
3405,46.52508772,
3406,47.41931266,
3407,48.72302499,
3408,49.55630058,
3409,50.0477491,
3410,52.1220368,
3411,54.25868534,
3412,55.81109058,
3413,56.18410303,
3414,57.40375622,
3415,59.34904005,
3416,61.12990605,
3417,61.96493414,
3418,62.76509554,
3419,63.07413208,
3420,64.296117,
3421,65.38012022,
3422,66.16918643,
3423,67.02520191,
3424,67.8654037,
3425,68.74726937,
3426,70.2298069,
3427,71.86738105,
3428,73.33293497,
3429,74.81463494,
3430,74.96467685,
3431,76.38265725,
3432,78.39341104,
3433,79.8476158,
3434,80.56579311,
3435,81.31680965,
3436,82.2433676,
3437,83.56940972,
3438,84.95299199,
3439,85.83282202,
3440,86.24515123,
3441,87.1450453,
3442,88.49676148,
3443,90.27532918,
3444,91.42482101,
3445,91.86672849,
3446,92.65688755,
3447,94.11398072,
3448,95.49588026,
3449,96.66066007,
3450,96.82696975,
3451,97.58765105,
3452,99.29593229,
3453,100.7926835,
3454,101.6619322,
3455,102.5172088,
3456,103.0706373,
3457,104.7284672,
3458,106.292798,
3459,107.8473067,
3460,108.6152195,
3461,109.0151802,
3462,110.2753447,
3463,112.4012336,
3464,113.430052,
3465,113.9193062,
3466,114.3550171,
3467,115.5267037,
3468,116.6191804,
3469,118.0780331,
3470,119.0429269,
3471,118.9558402,
3472,118.8825291,
3473,119.4977992,
3474,120.9729353,
3475,122.7169247,
3476,123.5357345,
3477,124.1435001,
3478,124.5112933,
3479,125.1133348,
3480,125.840596,
3481,126.5680811,
3482,127.0996903,
3483,126.8410289,
3484,127.0722093,
3485,127.4760072,
3486,127.8798966,
3487,128.4904623,
3488,129.2249788,
3489,129.3612295,
3490,130.1045272,
3491,130.8414504,
3492,131.5783933,
3493,132.2154541,
3494,132.335724,
3495,132.5973146,
3496,133.13829,
3497,133.9767481,
3498,134.8175066,
3499,135.1030865,
3500,135.4013597,
3501,136.6172464,
3502,137.4820383,
3503,138.0803966,
3504,138.1706357,
3505,138.1001254,
3506,138.4849536,
3507,138.9141946,
3508,139.0131162,
3509,139.2631476,
3510,139.5047938,
3511,139.7581189,
3512,140.0233922,
3513,140.1654074,
3514,140.1042978,
3515,140.2228939,
3516,140.5434506,
3517,140.785686,
3518,140.9616336,
3519,141.08122,
3520,141.5909034,
3521,142.0535523,
3522,142.280938,
3523,142.4868305,
3524,142.3703492,
3525,142.3837846,
3526,142.4253797,
3527,142.4980917,
3528,142.7348599,
3529,142.7777703,
3530,143.1767597,
3531,143.4871607,
3532,143.7451119,
3533,143.6306139,
3534,143.5780645,
3535,143.3477677,
3536,142.9287844,
3537,142.6174317,
3538,142.4740446,
3539,142.5666257,
3540,142.8552798,
3541,142.6706087,
3542,142.3431178,
3543,142.3489995,
3544,142.8326649,
3545,142.7368115,
3546,142.4941804,
3547,142.4553096,
3548,142.5252223,
3549,142.2194465,
3550,141.8991718,
3551,141.8939527,
3552,141.955794,
3553,141.8419917,
3554,141.6700243,
3555,141.5345171,
3556,141.4062349,
3557,141.1004637,
3558,140.8658325,
3559,140.769625,
3560,140.7398805,
3561,140.8769999,
3562,140.6776835,
3563,140.6201666,
3564,140.4062799,
3565,140.3546552,
3566,139.9250277,
3567,139.4347678,
3568,138.6561896,
3569,138.1409463,
3570,138.0764561,
3571,137.9581769,
3572,137.450302,
3573,136.8382997,
3574,136.0640442,
3575,135.7548483,
3576,134.9475806,
3577,133.6385573,
3578,132.7519425,
3579,132.3018564,
3580,132.1523728,
3581,131.5237938,
3582,130.338692,
3583,129.6971578,
3584,128.9346258,
3585,128.7199821,
3586,128.5305991,
3587,127.9557471,
3588,126.9989984,
3589,125.8545753,
3590,124.8685643,
3591,124.3999091,
3592,123.9701083,
3593,122.9085619,
3594,121.5648558,
3595,120.1948705,
3596,119.3594257,
3597,118.9031251,
3598,118.0410698,
3599,116.4092376,
3600,115.2030612,
3601,114.1192877,
3602,113.893058,
3603,113.2449671,
3604,111.8416955,
3605,110.4105299,
3606,109.4810254,
3607,109.0195958,
3608,107.4170413,
3609,106.4768353,
3610,105.5036286,
3611,104.3289614,
3612,103.7636181,
3613,103.1670002,
3614,102.7249157,
3615,102.7596442,
3616,102.9618365,
3617,103.4236727,
3618,102.9563293,
3619,101.7429921,
3620,99.95905778,
3621,99.04275565,
3622,98.85332502,
3623,97.27868611,
3624,95.06016989,
3625,93.26923352,
3626,92.42483686,
3627,91.75288949,
3628,90.49131534,
3629,88.9756182,
3630,87.01282299,
3631,86.21794249,
3632,85.26866858,
3633,83.32515685,
3634,81.29896713,
3635,80.38621855,
3636,79.55481686,
3637,78.53998275,
3638,76.5061804,
3639,74.8718248,
3640,72.96232649,
3641,73.1259063,
3642,71.79735574,
3643,70.10823495,
3644,68.6949172,
3645,67.366745,
3646,67.06137141,
3647,65.80748266,
3648,64.33204487,
3649,62.9884763,
3650,61.66669805,
3651,61.19951925,
3652,60.90654442,
3653,60.29463675,
3654,58.66779684,
3655,56.99929483,
3656,56.34249113,
3657,56.10735588,
3658,54.96885942,
3659,53.63162866,
3660,52.71352434,
3661,51.78124175,
3662,51.5434992,
3663,51.54295178,
3664,50.94686871,
3665,49.39235251,
3666,48.27719211,
3667,47.4474851,
3668,46.88243771,
3669,46.25086514,
3670,44.45849381,
3671,42.93580942,
3672,42.32327144,
3673,41.95838089,
3674,41.04490532,
3675,39.63124459,
3676,37.99294353,
3677,37.39337136,
3678,36.93471642,
3679,35.85893615,
3680,34.34737297,
3681,33.27394931,
3682,32.59298641,
3683,32.15716936,
3684,30.86174629,
3685,29.44548279,
3686,28.44048334,
3687,27.74467436,
3688,27.2843532,
3689,26.41274517,
3690,25.00083919,
3691,23.6652125,
3692,23.01052857,
3693,22.74140647,
3694,22.22403082,
3695,21.70347375,
3696,21.13539858,
3697,20.45943123,
3698,20.22147901,
3699,20.20295544,
3700,20.19852353,
3701,20.19459906,
3702,20.16047778,
3703,20.40814974,
3704,20.51965267,
3705,20.7823268,
3706,21.27517045,
3707,21.91144434,
3708,22.56346882,
3709,23.11282215,
3710,23.36348962,
3711,23.70221745,
3712,24.45263937,
3713,25.73173432,
3714,26.65913509,
3715,27.4612815,
3716,27.80900977,
3717,28.35845531,
3718,29.56249753,
3719,30.60853358,
3720,31.35161201,
3721,31.6659963,
3722,32.15553603,
3723,33.81442262,
3724,35.18045767,
3725,36.009057,
3726,36.72622276,
3727,37.26428158,
3728,37.58988793,
3729,38.94358752,
3730,40.76419062,
3731,41.43273775,
3732,42.03064714,
3733,42.81499724,
3734,44.18807361,
3735,44.69480729,
3736,46.33188764,
3737,46.7663456,
3738,47.40249606,
3739,48.82316022,
3740,49.70935891,
3741,51.41233812,
3742,52.79620241,
3743,53.94525719,
3744,54.22343342,
3745,55.80119755,
3746,57.35103291,
3747,59.73496548,
3748,60.50108587,
3749,60.7899939,
3750,61.77425054,
3751,64.13756273,
3752,65.67119328,
3753,66.85733019,
3754,67.1536187,
3755,68.35877373,
3756,70.41838397,
3757,73.16357949,
3758,74.24014861,
3759,74.78897634,
3760,75.70145099,
3761,77.36351624,
3762,78.89999389,
3763,80.29972433,
3764,80.76281319,
3765,81.49950156,
3766,83.46687924,
3767,85.48522417,
3768,86.72570856,
3769,86.48508125,
3770,87.66427077,
3771,89.62583657,
3772,90.6496933,
3773,92.02111862,
3774,92.20257852,
3775,93.07889218,
3776,94.94864885,
3777,96.41729932,
3778,97.4575612,
3779,98.22457949,
3780,99.15924096,
3781,100.2218275,
3782,101.3928974,
3783,101.9117325,
3784,102.5386512,
3785,103.181797,
3786,104.412144,
3787,104.9827402,
3788,106.2362976,
3789,107.3771125,
3790,108.7696862,
3791,109.2443386,
3792,109.9233776,
3793,111.0227277,
3794,112.418176,
3795,113.3345643,
3796,113.7283513,
3797,114.1785112,
3798,114.818917,
3799,115.799048,
3800,116.6550637,
3801,116.8818107,
3802,117.4116994,
3803,118.7157131,
3804,119.4113206,
3805,120.0980999,
3806,120.5692245,
3807,121.3828528,
3808,122.7682125,
3809,123.6324388,
3810,124.3967147,
3811,124.5012589,
3812,125.9738607,
3813,127.0667674,
3814,127.9649748,
3815,128.1450167,
3816,128.8506905,
3817,130.3679137,
3818,131.5249274,
3819,132.2439352,
3820,132.5357375,
3821,133.3085441,
3822,134.2213476,
3823,134.913937,
3824,135.6692992,
3825,135.9904185,
3826,136.9912665,
3827,138.2785653,
3828,139.6695116,
3829,140.0107395,
3830,140.0165998,
3831,140.5648329,
3832,141.885204,
3833,142.5142741,
3834,142.7337217,
3835,143.1116858,
3836,143.9009062,
3837,144.8449424,
3838,145.5966086,
3839,145.8709243,
3840,145.8170656,
3841,146.534171,
3842,147.0851329,
3843,147.4692876,
3844,147.7039295,
3845,148.2909874,
3846,149.045328,
3847,149.697821,
3848,150.0400871,
3849,150.2685915,
3850,150.1573953,
3851,150.6621891,
3852,150.7317839,
3853,150.8114198,
3854,151.0153625,
3855,150.954475,
3856,151.3066592,
3857,151.6568594,
3858,152.2242886,
3859,152.1782886,
3860,151.9200304,
3861,151.8364183,
3862,151.7855656,
3863,151.6996326,
3864,151.7843523,
3865,151.9061192,
3866,152.0647806,
3867,151.9772484,
3868,152.122856,
3869,152.2706785,
3870,152.0423801,
3871,151.6620216,
3872,151.8206494,
3873,152.1610192,
3874,152.2426104,
3875,152.3964385,
3876,152.4055131,
3877,152.385283,
3878,152.4948137,
3879,152.3587831,
3880,152.4432957,
3881,152.4506229,
3882,152.0095469,
3883,151.6827236,
3884,151.5749126,
3885,151.3333255,
3886,150.9082453,
3887,150.5692527,
3888,150.1434582,
3889,149.8729773,
3890,149.315431,
3891,148.3883493,
3892,147.6627941,
3893,146.9261186,
3894,146.7205454,
3895,146.6798759,
3896,145.9978468,
3897,145.2746462,
3898,144.5671355,
3899,144.3951749,
3900,144.1017066,
3901,143.3746063,
3902,142.6009995,
3903,142.1539648,
3904,141.2625012,
3905,140.9566751,
3906,140.6532879,
3907,139.8953576,
3908,139.1068818,
3909,138.4332993,
3910,138.0858373,
3911,137.1258213,
3912,135.88782,
3913,134.6783109,
3914,134.5380054,
3915,134.3350276,
3916,133.9419459,
3917,132.7461237,
3918,131.8811139,
3919,131.5630034,
3920,130.7033731,
3921,129.2478224,
3922,127.9701896,
3923,127.9625288,
3924,127.6753691,
3925,126.7696968,
3926,125.782306,
3927,125.0512944,
3928,124.5850688,
3929,123.9126296,
3930,121.9820814,
3931,120.9283879,
3932,120.5967486,
3933,119.9809939,
3934,119.6858166,
3935,118.1821715,
3936,117.0406283,
3937,116.1721404,
3938,115.4931084,
3939,114.0868796,
3940,112.372881,
3941,110.9214845,
3942,110.7884056,
3943,110.5464746,
3944,109.3046559,
3945,107.6437487,
3946,106.3215867,
3947,105.4608129,
3948,104.7184686,
3949,102.724916,
3950,100.7671416,
3951,99.80364855,
3952,99.79255293,
3953,98.87905632,
3954,97.36650612,
3955,95.62697622,
3956,94.51566347,
3957,94.42095791,
3958,93.00350553,
3959,91.48050958,
3960,89.59116028,
3961,88.51087545,
3962,88.16822534,
3963,87.29034201,
3964,86.04965431,
3965,84.55409755,
3966,83.4499637,
3967,82.78167921,
3968,82.14274272,
3969,80.81181041,
3970,78.7245274,
3971,77.2756829,
3972,76.71094441,
3973,75.87552897,
3974,74.08892207,
3975,71.70462157,
3976,70.62533255,
3977,70.03401944,
3978,68.53946358,
3979,65.83680135,
3980,64.83714985,
3981,63.90667826,
3982,63.42424571,
3983,61.76322684,
3984,59.95325778,
3985,57.93749573,
3986,56.45979255,
3987,55.92844084,
3988,53.42659821,
3989,51.27755623,
3990,49.77788288,
3991,49.70817568,
3992,49.37699263,
3993,46.51386276,
3994,44.44149498,
3995,43.52925497,
3996,42.96187366,
3997,41.39477356,
3998,39.44279103,
3999,37.83788137,
4000,36.78075741,
4001,36.09036337,
4002,35.17273407,
4003,32.73890564,
4004,30.97245572,
4005,30.71668067,
4006,29.57520321,
4007,27.93734724,
4008,26.44005292,
4009,25.18696986,
4010,24.75823262,
4011,24.06046118,
4012,22.71682119,
4013,21.14709142,
4014,19.99604075,
4015,19.77687773,
4016,19.34894342,
4017,18.33672582,
4018,17.2097182,
4019,17.0233781,
4020,16.64805075,
4021,16.34395222,
4022,16.31689214,
4023,16.50143525,
4024,16.88436625,
4025,17.31086875,
4026,18.20830566,
4027,18.99593836,
4028,19.87014026,
4029,20.52268878,
4030,20.8384702,
4031,21.80567323,
4032,22.87684824,
4033,23.91891491,
4034,24.96641471,
4035,25.19653862,
4036,25.91629112,
4037,27.33490914,
4038,28.34582207,
4039,29.33202642,
4040,30.15385162,
4041,31.21745231,
4042,32.83783508,
4043,34.84249458,
4044,36.27104886,
4045,36.84189076,
4046,37.25581698,
4047,39.95052188,
4048,41.91963658,
4049,42.87715909,
4050,43.27838007,
4051,44.64892046,
4052,46.34850646,
4053,47.90841243,
4054,49.23850187,
4055,49.67342234,
4056,51.13197544,
4057,53.1152823,
4058,55.22511833,
4059,56.04821388,
4060,56.46730801,
4061,58.0533684,
4062,60.94554614,
4063,62.51951126,
4064,62.83221384,
4065,64.50088354,
4066,66.85541456,
4067,68.38497719,
4068,69.06318577,
4069,69.42256264,
4070,70.46109094,
4071,71.21804716,
4072,72.7529721,
4073,73.69161403,
4074,74.10556616,
4075,74.63762962,
4076,75.97704205,
4077,77.27231264,
4078,78.35056317,
4079,78.34813223,
4080,79.38147992,
4081,81.09938097,
4082,82.62975445,
4083,83.95284068,
4084,84.35616781,
4085,84.73045558,
4086,86.82737696,
4087,88.55501763,
4088,89.14764267,
4089,90.02400564,
4090,91.06178412,
4091,92.51942537,
4092,93.89050926,
4093,95.10033503,
4094,95.767315,
4095,95.95691809,
4096,97.30165921,
4097,98.66012767,
4098,99.49708203,
4099,100.4807917,
4100,100.6559934,
4101,101.7923209,
4102,102.7442946,
4103,103.9092994,
4104,104.6171871,
4105,104.8519812,
4106,105.1683617,
4107,106.3037221,
4108,107.7761794,
4109,108.4467875,
4110,108.7484912,
4111,108.9058516,
4112,109.2495662,
4113,109.8173711,
4114,110.7633512,
4115,111.1841593,
4116,111.8574159,
4117,112.1565872,
4118,112.5536983,
4119,113.4314328,
4120,114.0527743,
4121,114.3846462,
4122,115.1875966,
4123,115.4980812,
4124,116.813697,
4125,117.8157639,
4126,118.7845265,
4127,119.0125635,
4128,119.306715,
4129,120.1587305,
4130,121.7736245,
4131,122.538152,
4132,122.8211206,
4133,123.4361209,
4134,124.7307569,
4135,126.0710775,
4136,126.9753521,
4137,127.0522225,
4138,127.4915697,
4139,128.6139693,
4140,129.37368,
4141,129.9143765,
4142,130.0777481,
4143,130.4902243,
4144,131.5330456,
4145,132.1749479,
4146,132.2961968,
4147,132.6035476,
4148,132.8834056,
4149,133.9071184,
4150,134.5882973,
4151,134.7167584,
4152,135.0668009,
4153,135.5189941,
4154,135.8337462,
4155,136.5892105,
4156,137.1782143,
4157,137.3054147,
4158,137.2815834,
4159,137.8258804,
4160,138.7924176,
4161,139.2512769,
4162,139.3805712,
4163,139.8603911,
4164,140.8733159,
4165,141.3815453,
4166,141.7868189,
4167,141.8081442,
4168,142.3096219,
4169,143.2082067,
4170,143.5373066,
4171,143.5908111,
4172,143.5394025,
4173,144.0910546,
4174,144.5394143,
4175,145.0414639,
4176,145.4385918,
4177,145.3783439,
4178,145.6869417,
4179,145.9474966,
4180,145.9110887,
4181,145.8760515,
4182,146.1090593,
4183,146.304904,
4184,146.2297071,
4185,146.1340587,
4186,146.159604,
4187,145.7797952,
4188,145.517977,
4189,145.3405397,
4190,145.5238682,
4191,145.7263412,
4192,145.9371251,
4193,145.9878313,
4194,145.8521678,
4195,145.8264196,
4196,145.2471079,
4197,144.4936029,
4198,144.630663,
4199,144.2814248,
4200,144.1185854,
4201,143.9052851,
4202,143.583655,
4203,142.9210131,
4204,142.6230368,
4205,142.3090199,
4206,141.7668588,
4207,140.7337411,
4208,139.7286061,
4209,139.0836375,
4210,139.0777825,
4211,138.8185223,
4212,137.9522875,
4213,137.3903635,
4214,136.575267,
4215,135.9759347,
4216,134.9948387,
4217,133.9541855,
4218,133.0447615,
4219,132.2555746,
4220,132.3151804,
4221,131.8059225,
4222,130.8399093,
4223,129.8381004,
4224,129.3114992,
4225,128.6462779,
4226,127.5273307,
4227,126.4784892,
4228,125.3363726,
4229,125.1562704,
4230,124.7371164,
4231,123.7071865,
4232,122.7524196,
4233,121.9067193,
4234,121.8342762,
4235,120.3199301,
4236,118.8089251,
4237,117.9370338,
4238,117.660559,
4239,117.4384809,
4240,116.332413,
4241,115.2804824,
4242,114.2233098,
4243,113.6238437,
4244,112.340386,
4245,110.7852218,
4246,109.3128561,
4247,108.6471668,
4248,107.9787541,
4249,107.2328425,
4250,105.4880131,
4251,104.4473561,
4252,103.3170103,
4253,103.1735862,
4254,101.5677086,
4255,99.37483078,
4256,97.77670985,
4257,97.25992301,
4258,96.76457176,
4259,94.96694606,
4260,93.53978052,
4261,92.32210655,
4262,91.37735174,
4263,90.12349533,
4264,88.83167216,
4265,87.12813807,
4266,86.60182507,
4267,85.75588395,
4268,84.66029507,
4269,82.98007775,
4270,82.04351252,
4271,80.1509337,
4272,78.92217461,
4273,78.26101614,
4274,76.82908691,
4275,75.55969499,
4276,74.40771793,
4277,73.88950487,
4278,72.87574453,
4279,70.85325423,
4280,69.08699585,
4281,67.76008896,
4282,67.54860853,
4283,66.29112636,
4284,64.0852957,
4285,62.23037809,
4286,61.59555744,
4287,60.89541964,
4288,59.68324311,
4289,57.4959896,
4290,56.0430524,
4291,55.19560842,
4292,54.99660929,
4293,53.5397394,
4294,51.2028744,
4295,49.57866308,
4296,49.21631098,
4297,48.3951381,
4298,47.02148489,
4299,45.82195763,
4300,44.66356891,
4301,44.10820175,
4302,43.73826423,
4303,43.00182141,
4304,41.7651697,
4305,40.43786697,
4306,40.20146918,
4307,39.52411687,
4308,38.75978314,
4309,38.07474509,
4310,37.30458102,
4311,36.5990868,
4312,36.72616861,
4313,36.61963183,
4314,36.25905913,
4315,35.14493339,
4316,34.81267642,
4317,34.9187448,
4318,34.55675833,
4319,34.57202485,
4320,34.8107729,
4321,34.91434067,
4322,35.06313369,
4323,35.26736487,
4324,35.5796349,
4325,36.24936554,
4326,36.74581598,
4327,37.26577614,
4328,37.87177533,
4329,38.12487432,
4330,38.18294238,
4331,38.8674451,
4332,40.19770155,
4333,40.84177908,
4334,41.55312099,
4335,41.84039815,
4336,42.51378527,
4337,42.83587453,
4338,43.77341924,
4339,44.98143964,
4340,45.45805295,
4341,45.47960965,
4342,47.54898685,
4343,48.54571087,
4344,49.9976197,
4345,50.53568318,
4346,51.16629097,
4347,52.53224465,
4348,54.68560857,
4349,56.25483795,
4350,56.40256216,
4351,57.22251474,
4352,58.21509032,
4353,59.62336883,
4354,61.04347029,
4355,62.17426839,
4356,62.9633363,
4357,64.29773301,
4358,65.74690186,
4359,67.54084326,
4360,68.76989053,
4361,69.40569412,
4362,69.99149124,
4363,72.14028661,
4364,73.37543754,
4365,74.71611034,
4366,75.33203233,
4367,76.03462861,
4368,77.67532628,
4369,79.43556601,
4370,81.74586324,
4371,82.4061862,
4372,82.98114949,
4373,84.73101006,
4374,86.68946932,
4375,88.50093896,
4376,89.12671436,
4377,89.96978541,
4378,92.09462408,
4379,94.06623047,
4380,95.39976825,
4381,95.78935925,
4382,96.81768334,
4383,98.65937289,
4384,100.6672591,
4385,101.573467,
4386,102.521323,
4387,103.0734142,
4388,105.3389645,
4389,106.7381392,
4390,107.3240135,
4391,107.8165622,
4392,109.5593506,
4393,110.5458593,
4394,111.9944002,
4395,112.5039398,
4396,112.7799671,
4397,113.2033793,
4398,114.7963572,
4399,115.9627286,
4400,116.6924904,
4401,117.00582,
4402,118.0413694,
4403,119.1889726,
4404,120.5892936,
4405,121.4476936,
4406,121.8205171,
4407,123.0375854,
4408,124.6043798,
4409,125.6144349,
4410,126.0101543,
4411,126.5536635,
4412,127.5349506,
4413,129.1362552,
4414,130.2956099,
4415,131.0792349,
4416,130.8936076,
4417,132.5649292,
4418,133.6904273,
4419,134.4375705,
4420,135.039347,
4421,135.477146,
4422,136.5131537,
4423,137.133492,
4424,137.6418007,
4425,138.0987299,
4426,138.4127153,
4427,138.8800871,
4428,139.5343421,
4429,139.4532533,
4430,139.4208089,
4431,139.5734445,
4432,139.4953299,
4433,139.7293159,
4434,139.6073684,
4435,139.9345507,
4436,139.7654769,
4437,139.4274518,
4438,139.7561616,
4439,140.1435908,
4440,140.4951232,
4441,140.6872948,
4442,141.0584928,
4443,141.5703408,
4444,141.8590278,
4445,141.9057437,
4446,141.8073673,
4447,142.0589943,
4448,142.1572557,
4449,142.1675664,
4450,142.632715,
4451,142.8056123,
4452,143.1964313,
4453,143.3456494,
4454,143.3195074,
4455,143.3490661,
4456,143.6917336,
4457,144.3385932,
4458,144.2882825,
4459,144.264761,
4460,144.4301982,
4461,144.8973461,
4462,145.5031606,
4463,145.6959802,
4464,145.8045745,
4465,145.9972988,
4466,146.0739149,
4467,145.97715,
4468,146.0949954,
4469,146.2450401,
4470,146.4540455,
4471,146.5756019,
4472,146.3524893,
4473,146.0301281,
4474,145.4928949,
4475,145.3546572,
4476,145.238192,
4477,144.9690988,
4478,144.6946592,
4479,144.0753053,
4480,143.5004072,
4481,143.0806426,
4482,142.4546754,
4483,141.8753242,
4484,141.4602679,
4485,140.7552048,
4486,140.6841016,
4487,140.7671738,
4488,140.10649,
4489,139.3953522,
4490,138.7956636,
4491,138.4561292,
4492,137.9451364,
4493,137.1679692,
4494,136.6022064,
4495,136.0369687,
4496,135.7663066,
4497,135.6380267,
4498,135.1676445,
4499,134.4575532,
4500,133.8837108,
4501,133.3371343,
4502,132.7237279,
4503,131.7876241,
4504,130.8360962,
4505,129.9104926,
4506,129.2874788,
4507,128.7948909,
4508,127.9248401,
4509,127.1358293,
4510,126.1648943,
4511,125.5847866,
4512,125.0922911,
4513,123.8758233,
4514,122.4480482,
4515,121.1982328,
4516,120.3652739,
4517,120.2558997,
4518,119.2548206,
4519,117.6375839,
4520,116.563211,
4521,115.9015048,
4522,115.1876707,
4523,113.7692771,
4524,112.8352027,
4525,112.050264,
4526,111.6493011,
4527,111.2748851,
4528,110.3774094,
4529,109.5947046,
4530,108.5042879,
4531,107.334264,
4532,106.6364504,
4533,106.0369967,
4534,104.43367,
4535,102.5869773,
4536,101.2273513,
4537,100.9713267,
4538,100.2516658,
4539,98.97496687,
4540,97.77468508,
4541,97.58296243,
4542,97.29222578,
4543,97.10595386,
4544,97.07459398,
4545,96.72614943,
4546,95.88177427,
4547,94.41662975,
4548,93.39780982,
4549,91.35027043,
4550,90.81053916,
4551,90.69738538,
4552,89.2666319,
4553,87.66546139,
4554,85.517265,
4555,84.82358641,
4556,84.31515755,
4557,82.65303749,
4558,79.94461856,
4559,79.02516651,
4560,78.98051932,
4561,78.80227043,
4562,77.43010457,
4563,76.45301263,
4564,74.28263147,
4565,73.19124615,
4566,73.47357075,
4567,71.37068308,
4568,69.40488096,
4569,67.84136261,
4570,67.42510349,
4571,66.19374017,
4572,64.73747355,
4573,63.08621857,
4574,62.11560099,
4575,61.30404872,
4576,60.75811212,
4577,58.80603268,
4578,57.76069585,
4579,56.21913412,
4580,55.42752166,
4581,55.03636411,
4582,53.9073582,
4583,52.61780447,
4584,50.537204,
4585,49.21645309,
4586,48.66083628,
4587,47.86166774,
4588,45.95881919,
4589,44.75603442,
4590,44.18221672,
4591,43.16132773,
4592,42.22874745,
4593,41.34182579,
4594,40.27457322,
4595,38.13721617,
4596,36.45669099,
4597,35.8005194,
4598,35.97082577,
4599,34.63819862,
4600,33.50494933,
4601,31.82182423,
4602,30.27552416,
4603,29.85422455,
4604,29.08154583,
4605,28.51434226,
4606,27.21322408,
4607,26.10782683,
4608,25.20899697,
4609,24.71783364,
4610,23.72062577,
4611,22.38494195,
4612,21.35123362,
4613,20.57141318,
4614,20.66357048,
4615,19.64854337,
4616,18.94507154,
4617,17.81784336,
4618,16.79544217,
4619,16.19144558,
4620,15.94320957,
4621,15.68644179,
4622,14.62047357,
4623,14.2954879,
4624,14.46822765,
4625,14.23125071,
4626,14.16057009,
4627,14.31668163,
4628,14.63968915,
4629,15.07409248,
4630,15.37276487,
4631,16.56508072,
4632,17.26825128,
4633,18.22428118,
4634,18.94114269,
4635,19.09921948,
4636,19.79065961,
4637,20.83179022,
4638,21.76308425,
4639,22.92195523,
4640,23.92280532,
4641,24.23917629,
4642,24.91464433,
4643,27.14725629,
4644,28.31551827,
4645,29.31308843,
4646,29.84599013,
4647,30.57490771,
4648,32.52352289,
4649,34.42141509,
4650,35.65712026,
4651,36.13778909,
4652,37.38582704,
4653,39.311661,
4654,40.29254613,
4655,41.7657114,
4656,42.35619072,
4657,43.18103812,
4658,45.29855572,
4659,46.7090844,
4660,47.77742422,
4661,48.12301902,
4662,49.18506241,
4663,50.5459298,
4664,51.67078054,
4665,52.81144996,
4666,53.46110941,
4667,54.29042409,
4668,55.63635019,
4669,57.54403879,
4670,58.79765163,
4671,59.2405882,
4672,59.52621223,
4673,60.54303337,
4674,62.3378869,
4675,63.08190346,
4676,64.55197667,
4677,65.12289196,
4678,66.44589641,
4679,67.56533824,
4680,69.3698887,
4681,70.35547686,
4682,70.80707814,
4683,71.16251895,
4684,71.84149455,
4685,73.42765094,
4686,74.42131976,
4687,75.80870354,
4688,76.53322438,
4689,77.49149104,
4690,79.31787762,
4691,80.82381182,
4692,81.55111224,
4693,81.97137582,
4694,83.60848763,
4695,85.41347462,
4696,87.14026883,
4697,87.40737067,
4698,88.44511769,
4699,90.41499392,
4700,91.82872948,
4701,93.20780205,
4702,93.49372919,
4703,94.71380063,
4704,96.33173414,
4705,97.95942326,
4706,98.49092382,
4707,98.95315922,
4708,100.0447452,
4709,101.9909197,
4710,103.0004061,
4711,103.7678121,
4712,104.4862755,
4713,104.9864664,
4714,106.1062655,
4715,107.1134779,
4716,108.8661147,
4717,109.075857,
4718,110.0615482,
4719,111.4688757,
4720,112.9731308,
4721,114.2168562,
4722,114.7141264,
4723,115.3631576,
4724,117.3327121,
4725,118.5281841,
4726,119.2434983,
4727,119.733207,
4728,120.6105174,
4729,121.5041097,
4730,122.0637214,
4731,122.4884916,
4732,122.7479491,
4733,122.9725389,
4734,123.8062293,
4735,124.8833299,
4736,125.6812266,
4737,126.1413308,
4738,126.9212584,
4739,127.9124883,
4740,128.948488,
4741,129.6617114,
4742,129.9330329,
4743,131.2161471,
4744,132.9379984,
4745,133.724445,
4746,134.0653769,
4747,135.0047454,
4748,136.6080843,
4749,137.891615,
4750,138.7316943,
4751,139.0086725,
4752,139.6166218,
4753,140.6543974,
4754,141.8619971,
4755,142.2435783,
4756,142.5033452,
4757,143.2327313,
4758,144.0730072,
4759,144.4249782,
4760,144.5389862,
4761,144.5666623,
4762,144.6608705,
4763,144.8597625,
4764,145.3534254,
4765,145.6364542,
4766,145.940866,
4767,146.3416989,
4768,146.8390123,
4769,147.6092758,
4770,147.5729476,
4771,147.2515062,
4772,146.8720052,
4773,146.9601308,
4774,147.0360765,
4775,147.260577,
4776,147.4112787,
4777,146.9970141,
4778,146.4975131,
4779,145.8227511,
4780,145.7466558,
4781,145.748075,
4782,145.1918419,
4783,144.7908407,
4784,144.5051687,
4785,144.2692503,
4786,144.3109044,
4787,144.2809682,
4788,143.772968,
4789,143.1770787,
4790,142.6857055,
4791,142.8466666,
4792,142.3372311,
4793,141.7504588,
4794,141.120246,
4795,140.8531013,
4796,141.1140011,
4797,141.0632941,
4798,140.6119604,
4799,140.3381046,
4800,140.0377262,
4801,139.8581857,
4802,138.6304045,
4803,137.7155104,
4804,137.4405274,
4805,137.5927577,
4806,137.3046301,
4807,136.979686,
4808,136.1142567,
4809,135.4736356,
4810,135.079404,
4811,134.4351737,
4812,133.2549747,
4813,132.2050842,
4814,132.2669959,
4815,132.2280571,
4816,131.7163811,
4817,130.9071918,
4818,130.1981408,
4819,129.7136927,
4820,128.5434799,
4821,127.5106935,
4822,126.8918591,
4823,126.8494532,
4824,127.1171581,
4825,126.4015332,
4826,125.3209354,
4827,124.3801534,
4828,124.1069182,
4829,123.4711216,
4830,122.5385075,
4831,121.4748647,
4832,120.8368108,
4833,120.7413723,
4834,119.8258151,
4835,118.9806474,
4836,118.0728294,
4837,117.9736892,
4838,116.9945669,
4839,115.6018276,
4840,114.8132138,
4841,114.064802,
4842,113.7853854,
4843,113.0409103,
4844,112.2693002,
4845,111.3073195,
4846,110.3020224,
4847,109.9445217,
4848,108.5154211,
4849,107.5567333,
4850,106.8496696,
4851,106.8427396,
4852,105.9870392,
4853,104.6182391,
4854,103.0549393,
4855,102.2302838,
4856,101.872432,
4857,100.9413539,
4858,100.0220085,
4859,98.42316727,
4860,98.1086985,
4861,96.91990908,
4862,95.99800116,
4863,95.13536838,
4864,94.14141208,
4865,93.08689965,
4866,92.86613576,
4867,92.2063229,
4868,90.89627018,
4869,89.89090013,
4870,89.11767716,
4871,88.07118451,
4872,86.53983655,
4873,86.2429451,
4874,84.5541824,
4875,82.70608579,
4876,81.6416252,
4877,80.79845188,
4878,80.20365627,
4879,78.19863299,
4880,76.80114839,
4881,74.55423754,
4882,74.03989082,
4883,73.15706905,
4884,71.36544585,
4885,69.24203809,
4886,67.56379224,
4887,67.09930188,
4888,66.32051199,
4889,63.97172123,
4890,62.48119368,
4891,61.68312467,
4892,61.2700593,
4893,59.70007672,
4894,58.06795552,
4895,56.24669065,
4896,55.55046489,
4897,55.25586446,
4898,53.31815084,
4899,51.99392529,
4900,50.27092696,
4901,49.26621132,
4902,48.48225691,
4903,46.84989741,
4904,45.05351736,
4905,43.82068386,
4906,43.59377292,
4907,43.0487678,
4908,40.81477907,
4909,38.92395083,
4910,37.82664297,
4911,37.4047499,
4912,37.06316354,
4913,36.5143476,
4914,34.96864548,
4915,33.30751405,
4916,32.26406437,
4917,32.10947809,
4918,31.14614966,
4919,30.31366508,
4920,28.49932212,
4921,27.25308772,
4922,26.2227519,
4923,26.24333165,
4924,25.14845821,
4925,24.28567518,
4926,22.72429929,
4927,21.30481985,
4928,20.42777953,
4929,19.59858784,
4930,17.95204444,
4931,15.79413294,
4932,14.34116806,
4933,13.77614179,
4934,13.25513046,
4935,11.83729398,
4936,10.13916928,
4937,9.223132282,
4938,8.477971759,
4939,8.056802412,
4940,7.401313153,
4941,7.337063907,
4942,7.585391514,
4943,8.02151562,
4944,8.206343222,
4945,8.82436013,
4946,9.77168082,
4947,10.84129293,
4948,11.15261347,
4949,11.88844585,
4950,13.25267836,
4951,15.07316842,
4952,16.1354998,
4953,16.50355567,
4954,17.55269715,
4955,19.1152527,
4956,20.74448068,
4957,22.14525901,
4958,22.47348646,
4959,23.51148434,
4960,25.17976678,
4961,27.44045796,
4962,28.22791552,
4963,28.98289111,
4964,29.84866511,
4965,31.8651639,
4966,33.68661876,
4967,35.32919711,
4968,35.5588397,
4969,37.23674635,
4970,39.24182122,
4971,41.13647029,
4972,42.67654557,
4973,42.53361155,
4974,43.71057424,
4975,45.73133494,
4976,47.61652231,
4977,48.74504847,
4978,49.56940866,
4979,50.78555062,
4980,52.67081294,
4981,54.38504133,
4982,54.99654014,
4983,56.10785399,
4984,57.56092649,
4985,58.97819109,
4986,60.31578491,
4987,61.34634863,
4988,61.71732272,
4989,63.39288741,
4990,65.2902366,
4991,66.29045756,
4992,66.78335343,
4993,67.46728031,
4994,69.32360967,
4995,71.51989798,
4996,73.36769039,
4997,73.91942712,
4998,74.78590839,
4999,75.7761911,
5000,76.94555303,
5001,78.49960632,
5002,78.45365814,
5003,79.14863483,
5004,80.10599931,
5005,80.74493647,
5006,81.51729741,
5007,82.24118097,
5008,82.74462704,
5009,83.09896287,
5010,83.54112906,
5011,84.62809626,
5012,86.02915083,
5013,86.28477153,
5014,87.20295556,
5015,87.83406849,
5016,89.12146395,
5017,90.15604292,
5018,90.85588057,
5019,91.11661195,
5020,92.06198023,
5021,93.84083218,
5022,95.22033686,
5023,95.40776664,
5024,96.16105622,
5025,97.64778204,
5026,98.78376784,
5027,99.46746842,
5028,99.4960565,
5029,99.94436458,
5030,101.8516425,
5031,103.1792963,
5032,103.5843096,
5033,104.4228296,
5034,105.6597289,
5035,107.2721796,
5036,108.9573138,
5037,109.197923,
5038,110.0656617,
5039,111.5714287,
5040,113.0195771,
5041,113.487158,
5042,114.0967702,
5043,115.3764762,
5044,116.9778228,
5045,117.9232926,
5046,118.4102519,
5047,119.0868734,
5048,120.6081834,
5049,121.6707279,
5050,122.321275,
5051,122.9124884,
5052,124.572847,
5053,126.5264719,
5054,127.3653143,
5055,127.0829834,
5056,128.0243754,
5057,129.2462974,
5058,130.4841661,
5059,131.2339987,
5060,131.5403498,
5061,132.7812277,
5062,133.7636127,
5063,135.0723715,
5064,135.5503682,
5065,135.9376058,
5066,136.2037911,
5067,137.7593778,
5068,139.1018152,
5069,139.5036655,
5070,140.0278549,
5071,141.2794002,
5072,142.2843401,
5073,143.3426188,
5074,143.5463893,
5075,143.7321045,
5076,144.1340282,
5077,145.1956403,
5078,145.7038257,
5079,146.1797792,
5080,146.4768307,
5081,147.3036528,
5082,148.2046301,
5083,148.5021451,
5084,148.5362005,
5085,148.3325139,
5086,148.5256704,
5087,148.8352506,
5088,149.2292912,
5089,149.2417552,
5090,149.1469835,
5091,149.3128634,
5092,149.271997,
5093,149.3971085,
5094,149.0532206,
5095,148.8669943,
5096,148.9868411,
5097,148.9408483,
5098,149.120636,
5099,149.1897356,
5100,148.9210169,
5101,148.7698348,
5102,148.7295079,
5103,148.5402214,
5104,148.5499968,
5105,147.9420799,
5106,147.3230816,
5107,146.7790865,
5108,146.8841875,
5109,146.8555442,
5110,146.388501,
5111,145.9379869,
5112,146.0890184,
5113,145.9731894,
5114,145.7710489,
5115,145.2451518,
5116,145.0320424,
5117,144.8507508,
5118,144.8625062,
5119,144.5789705,
5120,144.6464666,
5121,145.3194839,
5122,146.0805079,
5123,145.9845831,
5124,145.3089503,
5125,144.7392678,
5126,144.0878422,
5127,143.8318049,
5128,143.2588785,
5129,142.9989461,
5130,142.9095128,
5131,142.63253,
5132,141.7081307,
5133,141.3210329,
5134,140.9864488,
5135,139.8868674,
5136,139.0514458,
5137,137.3135832,
5138,136.9441551,
5139,136.6563893,
5140,135.8616019,
5141,134.9420417,
5142,133.8061396,
5143,132.9201939,
5144,132.823257,
5145,132.0004534,
5146,130.4008916,
5147,129.0303966,
5148,128.1125182,
5149,127.8949954,
5150,126.4545532,
5151,125.2555067,
5152,123.7910685,
5153,122.408017,
5154,122.2859882,
5155,121.2167173,
5156,119.3654062,
5157,117.0472751,
5158,116.4512658,
5159,115.1235964,
5160,113.5317706,
5161,111.6181295,
5162,109.9738578,
5163,109.7071652,
5164,108.1136876,
5165,106.0084198,
5166,104.3779062,
5167,103.7447194,
5168,103.2936372,
5169,101.4787729,
5170,99.6768602,
5171,98.27216549,
5172,97.50234916,
5173,96.45451307,
5174,95.55535848,
5175,93.1225716,
5176,91.56477884,
5177,91.13569943,
5178,90.35481963,
5179,88.42645029,
5180,86.6321432,
5181,85.86136789,
5182,85.05611229,
5183,82.98380182,
5184,80.91240498,
5185,79.64274674,
5186,79.48265988,
5187,78.09033806,
5188,75.84986483,
5189,73.48479015,
5190,72.78081753,
5191,71.76327834,
5192,70.70312414,
5193,68.07727198,
5194,66.30281317,
5195,65.58445915,
5196,65.01931108,
5197,63.44643846,
5198,61.25996646,
5199,59.07661038,
5200,58.88245254,
5201,58.14487881,
5202,54.8486285,
5203,53.19989656,
5204,52.33351882,
5205,51.68338486,
5206,49.43586512,
5207,47.26902387,
5208,46.20901986,
5209,46.04510663,
5210,45.24655371,
5211,42.83929726,
5212,40.87028493,
5213,39.83705821,
5214,39.23628836,
5215,37.94076807,
5216,35.09791712,
5217,33.57804306,
5218,32.77887557,
5219,31.74585125,
5220,30.76282687,
5221,29.15380712,
5222,27.49351207,
5223,26.838189,
5224,26.42335594,
5225,25.24414469,
5226,24.07283103,
5227,22.7977962,
5228,21.83817496,
5229,21.74227983,
5230,20.96292485,
5231,19.61135119,
5232,18.68789045,
5233,18.31458454,
5234,18.09761204,
5235,17.83902531,
5236,17.24902238,
5237,16.74700807,
5238,16.70095899,
5239,17.09333547,
5240,17.40076852,
5241,17.89463455,
5242,18.86268002,
5243,19.69089323,
5244,20.22831192,
5245,21.77795049,
5246,22.55750627,
5247,23.84683205,
5248,24.17154678,
5249,25.35606768,
5250,26.46695725,
5251,27.78305137,
5252,28.18801326,
5253,28.76112057,
5254,29.57650837,
5255,31.59430454,
5256,33.04995341,
5257,34.46030652,
5258,34.91326577,
5259,35.81401421,
5260,38.2142594,
5261,39.76150743,
5262,40.97900219,
5263,41.29912233,
5264,41.74985067,
5265,43.85263707,
5266,45.98465926,
5267,48.85965255,
5268,49.04821848,
5269,49.3464246,
5270,51.39225836,
5271,52.81872637,
5272,54.70472216,
5273,55.6424845,
5274,56.50851762,
5275,58.68311058,
5276,60.73854049,
5277,62.53380904,
5278,63.04320311,
5279,64.4004838,
5280,66.02508397,
5281,68.15441689,
5282,69.02056846,
5283,69.60352812,
5284,70.5186132,
5285,72.51131652,
5286,73.97643077,
5287,75.30446,
5288,75.4851567,
5289,75.70087236,
5290,76.06071743,
5291,76.95370974,
5292,78.01070861,
5293,78.79963495,
5294,78.94846157,
5295,79.43110501,
5296,79.92359172,
5297,81.04605312,
5298,81.1682311,
5299,81.3967909,
5300,81.48793636,
5301,81.79362173,
5302,82.18975548,
5303,83.70888564,
5304,84.42627824,
5305,85.23473604,
5306,85.86502436,
5307,86.72849103,
5308,87.69393819,
5309,89.21502335,
5310,90.2880155,
5311,90.50665797,
5312,90.65803741,
5313,91.81636037,
5314,93.0254329,
5315,94.23278415,
5316,94.95086475,
5317,95.94708255,
5318,97.18760608,
5319,98.27269959,
5320,99.66212778,
5321,99.99659279,
5322,100.4355724,
5323,101.8071988,
5324,103.5985014,
5325,104.4704633,
5326,104.8030261,
5327,106.0079513,
5328,107.5901518,
5329,108.7635,
5330,109.3605513,
5331,109.5252523,
5332,110.4657739,
5333,111.5561118,
5334,112.6603735,
5335,113.6425977,
5336,113.7061359,
5337,114.6850882,
5338,115.2799956,
5339,116.1273686,
5340,116.6939691,
5341,116.8149982,
5342,116.9040737,
5343,117.3484335,
5344,118.0311569,
5345,118.5691848,
5346,119.1989364,
5347,120.1034338,
5348,121.2371396,
5349,121.8992985,
5350,122.4216189,
5351,122.2995166,
5352,123.1459874,
5353,124.5467108,
5354,125.0975138,
5355,124.9340587,
5356,125.1680476,
5357,126.1405494,
5358,127.0911203,
5359,127.7799029,
5360,127.976251,
5361,128.3194377,
5362,129.4109926,
5363,129.9754732,
5364,130.1774421,
5365,130.3819042,
5366,130.6624775,
5367,131.2599547,
5368,131.7316416,
5369,131.9669858,
5370,131.8648358,
5371,131.8580004,
5372,132.4282571,
5373,132.8375493,
5374,133.0742587,
5375,133.6116555,
5376,133.9702175,
5377,134.1331594,
5378,134.7441211,
5379,134.769688,
5380,134.4121684,
5381,134.3492065,
5382,134.5647847,
5383,134.6720074,
5384,134.7293379,
5385,134.8689273,
5386,135.1705625,
5387,135.2537386,
5388,135.2264342,
5389,135.0760372,
5390,135.2505524,
5391,135.3788025,
5392,135.5155519,
5393,135.7143658,
5394,135.9450759,
5395,136.0297934,
5396,136.013156,
5397,136.0198575,
5398,135.9275705,
5399,135.5502683,
5400,135.3719027,
5401,135.3731939,
5402,135.3181685,
5403,134.9966344,
5404,135.0212817,
5405,135.0596387,
5406,135.1105638,
5407,135.1846178,
5408,135.0998569,
5409,134.9483848,
5410,135.1748784,
5411,135.3451094,
5412,135.2491187,
5413,135.4018158,
5414,135.6789093,
5415,135.7034024,
5416,135.6714016,
5417,135.6361377,
5418,135.1684361,
5419,134.7157994,
5420,134.7251722,
5421,134.4562563,
5422,134.3184972,
5423,134.127105,
5424,133.8716321,
5425,133.7737582,
5426,133.4904203,
5427,133.3226309,
5428,132.7484394,
5429,131.9823055,
5430,131.8595207,
5431,131.5820432,
5432,131.6279927,
5433,131.627158,
5434,131.4850333,
5435,130.873458,
5436,130.6303981,
5437,130.3672018,
5438,129.4775639,
5439,128.7216669,
5440,127.9875052,
5441,128.002969,
5442,127.7454764,
5443,126.8275961,
5444,125.9223612,
5445,125.4626999,
5446,124.9294939,
5447,123.5335026,
5448,122.3039319,
5449,121.529287,
5450,121.5073792,
5451,120.6145962,
5452,119.3957659,
5453,118.2941898,
5454,117.6556654,
5455,117.1251641,
5456,115.8334719,
5457,114.5019499,
5458,113.2021664,
5459,112.7267342,
5460,112.7178206,
5461,111.8967787,
5462,110.3178467,
5463,108.4819891,
5464,107.760529,
5465,106.8147658,
5466,106.2582805,
5467,104.452692,
5468,102.5422509,
5469,100.6512183,
5470,100.6224303,
5471,99.54912833,
5472,98.35064629,
5473,97.21691849,
5474,95.3616343,
5475,95.16196262,
5476,93.60404425,
5477,91.65323205,
5478,90.4474331,
5479,88.68460316,
5480,88.44440984,
5481,87.85035549,
5482,86.72524062,
5483,85.73910696,
5484,84.03568807,
5485,83.16248394,
5486,83.31014218,
5487,81.80914522,
5488,81.27756768,
5489,79.23555951,
5490,78.77538606,
5491,78.36202924,
5492,77.5396396,
5493,76.32671526,
5494,74.90697248,
5495,73.44283809,
5496,72.3718396,
5497,71.87936699,
5498,71.26866071,
5499,70.13008688,
5500,67.63323328,
5501,66.69188456,
5502,66.40882561,
5503,65.76079918,
5504,64.49306509,
5505,62.65421678,
5506,61.16973958,
5507,60.5816414,
5508,59.99354369,
5509,58.70502203,
5510,56.0983089,
5511,54.86419304,
5512,54.90906976,
5513,54.02823419,
5514,53.08381546,
5515,52.03169027,
5516,50.93847595,
5517,49.74093786,
5518,49.95230343,
5519,48.89319418,
5520,48.0263826,
5521,46.27275217,
5522,45.61679474,
5523,44.97595488,
5524,44.40269465,
5525,43.58384298,
5526,42.69469952,
5527,42.30086179,
5528,42.26803224,
5529,42.20070003,
5530,41.93673312,
5531,41.53538679,
5532,41.40464398,
5533,41.35847704,
5534,41.25941613,
5535,41.41543336,
5536,41.55664933,
5537,42.04911502,
5538,42.02525406,
5539,42.5271237,
5540,42.90842123,
5541,43.29467623,
5542,43.60216634,
5543,43.8563428,
5544,44.21670227,
5545,44.88724003,
5546,45.26159423,
5547,46.0609147,
5548,46.07584804,
5549,46.36697368,
5550,47.34239393,
5551,47.96136392,
5552,49.19343925,
5553,49.66102363,
5554,49.94204406,
5555,50.29354257,
5556,51.41714872,
5557,52.44234035,
5558,53.82169886,
5559,53.77604283,
5560,54.87614259,
5561,56.04369596,
5562,57.62653148,
5563,58.49528935,
5564,58.88246585,
5565,59.55100654,
5566,60.73694066,
5567,62.08750741,
5568,63.24186503,
5569,63.68626747,
5570,64.92618291,
5571,66.50976064,
5572,68.47869695,
5573,69.81596786,
5574,70.13173262,
5575,70.95661787,
5576,72.25252345,
5577,74.3365772,
5578,76.18262337,
5579,76.45697784,
5580,77.07755769,
5581,79.58021291,
5582,80.75423384,
5583,82.32915172,
5584,82.73208395,
5585,83.63420546,
5586,85.46075851,
5587,86.71610624,
5588,87.57561134,
5589,88.88979951,
5590,89.67413854,
5591,91.25993724,
5592,92.40750963,
5593,93.35005129,
5594,94.41104924,
5595,95.44038331,
5596,96.23679557,
5597,97.43005192,
5598,98.5691841,
5599,99.53736214,
5600,100.4824537,
5601,101.1890848,
5602,101.879477,
5603,102.9995764,
5604,104.3206306,
5605,105.3748276,
5606,106.3237415,
5607,106.8394657,
5608,107.5723215,
5609,108.7900025,
5610,110.2081201,
5611,111.707078,
5612,112.4195424,
5613,112.8627936,
5614,114.4990944,
5615,116.6096628,
5616,117.3191859,
5617,118.0114263,
5618,118.8971305,
5619,120.8345571,
5620,122.6442348,
5621,123.3160722,
5622,123.9680476,
5623,125.4692873,
5624,127.6045824,
5625,128.6415558,
5626,129.1332795,
5627,130.7169231,
5628,132.2973781,
5629,134.1461101,
5630,134.9982089,
5631,135.8254531,
5632,136.6800756,
5633,138.5052298,
5634,139.6686567,
5635,140.9497981,
5636,141.4137167,
5637,141.5612466,
5638,141.9406708,
5639,142.3129098,
5640,142.9821683,
5641,144.0567847,
5642,144.9378621,
5643,145.1812107,
5644,145.6000041,
5645,145.5567773,
5646,146.5306184,
5647,147.5018953,
5648,147.6730552,
5649,147.4290112,
5650,147.7498815,
5651,147.653662,
5652,147.540445,
5653,147.7679864,
5654,147.7442042,
5655,147.7853923,
5656,147.8765987,
5657,147.6588073,
5658,147.8704067,
5659,148.1300568,
5660,148.0436742,
5661,148.2469741,
5662,148.3115322,
5663,148.5789989,
5664,148.8158509,
5665,149.4734862,
5666,149.9021816,
5667,149.9151738,
5668,150.023574,
5669,150.669022,
5670,151.0003934,
5671,151.0729394,
5672,151.4272123,
5673,151.6019028,
5674,152.3174575,
5675,152.8535921,
5676,152.9000355,
5677,153.2955102,
5678,153.898045,
5679,154.2336555,
5680,154.5150312,
5681,154.7377156,
5682,155.3896017,
5683,156.0426056,
5684,156.3473092,
5685,156.556765,
5686,156.5996642,
5687,157.1039056,
5688,157.5632406,
5689,157.824877,
5690,157.9558708,
5691,158.2488389,
5692,158.3604987,
5693,158.4899444,
5694,158.8916726,
5695,158.9897549,
5696,158.8836351,
5697,158.404598,
5698,158.5956165,
5699,158.4554409,
5700,158.5408443,
5701,158.7761597,
5702,159.090378,
5703,159.1098493,
5704,158.955195,
5705,158.805412,
5706,158.6137816,
5707,158.0593166,
5708,157.7456833,
5709,157.7121331,
5710,157.7980908,
5711,157.9579249,
5712,157.9882106,
5713,157.8163185,
5714,157.6632731,
5715,157.4219487,
5716,156.9504379,
5717,156.2452054,
5718,156.0648143,
5719,155.7369948,
5720,155.9056545,
5721,155.87121,
5722,155.6668584,
5723,155.0046636,
5724,154.5438527,
5725,154.3657652,
5726,153.821904,
5727,153.0958541,
5728,152.533728,
5729,152.1384406,
5730,152.1738757,
5731,152.2629602,
5732,152.0279129,
5733,151.6904233,
5734,151.6030487,
5735,151.399905,
5736,151.3555855,
5737,150.5785401,
5738,150.0840588,
5739,149.499321,
5740,149.4051037,
5741,149.3355434,
5742,148.7914093,
5743,148.1841651,
5744,147.5422562,
5745,147.4819512,
5746,146.682449,
5747,145.7560044,
5748,144.9527701,
5749,144.489236,
5750,144.2601459,
5751,143.7170248,
5752,143.1569124,
5753,142.392492,
5754,141.2979749,
5755,140.7454387,
5756,139.9520424,
5757,138.7961309,
5758,137.2886244,
5759,136.0252513,
5760,135.2651341,
5761,134.7494663,
5762,133.8292607,
5763,132.9729769,
5764,132.2043206,
5765,131.0082285,
5766,130.5474696,
5767,129.3991743,
5768,127.9766366,
5769,126.5279492,
5770,126.1468209,
5771,125.2374926,
5772,123.8272944,
5773,122.0714775,
5774,120.8855964,
5775,120.6174245,
5776,119.3602535,
5777,117.2848382,
5778,116.5858794,
5779,115.8859342,
5780,115.3793124,
5781,113.6790021,
5782,112.1264224,
5783,110.7518601,
5784,110.2762734,
5785,109.4834396,
5786,106.9573633,
5787,105.3515077,
5788,104.919753,
5789,104.2947258,
5790,102.8377379,
5791,100.8393894,
5792,99.42875821,
5793,98.9819737,
5794,97.54872844,
5795,95.81470665,
5796,93.38501443,
5797,93.07484731,
5798,93.2710031,
5799,91.74308686,
5800,89.48018082,
5801,87.29816996,
5802,86.21408101,
5803,85.93257232,
5804,84.34048287,
5805,82.74120415,
5806,80.95809753,
5807,79.68404122,
5808,79.08997501,
5809,77.96664262,
5810,75.90397604,
5811,73.82503968,
5812,73.41484682,
5813,73.53206444,
5814,72.45461311,
5815,69.74360987,
5816,67.71233421,
5817,66.81607351,
5818,66.60807728,
5819,66.28777927,
5820,65.29709446,
5821,63.3686674,
5822,62.66986469,
5823,61.50345422,
5824,60.66521458,
5825,59.47995683,
5826,58.6906484,
5827,57.93056647,
5828,56.55519432,
5829,55.57665672,
5830,54.9636904,
5831,53.95992951,
5832,52.2109855,
5833,50.67156273,
5834,49.19864425,
5835,48.95408695,
5836,48.3424908,
5837,46.16938742,
5838,44.50912005,
5839,43.36995456,
5840,42.79315763,
5841,42.26763007,
5842,41.22318197,
5843,39.37258289,
5844,37.19521937,
5845,36.83053923,
5846,35.85924353,
5847,34.24137731,
5848,32.64232155,
5849,31.88677095,
5850,31.56431674,
5851,31.19619015,
5852,30.61320184,
5853,29.84315309,
5854,29.17189732,
5855,29.08700936,
5856,29.17956428,
5857,29.08322467,
5858,28.63526529,
5859,28.32516576,
5860,28.54411134,
5861,28.86221795,
5862,28.92527587,
5863,29.05004872,
5864,29.19685911,
5865,29.42850331,
5866,29.72515724,
5867,29.8520907,
5868,30.41038696,
5869,30.96472654,
5870,31.45986975,
5871,31.83475996,
5872,32.42677707,
5873,32.57595418,
5874,33.07363781,
5875,33.77772042,
5876,34.58545282,
5877,35.57672749,
5878,36.0394484,
5879,36.51884343,
5880,37.14771916,
5881,38.20795217,
5882,39.27277506,
5883,39.72147277,
5884,40.18098312,
5885,40.72614961,
5886,41.63284705,
5887,43.27816213,
5888,44.47286735,
5889,45.5641647,
5890,46.09605156,
5891,46.70188885,
5892,47.79542902,
5893,49.57818097,
5894,50.49143962,
5895,51.58092659,
5896,51.92890782,
5897,52.76036363,
5898,54.95215194,
5899,56.6804756,
5900,57.48263451,
5901,57.85557878,
5902,59.39684845,
5903,60.83837121,
5904,62.8580047,
5905,63.47100632,
5906,64.53285202,
5907,64.45143481,
5908,66.12574096,
5909,67.87817909,
5910,69.92701585,
5911,70.16463814,
5912,71.28707992,
5913,72.82932028,
5914,74.86742699,
5915,76.78354149,
5916,77.5231586,
5917,77.64558132,
5918,79.58445599,
5919,81.58873215,
5920,83.16282741,
5921,83.21737796,
5922,84.30824674,
5923,85.74490951,
5924,87.21762684,
5925,87.95668273,
5926,88.79941749,
5927,90.40019149,
5928,92.19075946,
5929,93.64086181,
5930,94.65535879,
5931,95.00127647,
5932,96.40994851,
5933,98.36934222,
5934,99.45108917,
5935,100.8832859,
5936,101.4204985,
5937,103.1492461,
5938,104.7973252,
5939,106.7177358,
5940,107.2221591,
5941,107.95363,
5942,109.8648258,
5943,111.0196748,
5944,112.5465013,
5945,112.8008104,
5946,113.775061,
5947,114.5544584,
5948,115.5943669,
5949,116.3372475,
5950,116.6482843,
5951,117.2051268,
5952,117.628148,
5953,119.253533,
5954,119.6084918,
5955,119.6645551,
5956,120.417513,
5957,121.2804825,
5958,122.3308752,
5959,123.4028424,
5960,123.6671481,
5961,124.0764593,
5962,125.4575754,
5963,126.6624496,
5964,127.0479499,
5965,128.143313,
5966,128.890099,
5967,130.1071111,
5968,131.1606193,
5969,131.8577886,
5970,132.2686245,
5971,133.4283322,
5972,135.0769714,
5973,135.860525,
5974,136.3294119,
5975,137.1261054,
5976,138.474393,
5977,139.0399358,
5978,139.4533106,
5979,139.8503383,
5980,140.939507,
5981,141.5012555,
5982,142.2190041,
5983,142.6021896,
5984,142.3992471,
5985,142.7933662,
5986,142.814724,
5987,143.2910383,
5988,143.4938817,
5989,143.3069026,
5990,143.1917481,
5991,143.1507663,
5992,143.4734154,
5993,143.1483902,
5994,143.2135243,
5995,143.335599,
5996,143.0852399,
5997,143.0795621,
5998,142.9724934,
5999,143.1848515,
6000,143.3320251,
6001,143.3326986,
6002,143.2714511,
6003,143.2042776,
6004,143.4802396,
6005,143.8124128,
6006,143.7892749,
6007,143.8108573,
6008,143.904024,
6009,144.1719259,
6010,143.9471314,
6011,143.5666549,
6012,143.585149,
6013,143.736994,
6014,143.7568389,
6015,144.0363629,
6016,144.3301513,
6017,144.3298567,
6018,144.4893903,
6019,144.4613414,
6020,144.3906833,
6021,144.1432018,
6022,144.0726259,
6023,144.1458702,
6024,144.3008985,
6025,144.5748771,
6026,144.7702814,
6027,144.6744655,
6028,144.7887782,
6029,144.8449049,
6030,144.7207959,
6031,144.5478459,
6032,144.3387328,
6033,144.2565081,
6034,144.2790865,
6035,144.3388233,
6036,144.1114103,
6037,143.759256,
6038,143.4144811,
6039,142.8733708,
6040,142.4924441,
6041,142.1456261,
6042,141.885656,
6043,141.8889773,
6044,141.8617913,
6045,141.6736302,
6046,141.0698717,
6047,140.5261763,
6048,140.1194637,
6049,139.6270488,
6050,139.1243586,
6051,138.826929,
6052,138.8832612,
6053,138.9566965,
6054,138.2741688,
6055,137.6402926,
6056,137.5191103,
6057,136.8554329,
6058,136.0854132,
6059,135.6046747,
6060,135.4398368,
6061,135.3854975,
6062,134.5336388,
6063,133.5384385,
6064,132.90205,
6065,132.566312,
6066,132.03307,
6067,130.7287258,
6068,129.601565,
6069,129.3163012,
6070,128.6163783,
6071,127.6045685,
6072,126.3628153,
6073,126.0349863,
6074,125.428316,
6075,124.9207626,
6076,123.8895421,
6077,123.0316082,
6078,122.2124552,
6079,121.3795819,
6080,121.0774881,
6081,120.6483561,
6082,118.9549113,
6083,117.5899934,
6084,117.1603179,
6085,116.6667491,
6086,115.1159069,
6087,114.0669807,
6088,113.3827016,
6089,113.4485955,
6090,112.6367507,
6091,111.1465628,
6092,110.0192367,
6093,109.1563431,
6094,109.0192572,
6095,107.1297946,
6096,105.2215918,
6097,104.3099773,
6098,104.4539994,
6099,103.7540981,
6100,101.8857239,
6101,100.5445738,
6102,99.82464965,
6103,98.61038781,
6104,96.57160072,
6105,95.19901559,
6106,94.56416817,
6107,93.79342757,
6108,92.34228046,
6109,91.2550549,
6110,89.82230982,
6111,88.65683218,
6112,87.92397729,
6113,85.85851418,
6114,83.76783304,
6115,82.47038761,
6116,82.14493329,
6117,80.6279123,
6118,78.1603069,
6119,76.10474117,
6120,75.67653562,
6121,74.81017234,
6122,72.86351402,
6123,70.69218786,
6124,69.14951538,
6125,68.68150685,
6126,67.39895255,
6127,66.12007445,
6128,64.4594639,
6129,63.12305863,
6130,62.51745958,
6131,61.66920714,
6132,59.89731413,
6133,58.46885111,
6134,57.71050305,
6135,57.02782233,
6136,55.81054617,
6137,54.84731578,
6138,53.80124264,
6139,52.64435835,
6140,52.13577551,
6141,51.65102658,
6142,50.60034944,
6143,48.4697427,
6144,46.54346912,
6145,45.87503058,
6146,44.92120991,
6147,43.94640837,
6148,41.70920944,
6149,40.05927713,
6150,39.65527771,
6151,38.89677909,
6152,37.13847721,
6153,35.61127091,
6154,34.71316039,
6155,34.38030065,
6156,33.54374142,
6157,32.28635267,
6158,30.75524728,
6159,30.33758663,
6160,30.09044943,
6161,29.37593879,
6162,28.29944841,
6163,27.70911288,
6164,27.26029954,
6165,26.8080816,
6166,26.17522375,
6167,26.01436924,
6168,26.0759279,
6169,26.21674931,
6170,26.79243459,
6171,27.16540855,
6172,27.66887362,
6173,28.23291027,
6174,28.14741572,
6175,29.15055833,
6176,30.22137096,
6177,31.42083976,
6178,32.19813869,
6179,32.35213573,
6180,33.37779056,
6181,34.34749428,
6182,35.87526201,
6183,36.84106106,
6184,37.79916024,
6185,38.6155079,
6186,39.92900403,
6187,41.54894606,
6188,42.52160537,
6189,43.14701441,
6190,43.48892766,
6191,45.60092402,
6192,47.27105916,
6193,48.29165822,
6194,49.04399102,
6195,49.82445435,
6196,51.89297731,
6197,53.91267128,
6198,55.12924826,
6199,55.61387103,
6200,57.46120063,
6201,59.65840052,
6202,60.78466704,
6203,62.13208256,
6204,62.33569726,
6205,63.33634592,
6206,65.7173357,
6207,67.3005869,
6208,68.15687549,
6209,69.0718955,
6210,70.10287456,
6211,72.42318251,
6212,74.26680203,
6213,75.11255724,
6214,75.45656669,
6215,77.08046407,
6216,78.58347788,
6217,80.83196492,
6218,81.7419098,
6219,82.0975112,
6220,83.81805123,
6221,86.04001406,
6222,87.51975645,
6223,88.00613093,
6224,89.16315844,
6225,91.26775711,
6226,92.81047189,
6227,94.01148959,
6228,94.71913323,
6229,95.57610129,
6230,97.55504402,
6231,99.07865867,
6232,100.0732483,
6233,101.0829046,
6234,102.032228,
6235,103.7917798,
6236,105.4776227,
6237,106.4238608,
6238,107.0358891,
6239,108.8211609,
6240,110.6791509,
6241,111.9175806,
6242,112.6988692,
6243,114.1497119,
6244,115.8244241,
6245,117.1095164,
6246,117.8109527,
6247,118.3878574,
6248,119.4196331,
6249,121.4684789,
6250,122.8253797,
6251,123.049667,
6252,123.5787211,
6253,124.8941444,
6254,125.7594049,
6255,126.6236577,
6256,126.8324682,
6257,126.85535,
6258,127.2560879,
6259,127.7724288,
6260,128.415378,
6261,128.9247905,
6262,129.096217,
6263,129.9198325,
6264,130.7345499,
6265,131.596582,
6266,132.7176411,
6267,133.0133926,
6268,133.2877641,
6269,134.3526957,
6270,136.0012453,
6271,137.0002304,
6272,137.3318087,
6273,137.398047,
6274,138.1513605,
6275,139.7133412,
6276,140.5780558,
6277,140.9385998,
6278,140.7633205,
6279,141.871992,
6280,143.1599427,
6281,143.869815,
6282,144.5496572,
6283,145.3169213,
6284,146.3353452,
6285,147.0559508,
6286,147.6341009,
6287,147.6500228,
6288,148.454959,
6289,149.3496665,
6290,150.3910831,
6291,150.6730715,
6292,151.0886698,
6293,151.7853748,
6294,152.7050037,
6295,153.6751177,
6296,154.3993415,
6297,154.4019362,
6298,154.8828996,
6299,155.3057431,
6300,155.7959969,
6301,156.3392118,
6302,156.7152872,
6303,156.9100203,
6304,157.2024891,
6305,157.1173479,
6306,157.4790875,
6307,157.4736269,
6308,157.3649052,
6309,157.175502,
6310,156.8420508,
6311,156.4305569,
6312,156.0952131,
6313,155.7307453,
6314,155.3983066,
6315,155.2346033,
6316,154.784314,
6317,154.1900004,
6318,153.4914012,
6319,153.1655616,
6320,153.1342274,
6321,152.6964858,
6322,152.2224551,
6323,151.4745667,
6324,150.8722341,
6325,150.7699457,
6326,150.3196939,
6327,149.6210138,
6328,148.8582745,
6329,148.163847,
6330,148.1246966,
6331,147.5150463,
6332,146.6680627,
6333,145.3645907,
6334,144.9361411,
6335,144.9824681,
6336,144.4964403,
6337,143.8284347,
6338,142.6641444,
6339,141.999638,
6340,141.7608816,
6341,140.7798224,
6342,139.710665,
6343,138.8864064,
6344,138.3911981,
6345,138.0621875,
6346,137.3165894,
6347,136.5508087,
6348,135.3356948,
6349,135.0558476,
6350,134.2255068,
6351,132.9458259,
6352,131.5669549,
6353,131.0749465,
6354,130.9162429,
6355,130.2637931,
6356,128.8757295,
6357,127.5464426,
6358,127.0598211,
6359,126.265339,
6360,124.6174045,
6361,123.1133647,
6362,122.0099852,
6363,121.8728752,
6364,121.3322161,
6365,119.8144606,
6366,118.2286223,
6367,117.294249,
6368,116.5883873,
6369,114.8268076,
6370,113.0881799,
6371,112.2399583,
6372,111.960868,
6373,111.4846766,
6374,110.0953399,
6375,108.5799905,
6376,107.952193,
6377,106.8963794,
6378,105.0748111,
6379,103.9059077,
6380,102.5957092,
6381,102.2326824,
6382,101.4938826,
6383,100.0118049,
6384,98.17244341,
6385,97.42991939,
6386,97.08930008,
6387,95.59432257,
6388,94.152739,
6389,92.88629084,
6390,92.07038866,
6391,91.75326585,
6392,91.24291525,
6393,89.53556666,
6394,88.00276131,
6395,87.41401202,
6396,86.44319432,
6397,85.24051888,
6398,83.76982526,
6399,81.94749857,
6400,81.82727907,
6401,80.57725666,
6402,79.39165701,
6403,78.15122096,
6404,76.90259205,
6405,75.94455121,
6406,75.89275848,
6407,74.83579729,
6408,72.88402869,
6409,71.87088314,
6410,71.07808907,
6411,70.23580666,
6412,69.00301393,
6413,67.13675962,
6414,65.32636641,
6415,64.64344926,
6416,63.65971495,
6417,62.54481167,
6418,60.73589128,
6419,59.16397141,
6420,58.42849194,
6421,57.82482299,
6422,56.35467097,
6423,54.27851819,
6424,52.76600826,
6425,52.12411818,
6426,51.32142849,
6427,50.18087874,
6428,48.32213812,
6429,46.99724843,
6430,45.8752728,
6431,45.19858545,
6432,44.01026371,
6433,41.52304717,
6434,40.06457135,
6435,39.03616971,
6436,38.11430014,
6437,36.938845,
6438,34.02045014,
6439,32.92529029,
6440,32.20401861,
6441,31.70746171,
6442,30.19409361,
6443,27.86196327,
6444,26.92591577,
6445,26.70596567,
6446,26.12092691,
6447,24.76126206,
6448,23.68017197,
6449,22.32334545,
6450,21.82934719,
6451,21.09577211,
6452,20.22052579,
6453,18.69981806,
6454,18.14864633,
6455,17.87132319,
6456,17.67702257,
6457,16.98513604,
6458,16.0731631,
6459,15.60016617,
6460,15.65788676,
6461,15.4248794,
6462,15.46938523,
6463,15.59747411,
6464,16.07413786,
6465,16.10744245,
6466,17.22370268,
6467,18.15068684,
6468,19.29605927,
6469,19.67842132,
6470,20.23488819,
6471,21.09506777,
6472,22.73482753,
6473,24.48125526,
6474,25.14988117,
6475,25.83768336,
6476,27.124922,
6477,28.39357577,
6478,30.06717439,
6479,31.03932465,
6480,30.96304073,
6481,32.51679761,
6482,34.28958075,
6483,36.14853446,
6484,36.97414832,
6485,37.52626583,
6486,38.72765561,
6487,40.07220717,
6488,41.59274399,
6489,42.14459062,
6490,43.21395164,
6491,43.87534302,
6492,45.57120756,
6493,47.27500776,
6494,48.96498495,
6495,49.91270467,
6496,50.56256917,
6497,51.99092913,
6498,53.74112054,
6499,54.9120376,
6500,55.30183511,
6501,55.94094611,
6502,57.0260703,
6503,57.79413222,
6504,59.29459009,
6505,59.57763968,
6506,60.01790989,
6507,60.6319137,
6508,61.8812382,
6509,63.22970089,
6510,64.05118784,
6511,63.97205499,
6512,64.49700088,
6513,66.28788383,
6514,68.03836806,
6515,69.20079565,
6516,69.81841122,
6517,70.40134945,
6518,71.41564875,
6519,73.11159044,
6520,74.50481041,
6521,75.00307754,
6522,75.56282762,
6523,76.98401268,
6524,78.35665119,
6525,78.99661101,
6526,79.73278998,
6527,80.08075226,
6528,80.88192146,
6529,82.60052945,
6530,83.43896779,
6531,84.73240183,
6532,85.38539838,
6533,86.22434696,
6534,87.88874159,
6535,89.58822176,
6536,90.64836422,
6537,90.70351856,
6538,91.66840144,
6539,93.59479875,
6540,94.75001802,
6541,95.50784107,
6542,96.19296883,
6543,97.47722873,
6544,99.23687338,
6545,100.5808224,
6546,101.3631472,
6547,102.0804193,
6548,103.2553362,
6549,105.4622733,
6550,105.7881646,
6551,106.3280855,
6552,106.9083291,
6553,107.8368123,
6554,108.5711323,
6555,109.5267676,
6556,109.6431644,
6557,109.8006042,
6558,110.4139566,
6559,111.2716784,
6560,111.8788565,
6561,112.6342465,
6562,112.9943997,
6563,113.7075223,
6564,114.9473158,
6565,115.9341474,
6566,116.2761468,
6567,116.4957091,
6568,116.8824704,
6569,118.2873602,
6570,119.1662498,
6571,119.4320817,
6572,120.2394365,
6573,120.8985361,
6574,121.9822732,
6575,122.5423117,
6576,122.5232298,
6577,122.7552507,
6578,123.8663204,
6579,124.6665641,
6580,125.3478774,
6581,125.6217387,
6582,125.9108453,
6583,126.3324239,
6584,127.1516212,
6585,127.4277836,
6586,127.5586079,
6587,127.6362035,
6588,128.2298189,
6589,128.9056558,
6590,129.2598413,
6591,129.2669153,
6592,129.9143926,
6593,130.3821974,
6594,131.2640606,
6595,131.6316873,
6596,131.7503291,
6597,131.8273276,
6598,132.5273157,
6599,133.1488418,
6600,133.5781453,
6601,134.0078841,
6602,134.3812032,
6603,135.0006667,
6604,135.9011446,
6605,136.3768143,
6606,136.3304651,
6607,136.8931256,
6608,137.5891559,
6609,138.1359439,
6610,138.4027857,
6611,138.7248489,
6612,139.5473915,
6613,140.2087761,
6614,140.8508634,
6615,141.0263178,
6616,140.7665496,
6617,141.0021679,
6618,141.5763631,
6619,142.1002793,
6620,142.3743762,
6621,143.0280995,
6622,143.9158935,
6623,144.3857474,
6624,144.6631975,
6625,144.6805468,
6626,145.0698515,
6627,146.0178265,
6628,146.7082788,
6629,147.1268441,
6630,147.5219685,
6631,148.0632991,
6632,149.239683,
6633,149.6655351,
6634,149.8710772,
6635,149.6559168,
6636,149.6031866,
6637,150.0403122,
6638,150.2343431,
6639,150.6750928,
6640,150.6098232,
6641,150.929837,
6642,150.839543,
6643,150.8128907,
6644,150.6404157,
6645,150.2539283,
6646,149.8111272,
6647,149.6768616,
6648,149.3348917,
6649,149.2748362,
6650,149.1323316,
6651,148.695903,
6652,148.274634,
6653,147.8991806,
6654,147.7667275,
6655,147.361467,
6656,146.7246398,
6657,146.3389317,
6658,145.360974,
6659,145.1793752,
6660,144.813375,
6661,144.0856693,
6662,143.2183398,
6663,142.4167528,
6664,142.2660163,
6665,140.9749612,
6666,140.2991674,
6667,139.2754739,
6668,139.0384432,
6669,138.5375133,
6670,137.4773551,
6671,136.5515977,
6672,134.9845489,
6673,134.8038385,
6674,133.7033866,
6675,132.4755695,
6676,131.1253335,
6677,130.326892,
6678,129.8969567,
6679,128.8876102,
6680,127.4483061,
6681,125.5027593,
6682,124.9029965,
6683,124.5441286,
6684,122.6008414,
6685,121.0847109,
6686,119.5613459,
6687,119.3035229,
6688,118.4161917,
6689,116.2523399,
6690,114.5045119,
6691,113.5131706,
6692,112.9454411,
6693,110.8393047,
6694,108.9586049,
6695,107.6502149,
6696,107.1682508,
6697,106.5500183,
6698,105.2079296,
6699,103.8027402,
6700,103.0860678,
6701,102.4055719,
6702,101.4740532,
6703,99.62369192,
6704,97.6038723,
6705,96.21358665,
6706,95.23918958,
6707,95.36965926,
6708,94.55334434,
6709,92.77724832,
6710,90.7121946,
6711,89.24557885,
6712,88.51169803,
6713,87.04418444,
6714,84.88252571,
6715,83.16141923,
6716,82.71150843,
6717,82.06984384,
6718,81.04295102,
6719,79.38340071,
6720,77.60005258,
6721,76.34987708,
6722,75.43546546,
6723,73.732506,
6724,71.57247739,
6725,69.75614198,
6726,69.69007916,
6727,68.66181334,
6728,66.80828563,
6729,65.08271234,
6730,63.97048094,
6731,63.32402995,
6732,61.69937988,
6733,59.56824287,
6734,58.06372921,
6735,57.62796065,
6736,57.54878486,
6737,56.03570323,
6738,54.20541344,
6739,53.2626051,
6740,52.58244118,
6741,52.08868046,
6742,50.60915651,
6743,48.39921494,
6744,47.35348622,
6745,46.9555343,
6746,46.67137818,
6747,44.94318496,
6748,43.39533703,
6749,41.39057587,
6750,40.18750337,
6751,40.32430365,
6752,38.85786639,
6753,37.54730472,
6754,35.92974552,
6755,35.10825873,
6756,34.53553542,
6757,34.07170496,
6758,32.72823815,
6759,31.800306,
6760,30.91705187,
6761,30.57061645,
6762,30.5117188,
6763,30.54342428,
6764,29.74449067,
6765,29.32780179,
6766,29.21416938,
6767,28.94273494,
6768,28.67503632,
6769,28.48155408,
6770,28.40546172,
6771,28.57974565,
6772,28.90987877,
6773,29.04777999,
6774,29.43275305,
6775,29.553381,
6776,29.80084716,
6777,30.09431632,
6778,30.32658014,
6779,30.54232394,
6780,31.2683424,
6781,31.95828879,
6782,32.49647527,
6783,32.71325007,
6784,33.37744802,
6785,34.156746,
6786,35.0860253,
6787,35.60490228,
6788,35.6613953,
6789,35.4775934,
6790,36.31267131,
6791,37.46400816,
6792,38.47964373,
6793,38.81821501,
6794,39.91259257,
6795,40.36869966,
6796,41.39578666,
6797,42.70506986,
6798,43.29882829,
6799,43.64032246,
6800,44.66127816,
6801,45.81383572,
6802,47.04295345,
6803,47.87878585,
6804,48.40874514,
6805,49.35153335,
6806,50.05493541,
6807,50.96572271,
6808,51.9979282,
6809,52.68010542,
6810,53.92360202,
6811,54.44231443,
6812,55.72071954,
6813,57.15080081,
6814,58.71991134,
6815,58.64290472,
6816,59.51410008,
6817,61.06624204,
6818,62.48583826,
6819,63.72978504,
6820,64.42117688,
6821,65.68344566,
6822,67.70080265,
6823,69.0429616,
6824,70.22859289,
6825,70.47220535,
6826,71.22303534,
6827,72.79800295,
6828,74.23354084,
6829,75.00030921,
6830,75.32877712,
6831,76.45356676,
6832,77.90564409,
6833,79.08602248,
6834,79.60694723,
6835,79.64960955,
6836,80.68367882,
6837,82.88581098,
6838,83.86468878,
6839,84.44478037,
6840,85.89470186,
6841,87.56677547,
6842,89.3398758,
6843,90.26060256,
6844,90.41619615,
6845,91.42473714,
6846,93.62354023,
6847,95.25782594,
6848,96.08893379,
6849,97.59466901,
6850,99.2603499,
6851,100.7918332,
6852,101.5887322,
6853,101.9615853,
6854,102.8846134,
6855,104.7156618,
6856,106.1414042,
6857,106.4214362,
6858,107.213159,
6859,108.2378501,
6860,109.6564175,
6861,110.4054308,
6862,110.7449268,
6863,111.4034621,
6864,111.9287765,
6865,112.7353176,
6866,113.463092,
6867,113.6733899,
6868,114.2388494,
6869,115.0964056,
6870,116.3563906,
6871,116.8274373,
6872,117.0798841,
6873,118.3000189,
6874,119.6002076,
6875,120.2724583,
6876,120.7446217,
6877,121.3947444,
6878,122.8255717,
6879,123.8865396,
6880,124.2254139,
6881,124.2531054,
6882,124.9768652,
6883,126.4543064,
6884,127.0045408,
6885,127.4277364,
6886,128.3580814,
6887,129.7921862,
6888,130.3143709,
6889,130.3483872,
6890,130.5011477,
6891,131.4737708,
6892,132.7495376,
6893,133.3358841,
6894,133.654252,
6895,134.1104451,
6896,135.2181994,
6897,135.9368501,
6898,136.3347048,
6899,136.4334821,
6900,136.4131154,
6901,137.4407411,
6902,138.0707544,
6903,138.4216074,
6904,138.6719139,
6905,139.1010939,
6906,139.5908548,
6907,140.4036206,
6908,140.8449613,
6909,140.7178137,
6910,140.7645583,
6911,141.2209421,
6912,141.5945232,
6913,141.8347177,
6914,141.8571211,
6915,141.8175916,
6916,141.5661707,
6917,141.3210278,
6918,140.9723929,
6919,140.8024246,
6920,140.5271606,
6921,139.8217903,
6922,139.3421173,
6923,139.1306169,
6924,138.7600431,
6925,138.8068571,
6926,138.525821,
6927,138.0890438,
6928,137.979249,
6929,137.7277728,
6930,137.6481426,
6931,137.2353746,
6932,136.5869945,
6933,136.0775718,
6934,136.1561569,
6935,136.1732717,
6936,136.0544086,
6937,135.5147902,
6938,135.199906,
6939,134.8046202,
6940,134.4462909,
6941,133.9503299,
6942,133.0886504,
6943,132.6951909,
6944,132.5321638,
6945,132.4782812,
6946,132.2480801,
6947,131.9703252,
6948,131.2777973,
6949,130.8204153,
6950,130.310012,
6951,129.4120515,
6952,128.7795158,
6953,128.4746909,
6954,128.3201998,
6955,128.0445814,
6956,127.6665024,
6957,127.1531837,
6958,126.793136,
6959,126.3366363,
6960,125.4174313,
6961,124.8513018,
6962,124.25663,
6963,124.3363663,
6964,124.0792735,
6965,123.5676033,
6966,123.0716679,
6967,122.2657874,
6968,122.0391856,
6969,120.8919323,
6970,120.1093236,
6971,119.285998,
6972,119.4196064,
6973,119.4779808,
6974,118.9526872,
6975,118.539923,
6976,117.7630386,
6977,116.8792296,
6978,115.9389271,
6979,114.895981,
6980,114.4184025,
6981,114.1768724,
6982,113.8254794,
6983,113.1894345,
6984,112.457518,
6985,111.8933584,
6986,111.6353093,
6987,110.8522248,
6988,109.5856318,
6989,108.3606239,
6990,108.2606769,
6991,108.0144502,
6992,107.4655425,
6993,106.4220587,
6994,105.4206009,
6995,104.9394711,
6996,104.5017031,
6997,104.1691101,
6998,102.8902878,
6999,101.9171263,
7000,100.9591218,
7001,100.441,
7002,99.99213609,
7003,99.1337937,
7004,98.56769237,
7005,97.30558568,
7006,96.54299616,
7007,95.85785702,
7008,95.29426566,
7009,95.06803123,
7010,93.39641796,
7011,92.00638335,
7012,91.43011134,
7013,90.84516725,
7014,90.34704255,
7015,89.49102148,
7016,88.61247685,
7017,87.89407227,
7018,87.53213358,
7019,87.2806328,
7020,86.98731243,
7021,86.44434273,
7022,85.28333545,
7023,84.61868241,
7024,83.03151002,
7025,82.87416788,
7026,82.14071729,
7027,81.17188646,
7028,80.41775574,
7029,79.75269268,
7030,78.66636739,
7031,78.47212732,
7032,78.58579617,
7033,77.61905289,
7034,76.49543164,
7035,75.24481517,
7036,74.70161693,
7037,74.14904226,
7038,73.66703297,
7039,72.68514645,
7040,71.6911666,
7041,70.63565157,
7042,70.19590435,
7043,69.35074483,
7044,68.59817829,
7045,67.91599751,
7046,66.25549367,
7047,65.36357167,
7048,64.88867528,
7049,63.91546697,
7050,63.45674825,
7051,61.62540043,
7052,59.98768788,
7053,58.80423541,
7054,58.27766815,
7055,57.05898873,
7056,55.1000693,
7057,52.95127632,
7058,52.15734176,
7059,51.55482426,
7060,50.60435205,
7061,48.77301201,
7062,47.06631301,
7063,46.41656426,
7064,45.78756002,
7065,44.81018642,
7066,43.57876687,
7067,42.38850967,
7068,41.15025092,
7069,40.75202243,
7070,39.72090976,
7071,38.27051225,
7072,36.91187741,
7073,35.5596396,
7074,35.10944493,
7075,34.54965456,
7076,33.0478751,
7077,31.52988636,
7078,30.63515636,
7079,30.0087912,
7080,28.80791298,
7081,27.80417386,
7082,26.87405455,
7083,26.52099199,
7084,26.36080812,
7085,26.19349152,
7086,25.49601716,
7087,24.94742917,
7088,24.75391445,
7089,24.40202658,
7090,24.11557169,
7091,23.99330149,
7092,24.26178053,
7093,24.32358743,
7094,24.72788177,
7095,25.46441395,
7096,26.17425438,
7097,26.892807,
7098,27.23349378,
7099,27.49732912,
7100,28.27525101,
7101,29.53832147,
7102,30.50892468,
7103,30.70692728,
7104,31.69627534,
7105,33.14934695,
7106,34.36960453,
7107,36.00405062,
7108,36.19585301,
7109,37.00617142,
7110,38.88910294,
7111,40.17500361,
7112,41.31795893,
7113,41.7328888,
7114,43.41826239,
7115,44.69507059,
7116,46.09374257,
7117,47.03897636,
7118,47.39868135,
7119,48.67450812,
7120,50.41056635,
7121,52.0921979,
7122,52.65727167,
7123,53.04164825,
7124,53.94241415,
7125,55.57589781,
7126,57.47641689,
7127,58.57474006,
7128,59.16063992,
7129,60.4291377,
7130,62.05937657,
7131,63.43172856,
7132,64.47372842,
7133,65.24946165,
7134,65.57869982,
7135,67.97058174,
7136,69.7400156,
7137,70.40979101,
7138,71.24125525,
7139,71.91399245,
7140,74.21708067,
7141,76.20094441,
7142,77.02228025,
7143,77.36168501,
7144,78.22898665,
7145,80.14309748,
7146,82.17051397,
7147,83.06228374,
7148,83.19751269,
7149,83.77873225,
7150,84.51221963,
7151,85.70262977,
7152,86.60112194,
7153,87.2569161,
7154,87.23258727,
7155,87.78307835,
7156,88.75154707,
7157,88.99894197,
7158,89.32901353,
7159,89.65175492,
7160,89.99877604,
7161,90.56813342,
7162,91.64274798,
7163,92.15718072,
7164,92.93145815,
7165,93.21523425,
7166,93.54503107,
7167,94.47531505,
7168,95.53244683,
7169,95.6627769,
7170,95.86249689,
7171,96.31952048,
7172,97.01236276,
7173,98.06512731,
7174,98.38825663,
7175,98.58991609,
7176,98.71067836,
7177,99.27571235,
7178,100.584367,
7179,100.8421977,
7180,101.1311462,
7181,101.3589009,
7182,101.9254431,
7183,102.965117,
7184,103.3932026,
7185,103.7658461,
7186,104.0694113,
7187,104.7450777,
7188,105.642159,
7189,106.0162533,
7190,106.6468199,
7191,107.0402871,
7192,107.6783743,
7193,108.3348205,
7194,109.0596545,
7195,109.1587806,
7196,109.5504949,
7197,110.6901008,
7198,111.7158432,
7199,112.1693856,
7200,112.7111329,
7201,113.3576842,
7202,114.319554,
7203,114.8792204,
7204,115.2483713,
7205,115.0858534,
7206,116.06343,
7207,117.1754041,
7208,117.8520613,
7209,118.1067286,
7210,118.565949,
7211,119.5867575,
7212,120.3709572,
7213,120.6416225,
7214,120.7757253,
7215,121.5248713,
7216,122.1494104,
7217,123.0347913,
7218,123.3814534,
7219,123.6486605,
7220,124.0225517,
7221,124.9090802,
7222,125.396873,
7223,125.7221516,
7224,126.010315,
7225,126.1766349,
7226,127.2976717,
7227,128.0098444,
7228,128.2942532,
7229,128.8434749,
7230,129.2540706,
7231,130.069265,
7232,130.8733727,
7233,131.2560549,
7234,131.6286397,
7235,131.8776059,
7236,132.3037922,
7237,133.4538994,
7238,133.9351408,
7239,133.9552334,
7240,134.2490714,
7241,134.7843191,
7242,135.3976201,
7243,136.0030052,
7244,136.4241456,
7245,136.4252829,
7246,136.1713085,
7247,136.7896252,
7248,137.3013294,
7249,137.7535588,
7250,137.7105245,
7251,137.8880524,
7252,137.6691587,
7253,137.5970596,
7254,137.5888849,
7255,137.4954157,
7256,137.5096809,
7257,137.1447829,
7258,136.6729246,
7259,136.4281535,
7260,136.4966196,
7261,136.3788832,
7262,136.4335668,
7263,136.2060062,
7264,135.9124565,
7265,135.7529866,
7266,135.7706478,
7267,135.4833138,
7268,135.1579452,
7269,135.0365245,
7270,134.7051371,
7271,134.7824209,
7272,135.0344077,
7273,134.8500138,
7274,134.254462,
7275,133.8823124,
7276,133.7076794,
7277,133.0109184,
7278,132.5538497,
7279,131.9823877,
7280,131.6645153,
7281,131.9582911,
7282,131.7643355,
7283,131.3218659,
7284,130.9410119,
7285,130.4923737,
7286,130.130663,
7287,129.3532191,
7288,128.7618155,
7289,127.8368822,
7290,127.7855249,
7291,127.5461263,
7292,126.982462,
7293,126.3917581,
7294,125.660869,
7295,125.5371641,
7296,125.2631908,
7297,124.3972799,
7298,123.7680556,
7299,123.3207878,
7300,123.072527,
7301,122.9367361,
7302,122.8867797,
7303,121.9163531,
7304,121.4831506,
7305,120.986096,
7306,120.6155269,
7307,119.7057251,
7308,118.7776217,
7309,118.4114268,
7310,118.1858547,
7311,117.8379817,
7312,117.4267043,
7313,116.2952001,
7314,115.3749543,
7315,115.0989828,
7316,114.1122955,
7317,112.9133715,
7318,111.7864191,
7319,110.962242,
7320,110.7971951,
7321,110.2760206,
7322,109.1049424,
7323,108.1036722,
7324,107.1465484,
7325,106.3572465,
7326,106.0066844,
7327,104.5877496,
7328,103.5980404,
7329,101.6578474,
7330,101.2355846,
7331,100.7219629,
7332,99.68232294,
7333,98.2786014,
7334,97.20746968,
7335,96.51260352,
7336,96.18377005,
7337,95.10639769,
7338,94.50753268,
7339,93.53675655,
7340,93.02408356,
7341,92.81684094,
7342,92.53314823,
7343,91.88436333,
7344,90.79982709,
7345,89.73341362,
7346,89.11342715,
7347,88.34910981,
7348,86.95213522,
7349,85.56178457,
7350,84.57963901,
7351,84.37741777,
7352,83.86065862,
7353,82.62550048,
7354,81.02074434,
7355,80.18532717,
7356,79.67205959,
7357,79.14854434,
7358,77.8207468,
7359,75.91833903,
7360,74.76501935,
7361,74.44965887,
7362,73.36544212,
7363,71.66750621,
7364,70.07981856,
7365,69.28628843,
7366,68.47747775,
7367,67.56575199,
7368,65.5604836,
7369,64.19534176,
7370,63.37799387,
7371,62.9283769,
7372,61.46299472,
7373,59.62904215,
7374,58.48475215,
7375,57.65200278,
7376,56.80841455,
7377,54.88015959,
7378,52.69161526,
7379,50.71650027,
7380,50.73539926,
7381,50.14279368,
7382,48.62737263,
7383,46.85837543,
7384,45.13429775,
7385,44.41525642,
7386,43.19106967,
7387,41.78321001,
7388,40.36637512,
7389,39.33559308,
7390,38.7376569,
7391,38.28895738,
7392,37.32917873,
7393,36.18360614,
7394,35.35883156,
7395,33.67803384,
7396,33.44949456,
7397,32.83291109,
7398,30.96353776,
7399,29.23814936,
7400,28.0128426,
7401,28.0000068,
7402,27.36626001,
7403,26.31243182,
7404,25.03331802,
7405,24.25074234,
7406,23.78504913,
7407,23.99482378,
7408,23.00775769,
7409,21.70178773,
7410,20.21432694,
7411,19.28258162,
7412,18.66398713,
7413,17.5991655,
7414,16.46234278,
7415,15.2577261,
7416,14.10032655,
7417,13.21923407,
7418,13.07726973,
7419,12.53511951,
7420,10.98493016,
7421,10.97467387,
7422,10.82276026,
7423,10.53007184,
7424,10.5726658,
7425,10.70602936,
7426,11.02513071,
7427,11.37093776,
7428,11.88972746,
7429,12.78653239,
7430,14.19535174,
7431,15.53929196,
7432,15.94185408,
7433,16.15594076,
7434,17.98017066,
7435,19.21696531,
7436,20.80152618,
7437,21.28939188,
7438,22.57934064,
7439,24.72429926,
7440,26.55512885,
7441,27.21449949,
7442,28.08551386,
7443,29.47666176,
7444,31.65024387,
7445,33.22617598,
7446,33.8158976,
7447,35.12415511,
7448,37.50642037,
7449,39.26099246,
7450,40.39743798,
7451,41.10940818,
7452,42.2091987,
7453,44.33047186,
7454,46.1117062,
7455,48.05601903,
7456,48.50163943,
7457,50.37105582,
7458,51.95820116,
7459,53.40195895,
7460,54.10339681,
7461,55.21265407,
7462,56.89391774,
7463,58.32854478,
7464,59.23576042,
7465,59.32176095,
7466,60.23912232,
7467,61.41712381,
7468,63.49921523,
7469,64.74350609,
7470,65.0189936,
7471,65.86385764,
7472,67.60367003,
7473,69.48185212,
7474,70.88368375,
7475,71.61208774,
7476,72.71606827,
7477,74.27698953,
7478,76.01489604,
7479,76.87846167,
7480,77.67487429,
7481,78.79726639,
7482,79.8263876,
7483,82.03039274,
7484,83.66839138,
7485,85.09122706,
7486,85.7974494,
7487,88.09417416,
7488,89.82828888,
7489,91.6228355,
7490,92.09775945,
7491,93.04265168,
7492,95.09091519,
7493,96.85139382,
7494,97.49331585,
7495,98.21680648,
7496,98.97843823,
7497,100.5347871,
7498,102.0623003,
7499,102.9143433,
7500,103.6948539,
7501,104.6459113,
7502,106.5141355,
7503,107.468278,
7504,107.8985049,
7505,108.7805311,
7506,110.718102,
7507,112.6403596,
7508,113.0218162,
7509,113.5968778,
7510,114.9581932,
7511,116.3950119,
7512,117.5919057,
7513,117.6846855,
7514,118.1385936,
7515,118.9507254,
7516,120.4808797,
7517,121.2401916,
7518,122.2392114,
7519,122.4913687,
7520,123.3500865,
7521,124.2499242,
7522,125.0883584,
7523,125.2975913,
7524,125.5738444,
7525,125.9154188,
7526,126.2083989,
7527,127.0460464,
7528,127.2037249,
7529,127.4788171,
7530,128.3452614,
7531,129.2731031,
7532,129.7162011,
7533,130.258062,
7534,130.3162639,
7535,130.8909531,
7536,131.8557451,
7537,132.9461152,
7538,133.1350032,
7539,133.7991592,
7540,134.9778245,
7541,135.4947712,
7542,135.7981386,
7543,136.3235654,
7544,137.2094842,
7545,138.2250495,
7546,138.8256752,
7547,139.196644,
7548,139.7361444,
7549,140.9021379,
7550,141.5110351,
7551,141.9030907,
7552,141.8911381,
7553,142.8816065,
7554,143.839304,
7555,144.3973057,
7556,144.4549586,
7557,145.1156624,
7558,145.4984823,
7559,145.857451,
7560,145.8558214,
7561,146.0702774,
7562,145.817395,
7563,145.541778,
7564,145.5635713,
7565,145.7359611,
7566,145.7673333,
7567,145.7685319,
7568,146.0122897,
7569,145.7016026,
7570,145.2242319,
7571,145.2334353,
7572,145.1717106,
7573,144.8505886,
7574,144.5254349,
7575,144.369431,
7576,144.5811446,
7577,144.4409475,
7578,144.6543223,
7579,144.7393953,
7580,144.4078867,
7581,144.2607469,
7582,144.0084648,
7583,143.9820381,
7584,143.9441184,
7585,144.0395457,
7586,143.7521953,
7587,143.6146159,
7588,143.7381878,
7589,144.0362399,
7590,144.0318274,
7591,143.5855816,
7592,143.4793279,
7593,143.2462819,
7594,143.1834266,
7595,143.131027,
7596,142.9742135,
7597,142.8956793,
7598,143.0589466,
7599,142.9678168,
7600,142.8203388,
7601,142.5762293,
7602,142.3330828,
7603,141.6267116,
7604,141.2688503,
7605,141.2342015,
7606,141.0780945,
7607,141.1480724,
7608,141.0843455,
7609,140.8463272,
7610,140.5751505,
7611,139.9907764,
7612,139.416833,
7613,139.0510828,
7614,138.5372303,
7615,138.1453487,
7616,138.2050809,
7617,138.1859575,
7618,137.8891464,
7619,137.4955605,
7620,137.2170945,
7621,136.6410125,
7622,136.2057289,
7623,135.2940525,
7624,135.0877453,
7625,135.316062,
7626,134.9003534,
7627,134.2743453,
7628,133.5622621,
7629,133.3418831,
7630,132.4807705,
7631,131.3360271,
7632,130.4187639,
7633,129.8458316,
7634,129.7655125,
7635,129.3090058,
7636,128.2648935,
7637,127.5300701,
7638,126.813289,
7639,126.1973627,
7640,125.3366909,
7641,124.1849228,
7642,122.6243236,
7643,121.9563701,
7644,121.9917358,
7645,120.4319083,
7646,118.9650489,
7647,117.7449453,
7648,117.2889139,
7649,116.4264547,
7650,114.3221163,
7651,112.5291215,
7652,111.4087498,
7653,111.1208523,
7654,110.0091819,
7655,108.3593046,
7656,106.9053751,
7657,105.9554783,
7658,105.317543,
7659,103.4234426,
7660,101.0920999,
7661,99.54990738,
7662,99.50577265,
7663,98.26467028,
7664,96.92601793,
7665,95.42465142,
7666,93.90073759,
7667,93.0968083,
7668,91.87310016,
7669,89.51342458,
7670,87.51050867,
7671,86.7515465,
7672,85.89848428,
7673,84.70617719,
7674,82.6775601,
7675,81.02085859,
7676,80.5474803,
7677,79.15299616,
7678,77.36790342,
7679,75.586935,
7680,75.03060134,
7681,74.26553939,
7682,73.07876107,
7683,71.09341914,
7684,68.88836022,
7685,68.17519399,
7686,67.95012688,
7687,66.5151675,
7688,64.44037861,
7689,62.75824313,
7690,61.9765317,
7691,61.03454149,
7692,59.65236353,
7693,57.23912453,
7694,56.09788247,
7695,54.92706385,
7696,54.27232395,
7697,52.20637607,
7698,50.37137137,
7699,48.61976159,
7700,48.52060469,
7701,47.54703219,
7702,45.19294976,
7703,43.09163696,
7704,41.39348067,
7705,40.88493793,
7706,39.72753488,
7707,37.58873744,
7708,35.83803673,
7709,35.73914122,
7710,34.96226288,
7711,32.99670657,
7712,31.41495964,
7713,30.65849731,
7714,30.12662492,
7715,29.28615287,
7716,27.6870371,
7717,26.85793183,
7718,26.64662571,
7719,26.29269416,
7720,25.86452901,
7721,25.5020064,
7722,25.03593338,
7723,24.92685359,
7724,25.63568091,
7725,25.83002137,
7726,26.00319204,
7727,26.23246076,
7728,26.55261321,
7729,27.04793024,
7730,27.87165315,
7731,28.69721927,
7732,29.14684991,
7733,30.06700451,
7734,31.23215464,
7735,31.97633506,
7736,32.79947204,
7737,32.98161379,
7738,33.61936695,
7739,35.00472682,
7740,36.40826237,
7741,37.46567051,
7742,38.18609599,
7743,40.18255713,
7744,42.25906344,
7745,43.52245086,
7746,43.94241376,
7747,45.47968707,
7748,47.57553293,
7749,49.16995013,
7750,50.22995125,
7751,51.25662602,
7752,52.89230914,
7753,54.70275046,
7754,56.01064299,
7755,56.56996405,
7756,57.43186361,
7757,59.02730199,
7758,60.74886148,
7759,61.6476906,
7760,62.22031231,
7761,62.91642107,
7762,64.09677233,
7763,66.10829972,
7764,67.24216015,
7765,67.66122646,
7766,68.25019797,
7767,69.69906947,
7768,71.66793918,
7769,72.95182996,
7770,73.27929177,
7771,74.19646522,
7772,74.73728682,
7773,76.39124339,
7774,77.19403612,
7775,77.87215466,
7776,78.21219668,
7777,78.52872846,
7778,79.57208553,
7779,80.66370263,
7780,82.03915765,
7781,82.88325346,
7782,83.63656417,
7783,84.33917692,
7784,85.4416046,
7785,87.26632786,
7786,88.33509322,
7787,88.43324084,
7788,89.66664468,
7789,91.21686161,
7790,92.06752602,
7791,93.59921799,
7792,94.52622556,
7793,95.29033741,
7794,95.73300714,
7795,97.18377587,
7796,98.62803392,
7797,99.41324852,
7798,100.1561465,
7799,100.1827842,
7800,101.5678178,
7801,103.3258035,
7802,104.9291156,
7803,105.904795,
7804,106.5949447,
7805,106.9539782,
7806,107.9803026,
7807,108.6282088,
7808,109.2820606,
7809,110.0479151,
7810,110.575983,
7811,111.1142731,
7812,112.0939783,
7813,112.6022191,
7814,113.5397114,
7815,113.6830341,
7816,114.3351845,
7817,115.333177,
7818,117.0315187,
7819,117.5495817,
7820,118.0454886,
7821,118.7101347,
7822,119.6369604,
7823,120.6852354,
7824,121.3723247,
7825,121.7868846,
7826,122.0453193,
7827,123.6784031,
7828,125.0087488,
7829,125.4046878,
7830,125.9980195,
7831,127.3007361,
7832,128.9448397,
7833,129.8955102,
7834,130.1513217,
7835,129.921071,
7836,130.7157287,
7837,131.4869312,
7838,131.7153786,
7839,132.5053258,
7840,132.6935622,
7841,132.9981428,
7842,133.1605955,
7843,133.4735752,
7844,133.4375851,
7845,133.3722052,
7846,133.8058421,
7847,134.1544174,
7848,134.2118795,
7849,134.4536629,
7850,134.3656516,
7851,134.5497462,
7852,134.4966447,
7853,134.4930744,
7854,134.5864895,
7855,134.2531378,
7856,134.3350063,
7857,134.2907856,
7858,134.2692517,
7859,134.5458994,
7860,134.6811551,
7861,134.6617628,
7862,134.3524689,
7863,134.4987426,
7864,134.4838471,
7865,134.353204,
7866,134.3205098,
7867,134.3649097,
7868,134.3076132,
7869,134.5652467,
7870,134.6400617,
7871,134.6950833,
7872,134.3494773,
7873,134.1787084,
7874,133.9639013,
7875,133.8008601,
7876,133.932808,
7877,133.9922444,
7878,134.0770475,
7879,134.5587112,
7880,134.6674961,
7881,134.7793719,
7882,134.823107,
7883,134.7281447,
7884,134.7169314,
7885,134.8522142,
7886,134.9820172,
7887,135.1276047,
7888,135.1804093,
7889,135.3200043,
7890,135.2490678,
7891,135.0530778,
7892,134.9915469,
7893,134.8304733,
7894,135.0212159,
7895,135.17801,
7896,135.3321062,
7897,135.3169948,
7898,135.4986044,
7899,135.9031519,
7900,136.0583391,
7901,135.7860485,
7902,135.5671547,
7903,135.0195974,
7904,135.3304879,
7905,135.1731207,
7906,135.2176934,
7907,135.2818173,
7908,135.1287153,
7909,134.6592156,
7910,134.4187002,
7911,134.0915878,
7912,133.4203918,
7913,132.8659167,
7914,132.2066743,
7915,132.2329544,
7916,132.0366506,
7917,131.3495718,
7918,131.0231935,
7919,130.5974991,
7920,130.27043,
7921,129.5095405,
7922,128.814652,
7923,127.9645938,
7924,127.7229096,
7925,127.5986909,
7926,127.3701005,
7927,126.8366911,
7928,125.9596304,
7929,125.6460188,
7930,124.8760258,
7931,123.9098461,
7932,122.9674653,
7933,122.7366841,
7934,122.5940582,
7935,121.8922503,
7936,121.1985954,
7937,120.0410972,
7938,119.2571917,
7939,118.9513415,
7940,117.3891386,
7941,116.1813386,
7942,115.1312341,
7943,114.383526,
7944,113.9948994,
7945,112.6959143,
7946,112.2254089,
7947,111.6036809,
7948,110.6755033,
7949,109.9228579,
7950,109.5673331,
7951,108.651358,
7952,107.2323921,
7953,105.827361,
7954,105.455609,
7955,104.8783018,
7956,104.3494781,
7957,102.9391421,
7958,101.6571595,
7959,100.6438363,
7960,100.5104868,
7961,99.98695896,
7962,99.13115307,
7963,98.28399301,
7964,97.33036465,
7965,96.65461682,
7966,96.04862217,
7967,95.50178487,
7968,94.72418495,
7969,93.59582457,
7970,92.38752534,
7971,92.05555568,
7972,91.11212988,
7973,89.83557256,
7974,88.82559428,
7975,87.62650935,
7976,87.20837997,
7977,86.59916937,
7978,85.30431572,
7979,83.89132768,
7980,83.22278919,
7981,82.43769246,
7982,81.79643429,
7983,80.78393662,
7984,80.15783852,
7985,78.73126133,
7986,77.32678399,
7987,76.75726882,
7988,75.93705209,
7989,74.46417162,
7990,73.17348109,
7991,71.85846741,
7992,71.07763924,
7993,69.37591132,
7994,69.25984804,
7995,68.35114961,
7996,66.88882191,
7997,65.20367543,
7998,63.98114411,
7999,63.18057103,
8000,62.26036907,
8001,60.45561659,
8002,58.32377066,
8003,57.66701713,
8004,57.05793249,
8005,55.48322349,
8006,53.60400098,
8007,52.13017306,
8008,51.31250569,
8009,50.86122866,
8010,49.0881899,
8011,47.8827244,
8012,46.51781324,
8013,45.63451532,
8014,45.27278882,
8015,44.25648602,
8016,42.65854053,
8017,41.13434008,
8018,40.6721193,
8019,40.00243819,
8020,38.68501699,
8021,37.03473576,
8022,35.85183665,
8023,35.23011326,
8024,35.00131139,
8025,33.35742274,
8026,32.12647117,
8027,31.91102842,
8028,31.49469028,
8029,30.70758496,
8030,29.79974444,
8031,29.18788559,
8032,28.66599118,
8033,28.61883483,
8034,28.4668605,
8035,28.21357357,
8036,28.13718651,
8037,28.28748495,
8038,28.21273134,
8039,28.21384427,
8040,28.3695598,
8041,28.590071,
8042,29.11955031,
8043,29.1950126,
8044,29.63475236,
8045,30.35654463,
8046,30.87754844,
8047,31.51010334,
8048,31.86137675,
8049,32.38177715,
8050,32.80686192,
8051,33.94958969,
8052,34.7947524,
8053,34.89809877,
8054,35.91105528,
8055,37.00118622,
8056,37.85927711,
8057,38.77797957,
8058,39.03062339,
8059,39.70243509,
8060,41.44092767,
8061,42.64301293,
8062,43.18938541,
8063,43.16497372,
8064,43.90038928,
8065,44.75275789,
8066,45.74877878,
8067,46.50319398,
8068,47.24638724,
8069,48.18562981,
8070,48.56516616,
8071,49.23264215,
8072,51.09315824,
8073,52.42518491,
8074,53.602535,
8075,54.04110226,
8076,54.43543897,
8077,54.69965497,
8078,56.00026538,
8079,57.39527706,
8080,58.51514424,
8081,59.02819744,
8082,60.22987082,
8083,61.19954253,
8084,63.02713506,
8085,64.64043919,
8086,65.17201349,
8087,66.00457618,
8088,66.95596205,
8089,68.04587496,
8090,69.75970755,
8091,70.93980697,
8092,71.66859039,
8093,72.34513138,
8094,74.08728816,
8095,76.03176695,
8096,78.05180305,
8097,79.02489873,
8098,79.4919661,
8099,81.38525565,
8100,82.92039567,
8101,84.40150658,
8102,84.92550279,
8103,85.97831342,
8104,88.21361849,
8105,90.06148452,
8106,91.01228428,
8107,91.30752831,
8108,92.34587132,
8109,93.73555167,
8110,94.69041703,
8111,95.05494894,
8112,95.68911236,
8113,97.04215432,
8114,98.59849434,
8115,99.51146582,
8116,99.809972,
8117,100.5203403,
8118,101.5491091,
8119,102.4913947,
8120,103.7969442,
8121,104.3269924,
8122,105.1839948,
8123,105.7053703,
8124,107.1093737,
8125,108.5976014,
8126,109.0907787,
8127,109.7238328,
8128,110.2432706,
8129,111.1326036,
8130,113.0498115,
8131,113.9968161,
8132,114.3121044,
8133,115.9325938,
8134,117.7600359,
8135,119.2280022,
8136,119.7056035,
8137,119.9766786,
8138,121.2882733,
8139,122.3226676,
8140,123.1717668,
8141,123.3016608,
8142,124.4629267,
8143,124.8422024,
8144,125.3887077,
8145,125.5500149,
8146,125.6398963,
8147,125.7102083,
8148,125.8346353,
8149,126.6686943,
8150,126.9988894,
8151,127.4796119,
8152,128.1046841,
8153,128.794708,
8154,129.4059756,
8155,130.3870284,
8156,130.4775448,
8157,130.8430284,
8158,132.1455757,
8159,132.7327231,
8160,133.2522656,
8161,133.4517043,
8162,134.0731708,
8163,134.750403,
8164,135.1635757,
8165,135.2093,
8166,135.1581795,
8167,135.1216304,
8168,135.7047263,
8169,136.3154325,
8170,136.1373452,
8171,136.2462129,
8172,136.2956255,
8173,136.3449111,
8174,136.4371022,
8175,136.0578773,
8176,135.8523173,
8177,135.3663339,
8178,135.4320278,
8179,135.2349347,
8180,135.1545395,
8181,135.3612925,
8182,135.2069279,
8183,135.1834586,
8184,135.1591541,
8185,135.0866535,
8186,134.7559359,
8187,134.7818037,
8188,134.9466875,
8189,134.7358583,
8190,135.0279192,
8191,135.4706053,
8192,135.4629017,
8193,135.3580397,
8194,135.1187663,
8195,134.8587311,
8196,134.4560625,
8197,134.2651362,
8198,134.2130042,
8199,134.174363,
8200,133.7129091,
8201,133.3996783,
8202,132.863719,
8203,132.6438106,
8204,132.1729577,
8205,131.402227,
8206,130.6909524,
8207,130.1820132,
8208,129.934379,
8209,129.5111413,
8210,129.1576081,
8211,128.6285472,
8212,128.2691552,
8213,127.7735872,
8214,126.7893037,
8215,126.0611622,
8216,125.4513424,
8217,125.3090121,
8218,125.2553236,
8219,124.7315523,
8220,124.1699739,
8221,123.6727867,
8222,123.3222795,
8223,122.4100776,
8224,121.9227254,
8225,121.2518484,
8226,120.9078443,
8227,120.7620644,
8228,120.357477,
8229,119.6297804,
8230,119.0556845,
8231,118.6852119,
8232,117.8703653,
8233,116.9741467,
8234,116.0526902,
8235,115.3624801,
8236,114.9721114,
8237,114.4339919,
8238,113.4930946,
8239,112.7050529,
8240,112.255977,
8241,111.7575524,
8242,110.9149791,
8243,110.1265557,
8244,108.8290472,
8245,108.269085,
8246,108.2570709,
8247,107.4888394,
8248,106.1901239,
8249,105.2669852,
8250,104.5244646,
8251,103.8647137,
8252,102.5307073,
8253,100.8426502,
8254,100.2272791,
8255,99.5428007,
8256,99.30174631,
8257,97.92785093,
8258,96.52270064,
8259,95.79829227,
8260,95.57021321,
8261,94.70385078,
8262,93.3441365,
8263,91.61279982,
8264,90.57547821,
8265,90.25067853,
8266,89.29251657,
8267,88.11077662,
8268,86.73605708,
8269,86.34337683,
8270,85.40602067,
8271,84.783049,
8272,83.31057068,
8273,82.2628964,
8274,81.63182076,
8275,80.3091898,
8276,80.02403733,
8277,79.28243923,
8278,78.07133941,
8279,76.6683399,
8280,75.69997928,
8281,75.20685222,
8282,74.21239051,
8283,72.6348914,
8284,70.57858026,
8285,69.34993282,
8286,68.77238924,
8287,68.11753817,
8288,65.57421837,
8289,63.8071528,
8290,62.09857697,
8291,61.54678703,
8292,60.44862604,
8293,58.00008627,
8294,55.8613548,
8295,55.73128574,
8296,54.98772529,
8297,53.19620979,
8298,52.16498527,
8299,50.64091419,
8300,49.12685307,
8301,48.41503825,
8302,46.65013614,
8303,45.2147424,
8304,43.46292406,
8305,42.99125274,
8306,42.55068574,
8307,41.50511106,
8308,39.80502934,
8309,38.18888411,
8310,37.78355249,
8311,36.79894255,
8312,34.58826761,
8313,32.74355776,
8314,31.6441814,
8315,31.37152072,
8316,29.31176665,
8317,27.08404595,
8318,25.86378742,
8319,25.98794273,
8320,25.26272223,
8321,23.36369551,
8322,21.61991825,
8323,21.09946463,
8324,20.47592421,
8325,18.98735549,
8326,17.59969646,
8327,16.85545563,
8328,16.72267998,
8329,16.45508079,
8330,15.90324405,
8331,15.5907062,
8332,15.64316761,
8333,15.49879124,
8334,15.57790747,
8335,16.48327976,
8336,17.17829343,
8337,17.43681015,
8338,18.288921,
8339,19.66690776,
8340,21.06010176,
8341,21.84123732,
8342,22.42926471,
8343,24.16291768,
8344,25.6355664,
8345,27.14094867,
8346,27.48594537,
8347,28.23210538,
8348,29.51949441,
8349,31.35418843,
8350,32.58688098,
8351,33.87065591,
8352,33.75265343,
8353,34.94877506,
8354,36.0524861,
8355,37.03720939,
8356,37.35500419,
8357,37.72446534,
8358,38.98764041,
8359,39.5565536,
8360,40.50170016,
8361,42.10703737,
8362,43.68196771,
8363,44.92560313,
8364,45.69406726,
8365,46.295416,
8366,48.44461956,
8367,50.81377929,
8368,52.43413507,
8369,53.20091362,
8370,53.65185922,
8371,55.73191434,
8372,58.71431516,
8373,59.57350565,
8374,60.40936231,
8375,61.93985717,
8376,63.69383745,
8377,65.51115087,
8378,66.36358133,
8379,66.81212035,
8380,68.44620544,
8381,69.88337865,
8382,71.42971708,
8383,72.64929587,
8384,73.30552956,
8385,74.13680665,
8386,74.49698928,
8387,75.89530525,
8388,76.10171975,
8389,76.34874444,
8390,76.83717884,
8391,77.64354122,
8392,78.35837074,
8393,78.52091821,
8394,78.87273509,
8395,79.83707029,
8396,81.21124756,
8397,82.53358631,
8398,83.5918756,
8399,83.55085403,
8400,83.77524165,
8401,84.64826599,
8402,86.14144261,
8403,87.30873191,
8404,88.35942166,
8405,88.58560225,
8406,89.71863496,
8407,90.63203087,
8408,91.45818504,
8409,92.47303111,
8410,93.17655239,
8411,93.63517355,
8412,94.8218554,
8413,96.91792741,
8414,97.56469018,
8415,97.97441259,
8416,98.92508518,
8417,100.0514688,
8418,101.1416055,
8419,102.1268295,
8420,102.2165097,
8421,102.4708376,
8422,104.0871849,
8423,105.7946099,
8424,106.7367292,
8425,107.0689788,
8426,107.7697514,
8427,109.1211434,
8428,110.1617381,
8429,110.7315075,
8430,110.8569817,
8431,111.1478909,
8432,112.549342,
8433,113.5195941,
8434,114.1945272,
8435,114.5904787,
8436,115.4096747,
8437,116.5766838,
8438,117.5007959,
8439,117.8983193,
8440,117.9056454,
8441,118.5444144,
8442,119.6316198,
8443,120.2097123,
8444,120.6307428,
8445,121.2727876,
8446,122.2182404,
8447,123.3031679,
8448,124.1373028,
8449,124.267665,
8450,124.9128906,
8451,125.7719951,
8452,126.2141937,
8453,126.392702,
8454,126.8708527,
8455,127.2631075,
8456,128.3412588,
8457,128.8692752,
8458,129.2170635,
8459,129.2123714,
8460,129.8630983,
8461,130.5819206,
8462,131.0154274,
8463,131.7166106,
8464,132.2442465,
8465,132.8958136,
8466,133.5262343,
8467,133.9935075,
8468,134.2384187,
8469,134.4147641,
8470,134.8947319,
8471,135.4365495,
8472,136.2862931,
8473,136.3519647,
8474,136.606508,
8475,137.2177094,
8476,138.0855696,
8477,138.5355236,
8478,138.5431918,
8479,138.9977183,
8480,139.9144962,
8481,140.4110161,
8482,140.4936454,
8483,140.9141519,
8484,141.3620255,
8485,141.6916153,
8486,141.6317742,
8487,141.3830797,
8488,141.0776188,
8489,141.4819844,
8490,142.1410087,
8491,142.1876286,
8492,142.4723493,
8493,142.5921823,
8494,143.1120783,
8495,143.2975546,
8496,143.5939064,
8497,143.3032502,
8498,143.3806061,
8499,143.3386153,
8500,143.4942786,
8501,143.6409011,
8502,143.8071587,
8503,143.8253894,
8504,143.7636128,
8505,143.5931655,
8506,143.1834278,
8507,142.1538542,
8508,141.7599816,
8509,141.5681469,
8510,141.5635725,
8511,141.1556295,
8512,140.4790658,
8513,140.1267924,
8514,140.1180744,
8515,140.0330474,
8516,139.3453043,
8517,138.8661274,
8518,138.4451564,
8519,138.4604623,
8520,138.3172683,
8521,137.6676038,
8522,137.2103455,
8523,136.8786832,
8524,136.4252017,
8525,135.8406715,
8526,135.3573745,
8527,134.6864565,
8528,134.6848016,
8529,134.2405456,
8530,133.5954469,
8531,133.1660442,
8532,132.6716161,
8533,132.2774406,
8534,131.3125185,
8535,130.6455765,
8536,130.0789914,
8537,130.0055442,
8538,129.2998536,
8539,128.3851521,
8540,127.6114727,
8541,126.7999156,
8542,126.077302,
8543,124.3373151,
8544,123.0704905,
8545,122.2667585,
8546,122.1494838,
8547,121.143375,
8548,119.6941793,
8549,118.4873542,
8550,118.1498586,
8551,117.1306341,
8552,115.3786114,
8553,113.8128159,
8554,113.2493671,
8555,112.911929,
8556,111.5287899,
8557,109.7348391,
8558,107.8680476,
8559,107.8897924,
8560,106.5552973,
8561,104.9558981,
8562,103.1476528,
8563,102.7131835,
8564,102.427621,
8565,101.7490133,
8566,100.146116,
8567,98.62271356,
8568,97.25320999,
8569,96.8917617,
8570,95.28504607,
8571,93.60743455,
8572,91.64865493,
8573,91.42797312,
8574,90.91343708,
8575,90.13814659,
8576,88.53734792,
8577,86.99625507,
8578,86.18013352,
8579,86.13813987,
8580,85.39870191,
8581,84.29864094,
8582,83.33440616,
8583,82.43368287,
8584,81.12218906,
8585,80.53779686,
8586,79.97484619,
8587,78.56043563,
8588,76.19956455,
8589,74.66551055,
8590,73.54705863,
8591,73.0435647,
8592,71.92057495,
8593,69.80277098,
8594,68.14936562,
8595,66.90467322,
8596,66.46226572,
8597,65.22595686,
8598,62.77082483,
8599,61.18461289,
8600,60.41851242,
8601,60.00734347,
8602,57.20726407,
8603,55.70058275,
8604,54.82047295,
8605,54.12104539,
8606,52.46779679,
8607,50.28673437,
8608,48.40055044,
8609,48.25246385,
8610,47.3791941,
8611,45.17407305,
8612,43.4057199,
8613,42.89417117,
8614,42.42969223,
8615,41.50064854,
8616,39.82711755,
8617,38.82694908,
8618,38.44382841,
8619,38.04609267,
8620,37.34852553,
8621,36.10224797,
8622,35.285549,
8623,35.02666009,
8624,34.72449767,
8625,34.42971945,
8626,33.96135171,
8627,33.64059433,
8628,33.78790873,
8629,33.95586224,
8630,34.01100805,
8631,33.90984317,
8632,33.75101783,
8633,33.80907576,
8634,33.77571466,
8635,33.90851757,
8636,34.33449589,
8637,34.31659361,
8638,34.88401827,
8639,35.03759103,
8640,35.90342533,
8641,36.77723817,
8642,37.24969303,
8643,37.67936532,
8644,37.83182894,
8645,38.36095642,
8646,39.64942545,
8647,40.66097859,
8648,41.47465812,
8649,41.73351038,
8650,43.4189199,
8651,44.90174119,
8652,45.60135534,
8653,45.88622253,
8654,46.61040922,
8655,48.48701415,
8656,49.706619,
8657,50.71919482,
8658,51.30011481,
8659,52.98727895,
8660,54.52092716,
8661,56.45076486,
8662,57.20080681,
8663,57.46944039,
8664,59.00353022,
8665,60.91440385,
8666,62.55145097,
8667,63.28105065,
8668,64.05176724,
8669,66.08189946,
8670,67.39340981,
8671,68.82448022,
8672,69.25718641,
8673,69.8716003,
8674,71.26115526,
8675,72.46017687,
8676,73.28361315,
8677,74.44068468,
8678,74.46320829,
8679,74.90324221,
8680,75.67720605,
8681,77.05511672,
8682,77.54600303,
8683,77.91263924,
8684,79.1761287,
8685,80.95657655,
8686,82.38278811,
8687,83.75219407,
8688,84.0715407,
8689,84.53841929,
8690,86.23033052,
8691,88.07896051,
8692,89.08210494,
8693,89.48240406,
8694,90.7187654,
8695,92.67053952,
8696,94.32607724,
8697,95.5038588,
8698,96.08534625,
8699,97.36220465,
8700,98.87014817,
8701,100.5985178,
8702,101.9657099,
8703,102.1327481,
8704,103.3114102,
8705,104.6484254,
8706,105.9052408,
8707,106.7041154,
8708,106.8204798,
8709,107.1649278,
8710,108.3276581,
8711,109.4224027,
8712,110.1354223,
8713,111.3082539,
8714,112.0259495,
8715,112.9489315,
8716,113.8285984,
8717,114.6207586,
8718,115.2525362,
8719,115.2638273,
8720,116.4802126,
8721,118.15487,
8722,119.4120815,
8723,119.8354369,
8724,120.4023327,
8725,122.0028994,
8726,123.0912765,
8727,123.8326561,
8728,124.1533381,
8729,124.9085892,
8730,126.2211515,
8731,126.7614902,
8732,127.856336,
8733,128.3066316,
8734,128.6371813,
8735,129.6400781,
8736,130.8682749,
8737,131.5720083,
8738,131.6799076,
8739,132.496492,
8740,133.8307435,
8741,134.335616,
8742,134.7278915,
8743,135.1541551,
8744,135.7005015,
8745,136.1936747,
8746,137.2067447,
8747,137.3669333,
8748,137.2479712,
8749,137.5977765,
8750,138.4657418,
8751,138.6482593,
8752,138.8967171,
8753,139.1562028,
8754,139.2651381,
8755,139.6975819,
8756,139.9835743,
8757,140.1138533,
8758,139.9114294,
8759,139.6604607,
8760,139.6838627,
8761,139.6723668,
8762,139.7037174,
8763,140.1077907,
8764,140.1561963,
8765,140.0767725,
8766,139.9896657,
8767,140.3305357,
8768,140.1613636,
8769,140.2663188,
8770,140.3158366,
8771,140.368798,
8772,140.5506837,
8773,140.748592,
8774,140.8499064,
8775,140.9715868,
8776,140.9877765,
8777,140.7341589,
8778,140.7175186,
8779,140.6800439,
8780,140.60316,
8781,140.3669994,
8782,140.6453747,
8783,140.7156146,
8784,140.7554809,
8785,140.8610156,
8786,140.9294404,
8787,140.6468372,
8788,140.3304883,
8789,140.317938,
8790,140.6911089,
8791,140.7173275,
8792,141.1838631,
8793,141.4027974,
8794,141.572914,
8795,141.4277677,
8796,141.1746265,
8797,140.7530389,
8798,140.447041,
8799,140.0166173,
8800,140.1157488,
8801,140.4237986,
8802,140.5651212,
8803,140.3051898,
8804,140.0407512,
8805,139.7210144,
8806,139.810723,
8807,139.2875313,
8808,138.647606,
8809,138.5080915,
8810,138.6940786,
8811,138.7545144,
8812,138.6651998,
8813,138.1570017,
8814,137.6197074,
8815,137.3892457,
8816,136.5768559,
8817,135.8405238,
8818,135.2155065,
8819,134.8632908,
8820,134.595891,
8821,134.4294386,
8822,134.3370712,
8823,134.0785499,
8824,133.7257835,
8825,133.1853459,
8826,132.9431817,
8827,132.6600334,
8828,132.1288162,
8829,131.2481857,
8830,130.9314135,
8831,130.4846835,
8832,130.3235852,
8833,130.0257345,
8834,129.3690144,
8835,128.7415007,
8836,128.061963,
8837,127.5607324,
8838,126.403429,
8839,125.2690518,
8840,124.4282231,
8841,124.3660069,
8842,123.9306779,
8843,123.1027399,
8844,122.1116834,
8845,121.1644332,
8846,120.7243895,
8847,119.647505,
8848,118.1034872,
8849,116.3603663,
8850,116.0087389,
8851,115.6411722,
8852,114.706734,
8853,113.8950419,
8854,112.7255765,
8855,112.0965416,
8856,111.2443668,
8857,110.7305252,
8858,108.9476855,
8859,106.5756701,
8860,105.7302217,
8861,105.4225762,
8862,104.7632741,
8863,103.2632635,
8864,101.2733575,
8865,100.1905245,
8866,99.57286105,
8867,98.89229284,
8868,97.22717369,
8869,95.47165736,
8870,94.60514924,
8871,93.72974692,
8872,93.21098752,
8873,91.66190611,
8874,90.10641063,
8875,88.96211192,
8876,87.89843722,
8877,87.51634319,
8878,84.50737662,
8879,82.8735907,
8880,83.1486581,
8881,81.84286512,
8882,80.63331565,
8883,78.33500096,
8884,77.42736015,
8885,76.6586336,
8886,76.23351785,
8887,75.07061215,
8888,73.41469167,
8889,71.97216007,
8890,71.06661945,
8891,70.44894138,
8892,69.39790319,
8893,68.0834879,
8894,66.71783228,
8895,65.25799825,
8896,64.61889159,
8897,63.25422638,
8898,62.06865122,
8899,61.02231997,
8900,59.9614341,
8901,59.04621796,
8902,58.04208867,
8903,57.3694571,
8904,55.32669546,
8905,53.46416555,
8906,52.87624399,
8907,51.56868338,
8908,49.47515276,
8909,47.18823903,
8910,46.25754754,
8911,45.98026112,
8912,44.6223703,
8913,42.73203439,
8914,40.8626937,
8915,39.76819019,
8916,39.29058624,
8917,37.52901058,
8918,35.72740322,
8919,34.07470264,
8920,33.35297241,
8921,32.76519472,
8922,31.39373382,
8923,29.75771874,
8924,29.22037519,
8925,29.1625303,
8926,28.92623059,
8927,28.4350752,
8928,27.22647461,
8929,26.48490937,
8930,26.15940463,
8931,25.93058554,
8932,25.66005299,
8933,25.38521565,
8934,25.06148931,
8935,25.58328631,
8936,25.73452911,
8937,26.09297815,
8938,26.47405098,
8939,26.65954714,
8940,27.21809575,
8941,27.86716165,
8942,28.53769268,
8943,29.17402197,
8944,29.50581791,
8945,30.12585048,
8946,31.77458959,
8947,32.96023762,
8948,33.82444019,
8949,34.2067282,
8950,34.50236971,
8951,36.23485006,
8952,37.50925847,
8953,38.97901985,
8954,39.20324998,
8955,40.25048893,
8956,42.03660656,
8957,43.83410888,
8958,44.64468294,
8959,44.7633463,
8960,45.07307472,
8961,45.87795399,
8962,46.49966057,
8963,47.98340796,
8964,48.87585066,
8965,49.46939904,
8966,50.17203481,
8967,51.03621361,
8968,53.07556889,
8969,54.71958911,
8970,55.54098082,
8971,55.99386064,
8972,57.16612037,
8973,59.07735238,
8974,60.72010441,
8975,62.17355244,
8976,62.79837034,
8977,64.74672272,
8978,66.83103776,
8979,68.10570782,
8980,69.04197085,
8981,69.90777231,
8982,71.14380666,
8983,73.0278731,
8984,74.94002697,
8985,75.85964029,
8986,77.09589241,
8987,79.34125465,
8988,81.14534104,
8989,82.63135261,
8990,83.05982988,
8991,83.84288228,
8992,85.29563936,
8993,87.35878649,
8994,89.18405448,
8995,89.50824222,
8996,89.92781143,
8997,91.57373881,
8998,93.44758906,
8999,94.84987361,
9000,95.95510006,
9001,97.02848347,
9002,97.84214836,
9003,98.96971501,
9004,99.89988113,
9005,100.1238252,
9006,100.6565183,
9007,102.3819505,
9008,104.3208934,
9009,105.0859009,
9010,105.4340482,
9011,106.3308813,
9012,107.1088151,
9013,108.9311052,
9014,110.231156,
9015,110.4688203,
9016,111.1249153,
9017,112.8937654,
9018,113.883474,
9019,115.6448914,
9020,115.5754616,
9021,116.207944,
9022,117.4997128,
9023,118.6626606,
9024,119.6468564,
9025,119.9169331,
9026,120.3085868,
9027,121.0526889,
9028,122.7174295,
9029,122.8621301,
9030,123.2249059,
9031,123.8716308,
9032,125.2321375,
9033,126.1613318,
9034,126.9159122,
9035,127.5934682,
9036,128.2618857,
9037,130.1061391,
9038,131.0537951,
9039,131.2417427,
9040,132.2410392,
9041,133.5489726,
9042,135.106154,
9043,135.9716628,
9044,135.9443706,
9045,137.0322794,
9046,138.7065394,
9047,139.2389884,
9048,139.4800368,
9049,140.2301741,
9050,140.5414528,
9051,140.7399261,
9052,141.2422607,
9053,141.2456407,
9054,141.1104954,
9055,140.8655379,
9056,141.4669929,
9057,141.6898677,
9058,141.8281544,
9059,142.0713417,
9060,142.2417078,
9061,142.4092901,
9062,142.3846044,
9063,142.175563,
9064,141.5819661,
9065,141.3141455,
9066,141.1156053,
9067,140.9289623,
9068,140.9978037,
9069,141.0728944,
9070,141.1245624,
9071,141.1397543,
9072,141.0445491,
9073,140.8857074,
9074,141.0603777,
9075,140.9228614,
9076,140.7593501,
9077,140.4075853,
9078,140.4094565,
9079,140.5850112,
9080,140.5593894,
9081,140.0830427,
9082,140.0583505,
9083,139.8239416,
9084,139.2482173,
9085,138.8041906,
9086,138.6379146,
9087,138.7876341,
9088,138.8688911,
9089,138.7618112,
9090,138.5908659,
9091,138.2821362,
9092,137.8822313,
9093,137.7393177,
9094,137.0530422,
9095,136.4393362,
9096,135.8083636,
9097,135.6698488,
9098,135.4370205,
9099,134.9880607,
9100,134.6769775,
9101,134.3121389,
9102,134.0655819,
9103,133.5323077,
9104,133.1368486,
9105,132.3263244,
9106,131.9227,
9107,131.7759124,
9108,131.5954822,
9109,131.348052,
9110,130.7681724,
9111,130.1504551,
9112,129.9957611,
9113,129.2426558,
9114,128.5707462,
9115,127.7874617,
9116,127.943804,
9117,127.783729,
9118,127.3428389,
9119,126.8131276,
9120,126.5227431,
9121,126.1376268,
9122,125.2762467,
9123,124.383374,
9124,123.7562892,
9125,123.7348869,
9126,123.66785,
9127,123.1699369,
9128,122.6214913,
9129,121.9869943,
9130,121.509248,
9131,121.0568044,
9132,120.2354043,
9133,118.7692456,
9134,118.3249505,
9135,118.2540786,
9136,117.9208264,
9137,117.0798647,
9138,116.1829012,
9139,115.4245851,
9140,115.3374409,
9141,114.5077454,
9142,112.8651378,
9143,111.6639398,
9144,110.9848365,
9145,110.9533635,
9146,110.1273219,
9147,109.1884388,
9148,108.0012464,
9149,107.0467257,
9150,106.6693386,
9151,105.3741687,
9152,103.9059472,
9153,102.5187916,
9154,102.2403519,
9155,101.7725586,
9156,100.6818188,
9157,99.35250342,
9158,97.69658165,
9159,96.88239879,
9160,96.9847377,
9161,95.70277086,
9162,94.19951061,
9163,92.93310332,
9164,91.9298503,
9165,91.5540376,
9166,90.76005764,
9167,89.54193014,
9168,88.72353867,
9169,87.47266293,
9170,86.67969827,
9171,86.23279172,
9172,85.90464243,
9173,84.96245203,
9174,82.87964997,
9175,81.2182603,
9176,80.23300975,
9177,79.53923799,
9178,78.63652945,
9179,77.39309702,
9180,75.63190644,
9181,74.05095585,
9182,73.8583113,
9183,72.72189289,
9184,70.69646753,
9185,68.98421338,
9186,67.36108739,
9187,67.14398397,
9188,66.26708781,
9189,64.96342327,
9190,62.8551765,
9191,62.16123115,
9192,61.39679476,
9193,60.57210408,
9194,59.12491063,
9195,57.53852187,
9196,56.48717858,
9197,55.8150795,
9198,55.13681114,
9199,54.0726763,
9200,52.39688661,
9201,50.88750485,
9202,50.0906923,
9203,49.42577778,
9204,48.5180539,
9205,46.64893236,
9206,44.92744146,
9207,44.32637138,
9208,43.89892881,
9209,43.00019414,
9210,41.23838207,
9211,40.20580178,
9212,39.37342633,
9213,38.20267845,
9214,37.88913417,
9215,36.78131775,
9216,35.41548805,
9217,34.48397066,
9218,33.71328138,
9219,33.72417416,
9220,33.12381262,
9221,31.97039152,
9222,30.7676338,
9223,29.49858011,
9224,29.01837112,
9225,28.42735528,
9226,27.82404806,
9227,26.80577883,
9228,24.90942393,
9229,24.5296264,
9230,23.97549868,
9231,23.04468997,
9232,21.67452812,
9233,20.46131574,
9234,19.80769265,
9235,19.19861234,
9236,18.45413548,
9237,17.07554052,
9238,16.53993353,
9239,16.41149163,
9240,16.14324268,
9241,15.63021245,
9242,15.29140325,
9243,15.13675128,
9244,15.3232033,
9245,15.63160317,
9246,16.36812481,
9247,17.1648956,
9248,17.96535778,
9249,18.14336249,
9250,18.67409977,
9251,19.59290724,
9252,20.83418075,
9253,22.04249025,
9254,22.70162028,
9255,23.45066145,
9256,25.43740081,
9257,27.10267519,
9258,27.96499316,
9259,28.50553904,
9260,29.98360675,
9261,31.61022428,
9262,33.45896247,
9263,34.48723491,
9264,34.95899573,
9265,36.13323177,
9266,38.33530024,
9267,40.33767351,
9268,41.09560565,
9269,41.38667,
9270,43.32053887,
9271,45.54772414,
9272,46.76997377,
9273,47.73372478,
9274,48.30344649,
9275,50.13686541,
9276,52.16846741,
9277,53.66733594,
9278,54.34150809,
9279,54.95994811,
9280,56.72454052,
9281,57.86201612,
9282,59.10079983,
9283,60.26666312,
9284,60.43100382,
9285,61.15261504,
9286,62.77853629,
9287,64.44868874,
9288,65.20922327,
9289,65.44825663,
9290,66.37913223,
9291,67.74024281,
9292,69.09529344,
9293,70.92471865,
9294,71.74904196,
9295,72.30945172,
9296,74.19467117,
9297,76.14142552,
9298,77.77028865,
9299,78.44989343,
9300,79.19338129,
9301,80.88929472,
9302,82.65455834,
9303,84.06043774,
9304,84.4714141,
9305,85.62707833,
9306,87.58650833,
9307,89.73715873,
9308,90.39356055,
9309,90.89156041,
9310,91.69783164,
9311,93.21599968,
9312,94.47168439,
9313,95.13193542,
9314,95.32470609,
9315,97.12701973,
9316,97.97323364,
9317,98.84512091,
9318,99.16768865,
9319,99.94775556,
9320,101.338236,
9321,102.7935456,
9322,103.6293168,
9323,103.7907581,
9324,104.3442409,
9325,105.5860062,
9326,106.8179433,
9327,107.3773371,
9328,108.1230642,
9329,108.9538771,
9330,110.0118014,
9331,111.7680213,
9332,112.3259492,
9333,112.6273379,
9334,114.198642,
9335,115.4698723,
9336,116.1303279,
9337,116.1963251,
9338,117.2982175,
9339,118.463705,
9340,119.673726,
9341,119.5717879,
9342,119.762604,
9343,120.1124691,
9344,120.7853085,
9345,121.4869518,
9346,121.4408738,
9347,121.7798703,
9348,122.2243364,
9349,122.8028312,
9350,123.4832432,
9351,123.9659155,
9352,124.3712325,
9353,124.7320296,
9354,125.0279032,
9355,125.427073,
9356,125.5065357,
9357,126.096184,
9358,126.4870219,
9359,126.9810441,
9360,127.1097844,
9361,127.229839,
9362,127.2404715,
9363,127.6226114,
9364,128.035726,
9365,128.611864,
9366,128.778957,
9367,129.3775922,
9368,130.0730402,
9369,130.5675861,
9370,130.7375239,
9371,130.7319593,
9372,130.608163,
9373,131.1235366,
9374,131.717253,
9375,131.8236006,
9376,132.1679858,
9377,132.8696313,
9378,133.2764875,
9379,133.5776385,
9380,133.5278716,
9381,133.193674,
9382,133.2415489,
9383,133.3666119,
9384,133.5117773,
9385,133.7994331,
9386,133.7415528,
9387,133.6857047,
9388,134.1058225,
9389,134.1437023,
9390,134.228267,
9391,134.2565912,
9392,133.9386718,
9393,133.8793091,
9394,133.5206668,
9395,133.7628543,
9396,133.9236093,
9397,133.9955304,
9398,133.8620228,
9399,133.7418945,
9400,133.7806591,
9401,133.9476719,
9402,134.2485932,
9403,134.2060079,
9404,134.131984,
9405,134.7526434,
9406,135.0701131,
9407,135.0928283,
9408,135.0892583,
9409,134.7527647,
9410,134.8428309,
9411,135.0207531,
9412,135.129391,
9413,135.3025267,
9414,135.2635824,
9415,135.3415053,
9416,135.28813,
9417,134.9954971,
9418,134.8555903,
9419,134.6283333,
9420,134.0354827,
9421,133.6724378,
9422,133.473016,
9423,133.1856645,
9424,133.0312324,
9425,132.3286059,
9426,132.0214789,
9427,131.3996115,
9428,131.277341,
9429,130.9547885,
9430,130.1148667,
9431,129.4238697,
9432,128.6574782,
9433,128.5631472,
9434,128.5500311,
9435,127.9188656,
9436,126.9292417,
9437,126.6985783,
9438,126.6842142,
9439,126.0467692,
9440,124.9073669,
9441,123.9821247,
9442,123.4469414,
9443,123.3126275,
9444,122.9991623,
9445,122.1928976,
9446,121.5931886,
9447,120.5789793,
9448,120.0944972,
9449,118.9308044,
9450,118.0249323,
9451,117.1218394,
9452,116.8761118,
9453,116.7333822,
9454,115.8093006,
9455,115.0193702,
9456,113.907724,
9457,113.4838286,
9458,112.8703241,
9459,112.1324243,
9460,111.3210314,
9461,110.9998609,
9462,110.4420257,
9463,110.2403366,
9464,109.6363052,
9465,109.1733803,
9466,108.226988,
9467,107.3337625,
9468,107.046467,
9469,106.3988882,
9470,104.9108842,
9471,103.7419442,
9472,102.9636977,
9473,102.983681,
9474,102.1434495,
9475,101.1209301,
9476,100.0407319,
9477,99.0995973,
9478,98.78688058,
9479,97.52124865,
9480,96.44507875,
9481,95.27716512,
9482,94.03481567,
9483,93.6094676,
9484,93.08542305,
9485,91.71705095,
9486,90.16835571,
9487,88.64527272,
9488,88.23709094,
9489,88.25981447,
9490,86.10995242,
9491,84.38513927,
9492,82.99724461,
9493,82.4970264,
9494,81.55705551,
9495,79.81790225,
9496,77.66763127,
9497,75.92682875,
9498,75.60853396,
9499,74.0008864,
9500,72.5430125,
9501,70.3916195,
9502,69.91635532,
9503,69.09035801,
9504,67.18958125,
9505,64.99459907,
9506,63.52888076,
9507,62.71363137,
9508,61.71873319,
9509,59.75968427,
9510,57.99745346,
9511,57.06403448,
9512,55.81595195,
9513,55.54315471,
9514,54.29886274,
9515,51.92598612,
9516,50.38250027,
9517,49.7818392,
9518,48.94239982,
9519,46.92612064,
9520,44.45033856,
9521,42.94214685,
9522,42.0933875,
9523,41.58053862,
9524,39.35906098,
9525,37.39568273,
9526,35.59805581,
9527,35.10807435,
9528,33.68911176,
9529,32.02929496,
9530,30.03093186,
9531,29.39103726,
9532,29.21012755,
9533,28.50767724,
9534,27.49146707,
9535,26.31424404,
9536,25.46063112,
9537,25.26160716,
9538,25.04532039,
9539,24.27029972,
9540,23.52142318,
9541,22.32803931,
9542,21.92088468,
9543,21.38197617,
9544,20.76609027,
9545,19.8825411,
9546,19.26419132,
9547,18.36228465,
9548,17.95561848,
9549,17.93922439,
9550,17.57053404,
9551,17.20835036,
9552,17.07804778,
9553,17.02156126,
9554,16.93387678,
9555,17.07076149,
9556,17.58705279,
9557,18.3305546,
9558,18.80638357,
9559,18.83670427,
9560,20.21463361,
9561,21.48106898,
9562,22.66300487,
9563,23.23261357,
9564,23.84784295,
9565,25.12546407,
9566,27.20445645,
9567,28.71698342,
9568,28.81295292,
9569,30.09403347,
9570,31.65553096,
9571,33.81261326,
9572,34.29218529,
9573,34.8904327,
9574,36.51220034,
9575,38.80433178,
9576,40.35452537,
9577,40.85553317,
9578,42.08868078,
9579,44.00696132,
9580,46.41467484,
9581,47.891361,
9582,48.41564349,
9583,50.54949237,
9584,52.22090661,
9585,53.92185097,
9586,54.68360123,
9587,55.45527749,
9588,56.95388467,
9589,59.11509331,
9590,61.25976668,
9591,61.52289354,
9592,62.58033952,
9593,63.96888734,
9594,65.71910667,
9595,66.70714303,
9596,66.8379371,
9597,67.87239617,
9598,69.10640581,
9599,70.09077808,
9600,71.94407005,
9601,72.82805673,
9602,73.69217378,
9603,75.02193173,
9604,76.95495419,
9605,77.76037397,
9606,78.67868712,
9607,79.7071511,
9608,81.7621552,
9609,83.5332497,
9610,84.42837329,
9611,84.73799571,
9612,85.84483723,
9613,86.86410003,
9614,89.10260926,
9615,89.94772714,
9616,90.50974617,
9617,91.39029841,
9618,92.93964658,
9619,94.75136566,
9620,95.59530116,
9621,96.06135869,
9622,96.43410101,
9623,98.454642,
9624,100.3441589,
9625,101.6166236,
9626,102.1101609,
9627,102.6037501,
9628,103.3306929,
9629,104.3875401,
9630,105.6653231,
9631,106.5968859,
9632,106.931587,
9633,107.62424,
9634,108.6389607,
9635,109.5829951,
9636,110.6894573,
9637,111.0194583,
9638,111.3125149,
9639,111.6891855,
9640,112.7457712,
9641,113.7549979,
9642,114.7536084,
9643,114.9972543,
9644,115.4683779,
9645,115.8312718,
9646,116.3933636,
9647,117.004351,
9648,117.5565694,
9649,118.1014564,
9650,118.6763681,
9651,119.1539654,
9652,119.3082841,
9653,119.7035676,
9654,120.3235268,
9655,120.472864,
9656,120.8241672,
9657,121.4286528,
9658,122.1466626,
9659,122.9717763,
9660,123.7426296,
9661,123.9387422,
9662,124.4926545,
9663,125.4405945,
9664,126.033587,
9665,126.5754505,
9666,127.0322794,
9667,127.5472127,
9668,128.3064998,
9669,129.2546258,
9670,129.9826601,
9671,129.9703695,
9672,130.6538222,
9673,131.7320703,
9674,132.6878086,
9675,133.0556194,
9676,133.3511177,
9677,133.5774938,
9678,134.3252405,
9679,135.0396393,
9680,135.2477756,
9681,135.2818726,
9682,135.2873668,
9683,135.3398419,
9684,135.1919382,
9685,135.25088,
9686,135.2950393,
9687,135.2844229,
9688,135.2392622,
9689,135.0808797,
9690,134.6319006,
9691,134.4382035,
9692,134.145185,
9693,133.8950546,
9694,133.6357831,
9695,133.6888037,
9696,133.8195609,
9697,133.8661913,
9698,133.8027317,
9699,133.9016435,
9700,133.9611209,
9701,133.5552307,
9702,133.3444215,
9703,133.0191798,
9704,132.7699311,
9705,132.7488628,
9706,132.6638485,
9707,132.4492434,
9708,132.7004481,
9709,132.6968689,
9710,132.6566501,
9711,132.7639517,
9712,132.8113497,
9713,132.4915194,
9714,132.1075099,
9715,132.3072316,
9716,132.4193595,
9717,132.7349331,
9718,132.9251384,
9719,132.8554619,
9720,132.7839301,
9721,133.6073926,
9722,133.8848975,
9723,133.4436183,
9724,132.9526657,
9725,132.6008957,
9726,132.0898261,
9727,131.8056486,
9728,131.7635306,
9729,131.4447446,
9730,130.9540547,
9731,130.6040588,
9732,130.3213007,
9733,129.7303467,
9734,128.9559443,
9735,128.6030646,
9736,128.4282112,
9737,128.279516,
9738,128.2016308,
9739,127.5420555,
9740,127.0530138,
9741,126.6396992,
9742,126.4434582,
9743,126.1079462,
9744,125.4861566,
9745,124.7124583,
9746,124.6263392,
9747,124.1657607,
9748,123.7355651,
9749,122.9631828,
9750,122.30077,
9751,121.9192567,
9752,120.4612281,
9753,119.6845154,
9754,118.8387822,
9755,118.5605867,
9756,118.0183973,
9757,116.6319604,
9758,115.8808578,
9759,115.0783104,
9760,114.748341,
9761,114.2680876,
9762,112.6584646,
9763,110.9952831,
9764,110.3700473,
9765,109.852021,
9766,108.6202254,
9767,107.0843475,
9768,105.6090279,
9769,104.9534819,
9770,104.0534169,
9771,102.4789336,
9772,100.4392154,
9773,99.57651719,
9774,99.04657132,
9775,98.25175334,
9776,96.91829454,
9777,95.08200035,
9778,93.59377472,
9779,93.04815782,
9780,91.71247469,
9781,89.94973686,
9782,88.34240833,
9783,87.11549481,
9784,86.77412307,
9785,85.37713953,
9786,83.04569813,
9787,81.54934219,
9788,81.19584028,
9789,79.66133671,
9790,77.88980698,
9791,76.08129518,
9792,75.07002491,
9793,74.58076244,
9794,73.46561695,
9795,71.9410441,
9796,70.35689406,
9797,69.47318211,
9798,68.60035678,
9799,67.48849533,
9800,65.46407074,
9801,63.1063961,
9802,62.3160022,
9803,61.80744052,
9804,61.15037936,
9805,59.37903355,
9806,57.20882157,
9807,56.11096869,
9808,55.69237058,
9809,54.61599427,
9810,52.88031405,
9811,51.09767228,
9812,50.31351112,
9813,49.66474207,
9814,48.49541725,
9815,47.464072,
9816,46.12128164,
9817,44.83525394,
9818,44.35935967,
9819,43.09492589,
9820,42.45607648,
9821,41.02474335,
9822,39.2551114,
9823,38.59079542,
9824,37.60659912,
9825,37.47015567,
9826,35.78980201,
9827,34.42067247,
9828,33.25052108,
9829,32.99868473,
9830,32.9208281,
9831,31.57565814,
9832,30.39732286,
9833,29.05391402,
9834,28.50106932,
9835,27.79550837,
9836,26.32301273,
9837,24.84086781,
9838,23.77026459,
9839,23.19652726,
9840,23.23633574,
9841,22.38076395,
9842,21.36498493,
9843,20.59181315,
9844,20.2322351,
9845,20.13867056,
9846,19.98567902,
9847,19.84298714,
9848,19.91270942,
9849,20.37009942,
9850,20.58586949,
9851,21.04998575,
9852,21.66073,
9853,22.29448981,
9854,23.09308089,
9855,23.33171331,
9856,23.98339071,
9857,24.74171856,
9858,25.99075468,
9859,27.00278422,
9860,27.67530654,
9861,28.18307888,
9862,29.68009419,
9863,30.5457258,
9864,32.49762437,
9865,33.25124683,
9866,33.37069335,
9867,34.08336767,
9868,35.16719015,
9869,36.46187511,
9870,38.22554211,
9871,38.63343816,
9872,39.22034865,
9873,40.79703809,
9874,42.28348567,
9875,43.60524203,
9876,44.103024,
9877,44.37768868,
9878,44.61756775,
9879,45.02717314,
9880,45.65700269,
9881,46.80550279,
9882,46.75706974,
9883,47.48403765,
9884,47.82618355,
9885,48.46388059,
9886,49.67572647,
9887,50.94495138,
9888,51.86331251,
9889,52.13838371,
9890,52.89244908,
9891,53.93278315,
9892,55.3661573,
9893,56.80903367,
9894,58.07294147,
9895,59.10606332,
9896,59.61442742,
9897,61.26345383,
9898,62.75931908,
9899,64.33825832,
9900,65.37886336,
9901,65.51036355,
9902,66.22592651,
9903,67.96291428,
9904,69.695954,
9905,71.10859076,
9906,72.04268195,
9907,72.56709826,
9908,73.95703833,
9909,75.57369448,
9910,76.74845185,
9911,78.84756195,
9912,79.33689076,
9913,80.19311476,
9914,82.09645834,
9915,83.5747387,
9916,85.57660489,
9917,86.01034562,
9918,87.06190442,
9919,88.0148991,
9920,89.62329943,
9921,90.52724593,
9922,91.34768741,
9923,91.83471886,
9924,92.96914665,
9925,94.16306035,
9926,94.99621056,
9927,95.52267622,
9928,95.83757975,
9929,96.94476366,
9930,99.14572599,
9931,99.99196099,
9932,100.5214702,
9933,101.2046861,
9934,102.7296613,
9935,104.2348746,
9936,105.7023513,
9937,106.1331899,
9938,106.4468969,
9939,108.3496891,
9940,109.7871798,
9941,110.9966534,
9942,111.8095091,
9943,112.1604244,
9944,113.6879815,
9945,115.0987015,
9946,116.0808872,
9947,116.2293523,
9948,116.6150953,
9949,117.6453132,
9950,118.925818,
9951,119.7030289,
9952,119.8188532,
9953,120.230519,
9954,121.2438054,
9955,122.1660471,
9956,122.9064037,
9957,123.1290753,
9958,123.0400593,
9959,123.5543027,
9960,124.7295029,
9961,125.5522986,
9962,126.228478,
9963,126.8237535,
9964,128.0402066,
9965,128.9639674,
9966,129.6084735,
9967,129.9895452,
9968,129.8648458,
9969,130.6880607,
9970,131.7314012,
9971,132.1099512,
9972,132.4409323,
9973,133.2220423,
9974,133.9079698,
9975,134.5421892,
9976,134.8780162,
9977,134.8568418,
9978,135.2591085,
9979,135.9115986,
9980,136.2868494,
9981,136.7116961,
9982,136.9545788,
9983,137.4194178,
9984,137.8582956,
9985,138.1470992,
9986,138.3688057,
9987,138.2651795,
9988,138.3879613,
9989,138.9484575,
9990,139.3056205,
9991,139.5448665,
9992,140.0113099,
9993,140.5094646,
9994,140.9163104,
9995,140.8807708,
9996,140.8546321,
9997,141.0738959,
9998,141.5386631,
9999,142.0756684,
10000,142.5036762,
10001,142.7322738,
10002,143.3075725,
10003,143.8955947,
10004,144.3794047,
10005,144.2896656,
10006,144.0587474,
10007,144.4916019,
10008,145.126151,
10009,145.240564,
10010,145.3521984,
10011,145.616423,
10012,145.91164,
10013,145.7971874,
10014,145.4494483,
10015,144.9741909,
10016,144.6704224,
10017,144.7147974,
10018,144.9735261,
10019,145.0165682,
10020,144.9368151,
10021,144.7855895,
10022,144.3698878,
10023,143.9177251,
10024,143.6123062,
10025,142.9856329,
10026,142.5894911,
10027,142.0930426,
10028,142.0295686,
10029,141.9908849,
10030,141.752697,
10031,140.907632,
10032,140.3292749,
10033,140.1267181,
10034,139.7269114,
10035,139.0905979,
10036,138.6023058,
10037,138.3362063,
10038,138.2612693,
10039,138.1903378,
10040,137.335036,
10041,136.5095831,
10042,136.1878192,
10043,136.036427,
10044,135.251083,
10045,134.1572402,
10046,133.4170022,
10047,133.7151023,
10048,133.3756118,
10049,132.9468238,
10050,131.8945976,
10051,131.030625,
10052,130.5354208,
10053,129.5550792,
10054,128.1916849,
10055,127.1515878,
10056,127.1842672,
10057,126.6229453,
10058,125.84492,
10059,124.5298011,
10060,123.853251,
10061,123.5503473,
10062,122.4225847,
10063,121.0890382,
10064,120.0263105,
10065,119.5363205,
10066,119.5311785,
10067,118.7670967,
10068,117.9604554,
10069,117.1600055,
10070,116.2753318,
10071,116.0757899,
10072,114.6567862,
10073,114.0974182,
10074,112.9309493,
10075,112.7860791,
10076,112.0679167,
10077,111.1407642,
10078,110.3593731,
10079,109.7262739,
10080,109.4056946,
10081,109.3313733,
10082,107.3768432,
10083,106.1331672,
10084,105.176708,
10085,104.4116,
10086,104.6061838,
10087,103.9332658,
10088,102.971324,
10089,101.2633843,
10090,100.5793839,
10091,99.70035724,
10092,98.90845105,
10093,97.92893678,
10094,96.6386416,
10095,94.90775878,
10096,94.07356776,
10097,93.0885753,
10098,92.48407203,
10099,91.12262033,
10100,89.91500407,
10101,88.55011995,
10102,87.91171748,
10103,87.38921057,
10104,86.17876286,
10105,85.13536955,
10106,83.4364908,
10107,82.3861617,
10108,81.9048241,
10109,81.41447783,
10110,79.49265359,
10111,77.35472365,
10112,76.02186434,
10113,75.32324622,
10114,74.74317557,
10115,72.89847254,
10116,71.36641271,
10117,70.33240937,
10118,69.36527882,
10119,68.63209308,
10120,67.79615163,
10121,66.24441466,
10122,65.25127915,
10123,63.92517851,
10124,62.81907502,
10125,62.81772536,
10126,61.51971015,
10127,60.35670241,
10128,59.31581359,
10129,58.34582417,
10130,56.89950214,
10131,56.5111726,
10132,55.11575896,
10133,52.98594539,
10134,51.69108523,
10135,50.43606773,
10136,49.51210829,
10137,48.66759972,
10138,47.40255202,
10139,45.15294957,
10140,43.16265539,
10141,42.57289883,
10142,41.63259682,
10143,39.97332854,
10144,38.71535236,
10145,37.56621213,
10146,37.20265408,
10147,36.62002018,
10148,35.4040345,
10149,34.31988735,
10150,32.81580487,
10151,32.32259175,
10152,31.48717887,
10153,30.39568813,
10154,30.00874898,
10155,29.1555164,
10156,28.73512295,
10157,28.63858558,
10158,28.20114391,
10159,27.97872066,
10160,27.23424669,
10161,26.53819006,
10162,25.93406864,
10163,25.64096926,
10164,25.2896196,
10165,24.93139604,
10166,24.74510579,
10167,24.47393094,
10168,24.65659346,
10169,24.91497377,
10170,25.13801079,
10171,25.31958412,
10172,25.53034918,
10173,25.55616602,
10174,25.58251348,
10175,26.04661383,
10176,26.61958029,
10177,27.23831837,
10178,27.95471457,
10179,28.41578129,
10180,29.93642458,
10181,31.18362462,
10182,32.04758695,
10183,32.26917772,
10184,32.83683632,
10185,34.05187036,
10186,35.31554617,
10187,37.05710263,
10188,37.32322244,
10189,38.0299737,
10190,39.67611368,
10191,41.66596946,
10192,42.66999515,
10193,43.40782357,
10194,43.78297431,
10195,45.19956043,
10196,47.39192798,
10197,48.33068537,
10198,49.28497851,
10199,50.16538419,
10200,51.54456444,
10201,53.66338008,
10202,55.18105597,
10203,56.27390006,
10204,56.89740442,
10205,58.33429751,
10206,60.29782446,
10207,61.86511494,
10208,63.28881544,
10209,63.52046205,
10210,64.40858718,
10211,66.87954437,
10212,68.2410426,
10213,68.76240342,
10214,69.45918695,
10215,71.12201141,
10216,72.54436908,
10217,74.71860756,
10218,75.21082687,
10219,76.08491605,
10220,77.05876143,
10221,78.08428487,
10222,79.52856419,
10223,80.4737942,
10224,81.0263194,
10225,81.71836703,
10226,83.13369313,
10227,84.74101477,
10228,86.59303162,
10229,87.42272877,
10230,87.94281708,
10231,89.31117063,
10232,91.27419233,
10233,92.68842798,
10234,93.28598758,
10235,94.35318096,
10236,95.93538654,
10237,97.10520097,
10238,98.31418506,
10239,98.43502153,
10240,99.54097111,
10241,101.0948219,
10242,102.2646788,
10243,102.9813138,
10244,103.6909445,
10245,104.7184897,
10246,105.3174691,
10247,107.0912616,
10248,107.9244763,
10249,108.2203589,
10250,109.4988589,
10251,111.2646955,
10252,113.0474024,
10253,113.5318605,
10254,114.4656609,
10255,115.9887238,
10256,117.8161513,
10257,119.1829022,
10258,119.2786782,
10259,120.0260313,
10260,122.0411411,
10261,123.5817925,
10262,124.2431355,
10263,124.6137692,
10264,125.5131926,
10265,127.2247999,
10266,127.7146451,
10267,127.7497764,
10268,128.1548803,
10269,128.3128473,
10270,128.9509536,
10271,129.0080363,
10272,129.2380906,
10273,129.5794108,
10274,129.4080439,
10275,129.7860903,
10276,129.9355455,
10277,130.1082897,
10278,130.0973253,
10279,129.8043383,
10280,129.9114997,
10281,129.9707345,
10282,130.0865933,
10283,130.0721528,
10284,130.3390359,
10285,130.5599456,
10286,130.8199147,
10287,130.9528285,
10288,131.1606195,
10289,131.1406305,
10290,131.6943999,
10291,132.144663,
10292,131.9127791,
10293,132.0178466,
10294,132.2151559,
10295,132.3322792,
10296,132.9371388,
10297,133.164225,
10298,133.0480565,
10299,132.9411237,
10300,132.789694,
10301,133.3096953,
10302,133.6550043,
10303,133.9854694,
10304,134.474945,
10305,135.2415315,
10306,135.504242,
10307,135.764627,
10308,135.7473155,
10309,136.1689219,
10310,136.7403845,
10311,136.890675,
10312,137.2773238,
10313,137.8126447,
10314,138.1468995,
10315,138.7749546,
10316,138.6012602,
10317,138.3976856,
10318,138.637114,
10319,139.0675171,
10320,139.163542,
10321,139.1362876,
10322,139.3141436,
10323,139.3189772,
10324,139.2248457,
10325,139.4800663,
10326,139.5088663,
10327,139.1206028,
10328,138.9556295,
10329,138.834491,
10330,138.8051103,
10331,139.1542506,
10332,139.1880983,
10333,139.1292608,
10334,139.1303259,
10335,139.3479554,
10336,139.385143,
10337,139.1207381,
10338,138.9511382,
10339,139.0493801,
10340,138.9618648,
10341,138.9730424,
10342,139.1877996,
10343,139.4198826,
10344,139.2972297,
10345,138.8753939,
10346,138.935509,
10347,138.7084479,
10348,138.3385081,
10349,138.3406556,
10350,138.0259519,
10351,138.0235175,
10352,137.9662611,
10353,137.6514127,
10354,137.4367949,
10355,137.1738391,
10356,136.9992663,
10357,136.709097,
10358,136.1187055,
10359,135.6921296,
10360,134.9795361,
10361,134.8362312,
10362,134.5791802,
10363,133.7339012,
10364,133.1471713,
10365,132.8788163,
10366,132.5606174,
10367,132.0019075,
10368,131.2641888,
10369,130.1267288,
10370,129.5674846,
10371,128.8860977,
10372,128.9120872,
10373,128.6178924,
10374,127.6327824,
10375,126.9767678,
10376,126.1891015,
10377,125.7388007,
10378,125.013907,
10379,124.0386435,
10380,122.9782657,
10381,122.4217422,
10382,122.0317022,
10383,121.441711,
10384,120.8900425,
10385,119.7802246,
10386,119.0467629,
10387,118.197034,
10388,117.9160241,
10389,116.6884359,
10390,115.4512053,
10391,114.7482146,
10392,114.3709058,
10393,114.0940619,
10394,113.199054,
10395,112.2369064,
10396,110.9871014,
10397,110.0211613,
10398,109.219977,
10399,108.002579,
10400,106.9152326,
10401,105.5553154,
10402,104.4919543,
10403,104.355098,
10404,103.2055907,
10405,101.8091364,
10406,100.7255424,
10407,99.79510091,
10408,98.89218684,
10409,97.79967597,
10410,95.70888709,
10411,94.41187507,
10412,93.91257744,
10413,93.32603155,
10414,91.83323611,
10415,90.52058716,
10416,89.41758485,
10417,88.79682488,
10418,88.05916139,
10419,86.38296643,
10420,84.38146502,
10421,83.64407321,
10422,83.45041028,
10423,82.40187816,
10424,80.97321047,
10425,78.891927,
10426,77.7980434,
10427,77.46923259,
10428,75.75016238,
10429,74.95342073,
10430,73.84909012,
10431,72.59671867,
10432,71.74073392,
10433,70.79595069,
10434,69.54973842,
10435,68.65011213,
10436,67.46239451,
10437,66.60553905,
10438,66.16881597,
10439,64.91462719,
10440,63.58213063,
10441,61.9726215,
10442,61.05996088,
10443,60.71716934,
10444,58.87965714,
10445,57.52600836,
10446,55.51136317,
10447,54.0808761,
10448,52.9463959,
10449,52.01773789,
10450,49.70540424,
10451,47.49068267,
10452,47.09413996,
10453,46.19466116,
10454,43.94042401,
10455,41.9667048,
10456,40.46311976,
10457,39.91635136,
10458,37.94928538,
10459,35.95108373,
10460,34.18485298,
10461,33.28165618,
10462,32.7421132,
10463,30.88795074,
10464,28.98765981,
10465,28.36048365,
10466,27.74404243,
10467,27.45345439,
10468,26.42566084,
10469,25.72738845,
10470,24.79965405,
10471,23.8392367,
10472,23.14556881,
10473,22.66905195,
10474,21.69288007,
10475,20.63549598,
10476,19.79155343,
10477,19.75741361,
10478,19.45744842,
10479,19.03864835,
10480,19.05641003,
10481,18.94342631,
10482,18.61423443,
10483,18.64346681,
10484,19.149035,
10485,19.54285438,
10486,19.75744914,
10487,20.28919746,
10488,21.29421945,
10489,22.33608794,
10490,23.29267502,
10491,23.4475772,
10492,23.87592496,
10493,25.22107877,
10494,26.65804005,
10495,28.33426751,
10496,28.3064786,
10497,29.56612375,
10498,31.4159736,
10499,33.02408845,
10500,34.01157331,
10501,34.13797838,
10502,35.38832439,
10503,36.86611265,
10504,38.68230668,
10505,40.22820397,
10506,40.30763236,
10507,41.05249097,
10508,42.39821037,
10509,43.73102433,
10510,44.77054128,
10511,45.26070766,
10512,46.1268319,
10513,47.89275924,
10514,49.32580165,
10515,50.0922373,
10516,50.95077287,
10517,51.62955758,
10518,53.45514435,
10519,55.46916755,
10520,56.17262696,
10521,56.87108124,
10522,57.78005063,
10523,58.84287035,
10524,61.10771381,
10525,62.27952096,
10526,62.66238299,
10527,63.61409235,
10528,65.68510772,
10529,67.87107622,
10530,69.03191166,
10531,69.23222776,
10532,70.9123435,
10533,72.89472524,
10534,74.40157645,
10535,75.51882131,
10536,76.0801745,
10537,77.33676074,
10538,79.13385312,
10539,81.11323294,
10540,82.08300409,
10541,82.69874527,
10542,84.11427759,
10543,85.65096204,
10544,87.49209394,
10545,88.35528907,
10546,88.97753715,
10547,90.17716162,
10548,91.90829885,
10549,93.78874437,
10550,94.41128017,
10551,94.65184726,
10552,95.82001634,
10553,97.55911198,
10554,99.35256305,
10555,100.0983182,
10556,100.8659841,
10557,101.7215268,
10558,103.4286156,
10559,104.7119675,
10560,105.2737866,
10561,106.0966365,
10562,106.8796944,
10563,108.1224066,
10564,109.1112438,
10565,109.3919479,
10566,109.7966826,
10567,110.8124789,
10568,111.6157574,
10569,113.1270966,
10570,113.6032244,
10571,114.3722728,
10572,115.447231,
10573,116.9890841,
10574,118.3366103,
10575,118.6339497,
10576,118.7102499,
10577,119.9238183,
10578,121.4343296,
10579,123.0482806,
10580,122.9882823,
10581,123.8872651,
10582,124.8905743,
10583,126.386378,
10584,127.5886899,
10585,128.0830542,
10586,128.4792858,
10587,129.7071812,
10588,131.0858564,
10589,131.6961089,
10590,131.9553067,
10591,132.9763076,
10592,133.8132471,
10593,134.275779,
10594,134.419585,
10595,134.2294435,
10596,134.3647632,
10597,135.2390735,
10598,135.670837,
10599,135.7886005,
10600,136.0523278,
10601,136.5500303,
10602,136.9310516,
10603,137.4690935,
10604,137.7729061,
10605,137.6918274,
10606,137.4811898,
10607,137.4169442,
10608,137.8082532,
10609,138.2571175,
10610,138.3253658,
10611,138.6373424,
10612,138.7932273,
10613,139.3147889,
10614,139.4235204,
10615,139.4909265,
10616,139.4831881,
10617,139.8037731,
10618,140.0134437,
10619,140.2186556,
10620,140.3798282,
10621,140.9239299,
10622,141.1273618,
10623,141.2220054,
10624,141.3670567,
10625,141.2239023,
10626,141.4124481,
10627,141.7440997,
10628,142.1086391,
10629,142.6647946,
10630,143.2164907,
10631,143.865684,
10632,144.2292491,
10633,144.6608713,
10634,144.5704991,
10635,144.7052253,
10636,145.207162,
10637,145.4258027,
10638,145.4635015,
10639,145.6185356,
10640,145.23009,
10641,145.1369013,
10642,144.9759367,
10643,144.7319458,
10644,144.5069862,
10645,143.7537208,
10646,143.1914535,
10647,142.8373129,
10648,142.7156801,
10649,142.9688284,
10650,142.7838226,
10651,142.3035768,
10652,142.1755512,
10653,141.6602263,
10654,141.4152888,
10655,140.8224088,
10656,140.1224934,
10657,139.6853496,
10658,139.6960927,
10659,139.6864147,
10660,139.2709625,
10661,138.2944035,
10662,137.7814596,
10663,137.1958817,
10664,136.6775876,
10665,135.7590087,
10666,134.9629892,
10667,134.6993516,
10668,134.6836693,
10669,134.4516298,
10670,133.9298139,
10671,132.9380542,
10672,132.104257,
10673,131.6113694,
10674,131.2917343,
10675,130.8267359,
10676,129.6512225,
10677,129.1446265,
10678,128.585488,
10679,128.1495741,
10680,127.5383428,
10681,127.034838,
10682,126.1307636,
10683,125.3929554,
10684,124.608873,
10685,124.4375813,
10686,123.2951036,
10687,122.4564033,
10688,121.6638118,
10689,120.5013947,
10690,120.371041,
10691,119.7836866,
10692,118.680748,
10693,117.6100323,
10694,116.7771415,
10695,116.1460867,
10696,115.5234954,
10697,114.0334611,
10698,112.6312682,
10699,112.0938121,
10700,111.7321082,
10701,111.6633144,
10702,110.718146,
10703,109.7155346,
10704,108.855116,
10705,108.918307,
10706,108.4214637,
10707,107.6376778,
10708,106.6137781,
10709,105.9359712,
10710,106.063739,
10711,106.1767025,
10712,105.9592618,
10713,105.0103201,
10714,103.8323325,
10715,103.3620574,
10716,103.0166036,
10717,101.9508293,
10718,101.4900016,
10719,100.2247435,
10720,99.54758247,
10721,99.24841436,
10722,98.98889019,
10723,97.84120114,
10724,96.92848174,
10725,96.02997065,
10726,95.26902595,
10727,94.62246475,
10728,93.58784083,
10729,92.1467878,
10730,91.25804568,
10731,90.35484428,
10732,89.93164641,
10733,88.86930427,
10734,87.63772251,
10735,86.08601808,
10736,84.89525843,
10737,84.01529867,
10738,83.57600227,
10739,81.55988943,
10740,79.9373654,
10741,78.94137994,
10742,78.54239915,
10743,78.08337627,
10744,77.17589417,
10745,76.02694225,
10746,74.12697366,
10747,73.49586869,
10748,72.53217682,
10749,71.48142137,
10750,69.93691688,
10751,67.78302447,
10752,67.17979094,
10753,66.40821362,
10754,65.57118442,
10755,63.6582724,
10756,62.43226476,
10757,61.28950239,
10758,60.77087238,
10759,59.94421855,
10760,58.07703932,
10761,56.24407152,
10762,55.04865612,
10763,54.74719242,
10764,54.23432899,
10765,53.44968909,
10766,51.86344367,
10767,50.60425763,
10768,49.70418613,
10769,49.06566984,
10770,48.28599378,
10771,47.25671491,
10772,45.93843915,
10773,44.70598801,
10774,44.04957701,
10775,43.19951196,
10776,42.13205462,
10777,40.35925494,
10778,38.69762777,
10779,37.96618615,
10780,37.54526405,
10781,35.65331617,
10782,34.01706358,
10783,32.52547198,
10784,32.12813916,
10785,31.4104266,
10786,30.40074643,
10787,29.26720235,
10788,27.83374943,
10789,27.04748986,
10790,26.37151373,
10791,25.92851381,
10792,24.81551845,
10793,23.53345662,
10794,23.11057293,
10795,22.58280841,
10796,21.99993791,
10797,21.71715206,
10798,21.01723446,
10799,20.78999338,
10800,20.68918725,
10801,20.45088997,
10802,20.36516987,
10803,20.25877069,
10804,20.45050024,
10805,20.66830328,
10806,20.80135552,
10807,21.23802904,
10808,21.82044785,
10809,22.38426807,
10810,22.92415725,
10811,23.23270625,
10812,23.92349975,
10813,24.91474076,
10814,25.7081738,
10815,26.92252408,
10816,27.52683501,
10817,27.57332795,
10818,28.13631617,
10819,29.62559091,
10820,31.18767197,
10821,32.03720986,
10822,32.62631169,
10823,33.28706582,
10824,35.27789008,
10825,36.83106619,
10826,37.95642928,
10827,38.31678524,
10828,39.17326724,
10829,40.75119407,
10830,42.51365547,
10831,43.60804285,
10832,43.75301508,
10833,44.91796449,
10834,46.01132593,
10835,48.06432968,
10836,48.75608385,
10837,49.12692166,
10838,49.62541568,
10839,51.30822717,
10840,52.77861583,
10841,53.65705431,
10842,54.37905738,
10843,55.33723532,
10844,56.93321306,
10845,59.2474697,
10846,60.41381365,
10847,60.94069324,
10848,61.76059141,
10849,63.06443501,
10850,64.95276565,
10851,66.8667217,
10852,67.17146946,
10853,68.21335232,
10854,70.50368133,
10855,71.74576331,
10856,73.11571581,
10857,73.26365349,
10858,74.30728682,
10859,75.51988865,
10860,77.0987612,
10861,78.20499576,
10862,78.54308283,
10863,78.91982862,
10864,80.41614222,
10865,81.66156173,
10866,83.00858304,
10867,85.28181744,
10868,85.10215719,
10869,85.99966259,
10870,87.12585441,
10871,88.61369428,
10872,90.08033366,
10873,91.34593755,
10874,92.04550257,
10875,92.98135633,
10876,94.9719138,
10877,96.74703285,
10878,97.72918344,
10879,98.51030178,
10880,99.97675328,
10881,101.7458905,
10882,103.3379133,
10883,103.8222019,
10884,104.0216354,
10885,105.3627394,
10886,106.6126936,
10887,108.1574534,
10888,108.9153802,
10889,110.094541,
10890,110.652428,
10891,111.7808276,
10892,113.3435919,
10893,113.6277238,
10894,113.7833646,
10895,114.4352814,
10896,115.4139392,
10897,116.7497311,
10898,117.1007596,
10899,116.9306766,
10900,117.1924518,
10901,117.3733918,
10902,117.4355362,
10903,117.8506593,
10904,118.4616584,
10905,118.7210844,
10906,118.7416662,
10907,118.8109983,
10908,118.8112105,
10909,118.7606509,
10910,118.5539628,
10911,118.7740989,
10912,118.8149034,
10913,118.8969762,
10914,119.1755286,
10915,119.2622114,
10916,119.4454665,
10917,119.4465566,
10918,119.296375,
10919,119.5672961,
10920,119.9615117,
10921,120.1821141,
10922,120.3894623,
10923,120.7179274,
10924,121.174791,
10925,121.5570861,
10926,121.7271841,
10927,122.0178435,
10928,122.1447684,
10929,122.5142569,
10930,122.7049955,
10931,122.591649,
10932,122.6192751,
10933,122.2785276,
10934,122.0997914,
10935,121.7777425,
10936,122.2083644,
10937,122.4006683,
10938,122.5459879,
10939,122.9730516,
10940,123.2873308,
10941,123.7816044,
10942,124.0410519,
10943,124.2040583,
10944,124.4031745,
10945,124.7190714,
10946,125.3313652,
10947,125.873771,
10948,126.0249964,
10949,126.3405907,
10950,127.2647737,
10951,127.9363367,
10952,128.4328596,
10953,128.6830253,
10954,128.5256569,
10955,129.1347219,
10956,129.7801091,
10957,130.393647,
10958,130.5054913,
10959,131.1659376,
10960,132.4316245,
10961,133.3739236,
10962,133.9316614,
10963,133.9357783,
10964,134.3703469,
10965,135.1068677,
10966,135.6228915,
10967,135.7725802,
10968,136.1725797,
10969,136.6721593,
10970,137.0983443,
10971,137.9925505,
10972,138.0459947,
10973,138.0271774,
10974,138.1808057,
10975,138.6253916,
10976,138.7948984,
10977,139.0959206,
10978,139.3263812,
10979,139.8370938,
10980,140.2130005,
10981,140.6886314,
10982,140.7287768,
10983,140.7569695,
10984,140.3538012,
10985,140.1673439,
10986,140.2268773,
10987,140.3253921,
10988,140.291852,
10989,140.4462961,
10990,140.5885254,
10991,140.7972028,
10992,141.007006,
10993,141.2270745,
10994,141.1448479,
10995,141.2424294,
10996,141.3929523,
10997,141.6221578,
10998,141.7511901,
10999,141.95253,
11000,142.220727,
11001,142.5219522,
11002,142.6762595,
11003,142.5325964,
11004,142.5636518,
11005,142.3302353,
11006,142.2433085,
11007,142.2390266,
11008,142.4263343,
11009,142.2750115,
11010,142.3437282,
11011,141.9761608,
11012,141.9311604,
11013,141.2012266,
11014,140.9655858,
11015,140.6956553,
11016,140.4597751,
11017,140.5337008,
11018,140.1820089,
11019,139.7080772,
11020,139.2920874,
11021,138.9490875,
11022,138.6204454,
11023,138.0587036,
11024,137.4809,
11025,137.351065,
11026,137.3624475,
11027,137.0186699,
11028,136.7566164,
11029,136.3559868,
11030,136.0937027,
11031,135.9194328,
11032,135.5322821,
11033,134.8888151,
11034,134.61896,
11035,134.7124913,
11036,134.7193438,
11037,134.6687628,
11038,134.1532356,
11039,133.6920378,
11040,133.3554458,
11041,132.8004894,
11042,132.1427724,
11043,131.5706072,
11044,131.5169212,
11045,131.6424869,
11046,131.222412,
11047,130.7928897,
11048,130.4976806,
11049,130.1278352,
11050,129.9709155,
11051,129.8619315,
11052,129.5402484,
11053,129.2877444,
11054,129.18658,
11055,129.0225584,
11056,128.993266,
11057,128.7605961,
11058,128.5832294,
11059,127.9960315,
11060,127.4469928,
11061,126.6167868,
11062,126.2445409,
11063,126.1711085,
11064,125.4978497,
11065,125.142116,
11066,124.7479563,
11067,124.4994284,
11068,124.4009981,
11069,124.3385183,
11070,124.2572965,
11071,124.4978208,
11072,124.5397214,
11073,124.6133199,
11074,124.617815,
11075,124.8919703,
11076,124.9536719,
11077,124.9481411,
11078,125.0438895,
11079,125.0606783,
11080,125.0854422,
11081,125.2109962,
11082,125.1616488,
11083,125.1309527,
11084,124.9916909,
11085,124.8430269,
11086,124.6840217,
11087,124.4335844,
11088,124.1724017,
11089,123.4584489,
11090,123.1445915,
11091,122.8625897,
11092,122.1234444,
11093,121.5418172,
11094,121.1735964,
11095,120.9191616,
11096,120.3883213,
11097,119.9541795,
11098,119.0700683,
11099,118.4598049,
11100,118.0018966,
11101,117.7906544,
11102,117.3459221,
11103,116.311468,
11104,115.4586448,
11105,114.7654771,
11106,114.0141914,
11107,113.8548792,
11108,113.5796141,
11109,112.5686119,
11110,111.6470654,
11111,110.1580689,
11112,109.4568275,
11113,109.0368463,
11114,108.5663458,
11115,107.3104712,
11116,106.5987571,
11117,105.2895153,
11118,103.900143,
11119,103.3682602,
11120,103.3042793,
11121,102.2055177,
11122,100.5081628,
11123,99.63319772,
11124,98.36273393,
11125,97.63392107,
11126,97.3763891,
11127,95.81845278,
11128,94.55495515,
11129,92.5261821,
11130,91.61274684,
11131,90.8176777,
11132,89.57799926,
11133,88.42529313,
11134,86.71263864,
11135,85.74291684,
11136,84.62060409,
11137,83.97065019,
11138,82.63908815,
11139,80.47036135,
11140,79.03065027,
11141,78.26006066,
11142,77.58698233,
11143,75.51165527,
11144,73.2039433,
11145,72.04873918,
11146,72.14661979,
11147,71.09556453,
11148,69.37896631,
11149,67.71768152,
11150,66.35123039,
11151,65.45044177,
11152,65.21306182,
11153,62.79040724,
11154,61.19211645,
11155,60.37218814,
11156,59.64212907,
11157,57.89427643,
11158,56.93009129,
11159,56.09753729,
11160,55.12628641,
11161,54.39102807,
11162,53.73225868,
11163,51.35011124,
11164,49.54992942,
11165,48.60903992,
11166,47.53482223,
11167,46.06445012,
11168,44.3498906,
11169,42.41981936,
11170,41.57812074,
11171,40.71303804,
11172,39.82209288,
11173,37.89748024,
11174,36.05513535,
11175,35.0751731,
11176,34.05816104,
11177,32.66732748,
11178,30.80091988,
11179,29.32951082,
11180,28.8586315,
11181,28.20456528,
11182,26.44554028,
11183,24.91796988,
11184,23.80786665,
11185,23.68535756,
11186,22.4731095,
11187,20.87568754,
11188,19.83702514,
11189,19.627364,
11190,19.2219477,
11191,18.49390883,
11192,17.91965766,
11193,17.76151612,
11194,17.89076826,
11195,17.85761701,
11196,18.16164202,
11197,18.86771354,
11198,19.45315255,
11199,19.63882616,
11200,20.4377758,
11201,21.30150273,
11202,22.33202637,
11203,23.05323601,
11204,23.5788275,
11205,24.32205101,
11206,26.11612809,
11207,27.54850061,
11208,28.10579626,
11209,28.76679163,
11210,30.65189739,
11211,32.40043587,
11212,33.43708059,
11213,34.10543995,
11214,34.58874461,
11215,35.4187933,
11216,37.6678203,
11217,39.00836465,
11218,39.34279741,
11219,39.9692217,
11220,41.89616501,
11221,43.70768415,
11222,45.04920735,
11223,45.65663698,
11224,46.48924665,
11225,47.70628317,
11226,50.13676229,
11227,51.50655663,
11228,51.62541997,
11229,52.5513567,
11230,55.11500146,
11231,56.98646086,
11232,57.61422235,
11233,58.38103337,
11234,59.52735425,
11235,60.98713208,
11236,62.15623679,
11237,62.76526092,
11238,63.06213702,
11239,63.64521452,
11240,64.95124997,
11241,66.1411163,
11242,66.7891831,
11243,67.25288902,
11244,68.69708052,
11245,69.90233726,
11246,72.06969966,
11247,73.18302562,
11248,73.13947797,
11249,74.96488891,
11250,77.05663916,
11251,78.77554208,
11252,79.25233354,
11253,80.43658725,
11254,82.32769567,
11255,83.68563192,
11256,84.99321233,
11257,86.0154564,
11258,86.24951061,
11259,88.11894854,
11260,89.55934007,
11261,91.4162446,
11262,91.88571092,
11263,93.00327922,
11264,94.67612667,
11265,96.27734478,
11266,96.86411928,
11267,97.21046732,
11268,98.29137896,
11269,99.96256134,
11270,100.6256691,
11271,101.5671067,
11272,101.9434251,
11273,103.364688,
11274,104.6174697,
11275,105.5680872,
11276,106.4458917,
11277,106.9124225,
11278,108.2617425,
11279,110.1440433,
11280,110.7129535,
11281,111.0184194,
11282,112.2850175,
11283,113.1126025,
11284,114.0027043,
11285,114.4820141,
11286,114.2829752,
11287,114.3289721,
11288,114.7914345,
11289,115.6043716,
11290,116.1133144,
11291,116.3000956,
11292,116.4251839,
11293,116.6172048,
11294,117.0270901,
11295,117.6038464,
11296,117.9905143,
11297,118.8588487,
11298,119.2289153,
11299,119.4659691,
11300,119.6578634,
11301,120.2499635,
11302,121.0521353,
11303,122.1520241,
11304,122.5474906,
11305,123.014491,
11306,123.5503873,
11307,124.4093531,
11308,125.2451971,
11309,126.206111,
11310,126.6154405,
11311,127.3066383,
11312,128.3300818,
11313,129.3759472,
11314,130.1688201,
11315,130.4254601,
11316,131.0903108,
11317,132.4094562,
11318,133.6167038,
11319,134.4454349,
11320,135.0098538,
11321,135.5536431,
11322,136.0508623,
11323,136.4722529,
11324,136.7402236,
11325,137.6219886,
11326,137.8879997,
11327,138.3575739,
11328,138.822731,
11329,139.6111053,
11330,140.1119102,
11331,140.5699364,
11332,140.9545312,
11333,140.8409673,
11334,140.9087403,
11335,140.8725871,
11336,140.9334756,
11337,140.787996,
11338,140.9533719,
11339,141.0969491,
11340,141.1832436,
11341,141.2016503,
11342,141.0864428,
11343,140.6707889,
11344,140.2180169,
11345,139.89259,
11346,139.8699154,
11347,139.8092465,
11348,139.8882226,
11349,139.8521311,
11350,139.7707082,
11351,139.7073158,
11352,139.6960203,
11353,139.70881,
11354,139.6166085,
11355,139.1781333,
11356,138.9466501,
11357,139.0705249,
11358,139.302192,
11359,139.3776988,
11360,139.1361362,
11361,138.7450002,
11362,138.5494358,
11363,138.4192236,
11364,138.1764855,
11365,138.0804105,
11366,137.9656545,
11367,138.083158,
11368,137.9862161,
11369,137.6291614,
11370,137.1420195,
11371,137.4855297,
11372,136.9901258,
11373,136.938925,
11374,136.6186063,
11375,136.767734,
11376,136.8387114,
11377,136.7430061,
11378,136.3206717,
11379,135.7536348,
11380,135.45927,
11381,134.8965355,
11382,134.3008995,
11383,133.7920544,
11384,133.6130842,
11385,133.4628499,
11386,133.1038318,
11387,132.5108022,
11388,131.9393676,
11389,131.8611142,
11390,131.1485152,
11391,130.3825598,
11392,129.86835,
11393,129.3520609,
11394,129.4211617,
11395,129.6139644,
11396,129.1260269,
11397,128.282986,
11398,127.9049987,
11399,127.6346704,
11400,126.8956043,
11401,126.0870346,
11402,125.7850064,
11403,125.7941785,
11404,125.6700219,
11405,125.1048477,
11406,124.8390467,
11407,124.6472429,
11408,123.6828109,
11409,122.626068,
11410,121.671606,
11411,121.3650978,
11412,121.2047235,
11413,120.3207255,
11414,119.1766342,
11415,118.4068199,
11416,118.0836651,
11417,116.8847222,
11418,115.7902709,
11419,114.9008981,
11420,114.3258496,
11421,114.0129212,
11422,112.4223058,
11423,111.2298103,
11424,110.046024,
11425,109.5214149,
11426,108.0067865,
11427,106.156599,
11428,105.6624754,
11429,105.0722266,
11430,104.2507549,
11431,102.5800494,
11432,101.3376487,
11433,100.4390994,
11434,99.77786996,
11435,97.43015673,
11436,95.40316852,
11437,94.60790819,
11438,94.17365981,
11439,92.67746715,
11440,90.89448394,
11441,89.02668979,
11442,88.78886419,
11443,86.84182723,
11444,84.6660315,
11445,83.36868605,
11446,83.33172569,
11447,82.30630131,
11448,80.32981269,
11449,78.52862284,
11450,77.26130831,
11451,76.08616671,
11452,73.91209023,
11453,72.52466366,
11454,71.26171364,
11455,70.70437315,
11456,69.2137057,
11457,67.32364905,
11458,65.11330404,
11459,64.36090473,
11460,64.30794529,
11461,61.84860051,
11462,59.92439251,
11463,58.57094447,
11464,58.05012356,
11465,56.54170365,
11466,54.47116937,
11467,51.70330934,
11468,50.97983123,
11469,50.25783577,
11470,48.14177826,
11471,45.94194921,
11472,44.50254048,
11473,43.63004948,
11474,43.18022783,
11475,41.67112144,
11476,39.24725425,
11477,37.71005356,
11478,37.07601112,
11479,36.27517994,
11480,34.44899069,
11481,31.73072006,
11482,30.93049201,
11483,30.44364909,
11484,28.97987997,
11485,27.40178441,
11486,25.19603857,
11487,24.37402604,
11488,23.99783148,
11489,22.20710861,
11490,20.10123818,
11491,19.44494766,
11492,18.61870654,
11493,18.1729617,
11494,17.30734903,
11495,16.68638302,
11496,16.38890822,
11497,16.45337678,
11498,16.7011354,
11499,16.80976523,
11500,17.01306645,
11501,17.3063106,
11502,17.45451128,
11503,17.63269258,
11504,18.69080669,
11505,19.32702132,
11506,20.0137254,
11507,20.48774532,
11508,21.83073533,
11509,23.07846593,
11510,24.39870934,
11511,24.69527321,
11512,26.03690344,
11513,27.73186787,
11514,29.30668994,
11515,30.0355575,
11516,31.38407402,
11517,33.5229444,
11518,35.68748817,
11519,36.8828119,
11520,37.56736739,
11521,38.63756553,
11522,40.65723737,
11523,42.73320847,
11524,43.52426616,
11525,43.87407013,
11526,45.95639749,
11527,47.82791454,
11528,49.57966954,
11529,50.37642981,
11530,51.0963619,
11531,53.15249942,
11532,54.97726208,
11533,56.04749523,
11534,56.80940133,
11535,58.17928885,
11536,60.54341082,
11537,62.04031266,
11538,63.19095657,
11539,63.89774569,
11540,65.44583082,
11541,67.61138045,
11542,68.90724264,
11543,70.43130148,
11544,71.17627627,
11545,72.4619777,
11546,74.27490885,
11547,75.36058799,
11548,75.84544971,
11549,76.80080886,
11550,77.80662555,
11551,78.99374947,
11552,79.69867855,
11553,79.92626466,
11554,80.55634396,
11555,81.38055522,
11556,82.29254556,
11557,83.69093561,
11558,84.38680043,
11559,84.93767404,
11560,86.27157979,
11561,88.0603681,
11562,89.36741254,
11563,90.01348517,
11564,90.32581007,
11565,90.68510323,
11566,92.23110927,
11567,93.66165126,
11568,94.75321614,
11569,95.54627111,
11570,97.13453983,
11571,99.07063437,
11572,100.2847359,
11573,101.0070049,
11574,101.6014767,
11575,102.9634264,
11576,103.909011,
11577,105.6686845,
11578,106.2286769,
11579,106.8615813,
11580,107.8392157,
11581,108.8479365,
11582,109.8932973,
11583,110.5240137,
11584,111.0583029,
11585,111.978691,
11586,113.2016037,
11587,114.3358567,
11588,114.7917598,
11589,115.236948,
11590,115.5350816,
11591,116.5955378,
11592,117.4184354,
11593,118.0716908,
11594,118.3716631,
11595,119.3788084,
11596,120.7675881,
11597,121.3904598,
11598,122.0671663,
11599,123.0197836,
11600,123.6106247,
11601,125.14139,
11602,125.6409759,
11603,125.8335933,
11604,126.4387539,
11605,127.1640414,
11606,128.1892044,
11607,129.0733921,
11608,129.2739865,
11609,130.4956827,
11610,131.8599832,
11611,132.3365676,
11612,132.3588282,
11613,132.7372793,
11614,133.4616457,
11615,134.4008818,
11616,134.7168969,
11617,134.9502277,
11618,136.0298755,
11619,136.9068004,
11620,137.3417457,
11621,137.4561348,
11622,137.5088626,
11623,138.198064,
11624,138.7454465,
11625,138.9591848,
11626,139.1741345,
11627,139.6548368,
11628,140.4517719,
11629,140.8376187,
11630,140.7592333,
11631,140.7342626,
11632,141.1849691,
11633,141.6477175,
11634,141.7268227,
11635,141.8144944,
11636,142.3193969,
11637,143.0223445,
11638,143.5566646,
11639,143.7710306,
11640,143.678707,
11641,143.8358712,
11642,144.1329885,
11643,144.4855875,
11644,144.8006562,
11645,145.0872459,
11646,145.3663958,
11647,145.6265697,
11648,145.6834326,
11649,145.7752175,
11650,145.6218837,
11651,145.3607417,
11652,145.6556811,
11653,145.8146148,
11654,146.2177892,
11655,146.3781952,
11656,146.2374518,
11657,146.0733487,
11658,145.8838854,
11659,145.3656356,
11660,145.0044479,
11661,144.9171393,
11662,144.9202551,
11663,144.7741221,
11664,144.5208326,
11665,144.1119667,
11666,144.0328173,
11667,143.2647586,
11668,142.6376745,
11669,142.5261535,
11670,142.3049714,
11671,142.1840804,
11672,141.9745345,
11673,141.3494668,
11674,140.8636548,
11675,140.5657905,
11676,140.3685525,
11677,139.1605244,
11678,138.2835849,
11679,138.1668827,
11680,138.3078969,
11681,137.8817376,
11682,137.0603523,
11683,136.2494189,
11684,135.6054871,
11685,135.4317611,
11686,134.6416406,
11687,133.5288057,
11688,132.829392,
11689,132.8620951,
11690,132.7531605,
11691,131.9039374,
11692,131.3237094,
11693,130.6354124,
11694,130.1755709,
11695,128.9491969,
11696,128.0175781,
11697,127.1092499,
11698,126.9819198,
11699,126.4066783,
11700,124.9991699,
11701,123.8973477,
11702,123.3546946,
11703,122.5501169,
11704,121.1799236,
11705,119.5080766,
11706,118.8938099,
11707,118.4114341,
11708,117.4003671,
11709,115.7848328,
11710,114.5069508,
11711,113.6061481,
11712,113.3104145,
11713,111.8354658,
11714,109.8708604,
11715,108.4353609,
11716,107.595793,
11717,107.1408451,
11718,105.761597,
11719,103.3407481,
11720,101.7644481,
11721,101.2809543,
11722,99.85554548,
11723,97.88808857,
11724,96.1751368,
11725,94.51339369,
11726,94.14372219,
11727,92.27335934,
11728,89.97360379,
11729,88.6299352,
11730,87.97982805,
11731,85.94596402,
11732,82.31105983,
11733,80.66979341,
11734,80.23505505,
11735,78.71076593,
11736,76.19644333,
11737,73.85785337,
11738,73.00358464,
11739,72.1316979,
11740,70.62116085,
11741,68.18961521,
11742,66.68487268,
11743,66.31530858,
11744,64.30176774,
11745,62.28892995,
11746,60.81148087,
11747,60.07444973,
11748,59.15058511,
11749,56.82436954,
11750,54.75788549,
11751,53.49203565,
11752,52.90280402,
11753,50.51752176,
11754,48.42205945,
11755,46.36269709,
11756,45.95907916,
11757,44.00634049,
11758,41.8028979,
11759,39.9140841,
11760,39.17124069,
11761,37.66569945,
11762,34.85509734,
11763,32.92564342,
11764,32.09235949,
11765,31.43800551,
11766,29.40906558,
11767,28.15138067,
11768,27.3712116,
11769,27.08454455,
11770,25.9084051,
11771,24.61811082,
11772,23.83287816,
11773,23.78281553,
11774,23.47025861,
11775,23.11046653,
11776,22.19163218,
11777,21.72793823,
11778,21.58390965,
11779,21.19223456,
11780,21.17247527,
11781,21.49671521,
11782,21.91216377,
11783,22.28309621,
11784,23.20608038,
11785,24.08109554,
11786,24.5962728,
11787,24.74174114,
11788,26.17408734,
11789,27.5389872,
11790,28.72506437,
11791,28.96668178,
11792,30.74963374,
11793,32.30090624,
11794,33.97599338,
11795,34.64414515,
11796,35.51773715,
11797,37.1417674,
11798,38.78112774,
11799,39.9601202,
11800,40.98716664,
11801,42.29825025,
11802,44.4308108,
11803,46.39613031,
11804,46.3283847,
11805,47.02768652,
11806,47.44193013,
11807,49.62349211,
11808,52.43897382,
11809,53.53630084,
11810,54.09041754,
11811,56.02328728,
11812,57.38743864,
11813,59.13532617,
11814,60.27375153,
11815,61.04469625,
11816,62.10417534,
11817,64.33022231,
11818,65.75221959,
11819,67.04348789,
11820,67.72687536,
11821,69.47199919,
11822,71.39875835,
11823,73.31036847,
11824,73.63786409,
11825,75.26911587,
11826,78.08445933,
11827,79.86325113,
11828,80.5217915,
11829,81.45443588,
11830,84.01263438,
11831,85.84195621,
11832,86.75777229,
11833,86.98641904,
11834,88.49833933,
11835,90.47493663,
11836,92.2825185,
11837,92.18117688,
11838,93.19815759,
11839,94.03424122,
11840,95.55870558,
11841,96.83158609,
11842,96.79165944,
11843,97.52510935,
11844,98.27188469,
11845,99.43201436,
11846,99.90240568,
11847,99.97233976,
11848,100.1742467,
11849,101.1095332,
11850,102.3068702,
11851,103.0623002,
11852,103.714794,
11853,104.7166754,
11854,105.8054243,
11855,106.4738094,
11856,107.08846,
11857,107.2313126,
11858,108.2938389,
11859,109.6734132,
11860,110.5155995,
11861,110.5912909,
11862,111.647771,
11863,113.2098485,
11864,114.5556749,
11865,115.1356575,
11866,115.1644967,
11867,116.4631648,
11868,117.7563425,
11869,118.6053229,
11870,119.0575162,
11871,120.2164706,
11872,121.6542932,
11873,122.8830565,
11874,123.8536957,
11875,123.859429,
11876,124.6797866,
11877,126.0569867,
11878,127.1335826,
11879,127.667614,
11880,127.8356012,
11881,129.3439203,
11882,129.7608095,
11883,130.8343686,
11884,131.4898634,
11885,131.0050209,
11886,131.7212425,
11887,132.9781847,
11888,134.1672591,
11889,134.4010535,
11890,134.7485288,
11891,135.5631136,
11892,136.2870956,
11893,136.8977771,
11894,136.7872371,
11895,136.8789735,
11896,136.9089212,
11897,137.6220192,
11898,137.8197535,
11899,138.0109383,
11900,138.11346,
11901,138.5383445,
11902,138.7628618,
11903,139.3018111,
11904,139.8044516,
11905,139.6831891,
11906,139.744863,
11907,140.3483883,
11908,140.6711687,
11909,140.88839,
11910,141.1088792,
11911,141.6586126,
11912,141.8383293,
11913,142.0371053,
11914,142.3231886,
11915,142.0896885,
11916,142.366466,
11917,143.0088349,
11918,143.3084561,
11919,143.7060514,
11920,144.3509386,
11921,144.9562251,
11922,145.4573049,
11923,145.6040072,
11924,145.8162257,
11925,146.1666899,
11926,146.5040506,
11927,146.5981792,
11928,146.6365065,
11929,146.703394,
11930,146.6935836,
11931,147.0370966,
11932,147.1162801,
11933,147.0046172,
11934,146.6474899,
11935,146.5152831,
11936,146.3850685,
11937,146.5685753,
11938,146.3833924,
11939,145.7962626,
11940,145.3254776,
11941,145.0248749,
11942,144.7099852,
11943,144.074371,
11944,143.6132247,
11945,142.65083,
11946,142.3691385,
11947,142.3890851,
11948,141.7249038,
11949,141.1178584,
11950,140.0707908,
11951,139.1230183,
11952,138.8181651,
11953,137.9371002,
11954,136.7102277,
11955,135.7922821,
11956,135.7543621,
11957,135.5986226,
11958,135.0771753,
11959,134.030943,
11960,133.0230977,
11961,132.6372919,
11962,131.2774308,
11963,130.1414954,
11964,129.4569974,
11965,129.2295782,
11966,128.7636767,
11967,127.9461689,
11968,126.8215078,
11969,126.1168484,
11970,125.2111305,
11971,124.3534755,
11972,123.7495821,
11973,122.1806481,
11974,121.1427812,
11975,120.8613428,
11976,120.1962375,
11977,118.8673398,
11978,117.5900177,
11979,117.1090603,
11980,116.2128495,
11981,114.5156344,
11982,113.328592,
11983,112.582099,
11984,112.6545283,
11985,111.738278,
11986,110.4564078,
11987,108.6973086,
11988,108.0292261,
11989,107.3657814,
11990,105.4506086,
11991,104.2808136,
11992,103.0299597,
11993,102.7085109,
11994,101.7579105,
11995,100.1522718,
11996,98.60781991,
11997,97.36476008,
11998,96.69660624,
11999,95.4316709,
12000,93.76600181,
12001,92.53310791,
12002,91.8476168,
12003,91.05216978,
12004,89.77600339,
12005,88.26560028,
12006,87.12643595,
12007,86.37387409,
12008,85.70459048,
12009,83.87706403,
12010,81.95507127,
12011,80.53418316,
12012,80.17919,
12013,79.04054484,
12014,77.29003369,
12015,75.13574539,
12016,73.89501649,
12017,73.07977185,
12018,71.74272509,
12019,69.76709122,
12020,67.57465113,
12021,66.90135841,
12022,66.14793146,
12023,64.10401513,
12024,62.73950318,
12025,60.88687046,
12026,60.53931818,
12027,59.57503673,
12028,57.73952698,
12029,56.50370403,
12030,55.22205287,
12031,54.26318336,
12032,53.67155036,
12033,53.12883199,
12034,51.25196382,
12035,50.33673528,
12036,49.19639178,
12037,48.8944062,
12038,48.49633693,
12039,47.41147181,
12040,46.97140082,
12041,46.62118413,
12042,45.26453084,
12043,44.91922058,
12044,44.17311825,
12045,42.55499792,
12046,41.55004894,
12047,40.86295492,
12048,40.30600639,
12049,39.48115892,
12050,38.33450303,
12051,37.2084649,
12052,36.23009284,
12053,36.04679292,
12054,35.13306666,
12055,34.66181427,
12056,33.28137799,
12057,32.19593052,
12058,31.77926912,
12059,31.58548152,
12060,30.9471252,
12061,30.57945048,
12062,30.57492567,
12063,30.71498339,
12064,30.76738617,
12065,30.34190281,
12066,30.0962953,
12067,29.84028678,
12068,29.82248298,
12069,29.74871788,
12070,29.44238308,
12071,29.67253832,
12072,30.10058016,
12073,30.63481198,
12074,30.78829433,
12075,31.22247486,
12076,31.47277588,
12077,31.4438731,
12078,32.06960826,
12079,32.66633478,
12080,33.64301274,
12081,33.90122817,
12082,34.48472304,
12083,34.92452974,
12084,35.9364994,
12085,36.77031891,
12086,37.51665099,
12087,38.51376369,
12088,38.69749751,
12089,39.32105876,
12090,40.38124384,
12091,41.64165262,
12092,42.37524385,
12093,42.99367421,
12094,44.03516191,
12095,45.66396486,
12096,47.11607591,
12097,47.74215762,
12098,48.31668243,
12099,49.06035125,
12100,50.80242606,
12101,52.21685627,
12102,53.15012365,
12103,53.2584109,
12104,54.72920286,
12105,56.26173749,
12106,58.03846367,
12107,59.33158407,
12108,59.61771781,
12109,60.93826556,
12110,62.71332638,
12111,64.52233849,
12112,65.88189521,
12113,66.31544466,
12114,67.00058209,
12115,69.18444065,
12116,70.96233018,
12117,71.94694318,
12118,72.41593685,
12119,73.66135036,
12120,75.39511086,
12121,77.63630615,
12122,78.24325973,
12123,78.87103048,
12124,80.38073356,
12125,81.6448318,
12126,82.54451791,
12127,83.65261841,
12128,84.43560389,
12129,84.71013288,
12130,86.19326979,
12131,86.7337414,
12132,87.60463048,
12133,88.32090786,
12134,88.70736499,
12135,89.39535057,
12136,89.83363879,
12137,90.64709905,
12138,91.55340441,
12139,92.49464291,
12140,92.82686371,
12141,93.49091467,
12142,94.46822553,
12143,95.87850081,
12144,97.03744015,
12145,97.98921077,
12146,98.45016181,
12147,98.95454766,
12148,100.1462422,
12149,101.9663846,
12150,102.5583677,
12151,102.9764212,
12152,103.7117795,
12153,104.8054544,
12154,105.8905932,
12155,106.4846311,
12156,106.6867345,
12157,106.8069501,
12158,107.585469,
12159,108.3281976,
12160,108.7759804,
12161,109.266962,
12162,109.6003447,
12163,110.007123,
12164,110.2955423,
12165,110.8597953,
12166,111.2509312,
12167,111.7338114,
12168,112.0191282,
12169,112.6884228,
12170,113.4938281,
12171,114.3400444,
12172,114.9318367,
12173,115.4374694,
12174,116.4240989,
12175,117.414849,
12176,118.2161424,
12177,118.7565047,
12178,118.9530841,
12179,119.7887471,
12180,121.0459719,
12181,121.7146398,
12182,122.1448457,
12183,122.5516514,
12184,123.7822436,
12185,124.4996136,
12186,125.1550288,
12187,125.4923033,
12188,125.8829582,
12189,126.7203071,
12190,127.7550868,
12191,128.2169507,
12192,128.6935961,
12193,128.8273884,
12194,129.1934399,
12195,130.2012328,
12196,130.861604,
12197,131.2299652,
12198,131.4062674,
12199,131.2214938,
12200,131.8950393,
12201,131.9649637,
12202,132.4544436,
12203,133.2117159,
12204,133.7592326,
12205,134.0203345,
12206,134.5085641,
12207,134.8138696,
12208,134.9217417,
12209,135.1151097,
12210,135.6080166,
12211,135.8333514,
12212,136.3191365,
12213,136.7806095,
12214,137.235827,
12215,137.7457917,
12216,138.4899429,
12217,139.3500017,
12218,139.7387202,
12219,140.0411022,
12220,140.1473609,
12221,140.1541076,
12222,140.524944,
12223,140.7207918,
12224,141.0303158,
12225,141.2535126,
12226,141.6172178,
12227,141.6934873,
12228,142.0581715,
12229,142.1241029,
12230,142.0629007,
12231,141.691768,
12232,141.7618981,
12233,142.0815725,
12234,142.083904,
12235,142.1400631,
12236,141.9081255,
12237,142.0684336,
12238,142.0798226,
12239,142.2584329,
12240,142.4975364,
12241,142.9802695,
12242,143.2399413,
12243,143.5022124,
12244,143.9044301,
12245,143.7786086,
12246,143.7802926,
12247,144.2310772,
12248,144.3265532,
12249,144.1281703,
12250,143.5165903,
12251,142.8521875,
12252,142.3056214,
12253,142.18705,
12254,142.1899418,
12255,142.2878965,
12256,142.3359074,
12257,142.6609629,
12258,142.8037834,
12259,142.7891777,
12260,142.6800457,
12261,142.6132206,
12262,142.3864403,
12263,142.1171763,
12264,141.8780918,
12265,141.7450038,
12266,141.764364,
12267,141.6719161,
12268,141.5506782,
12269,141.5127605,
12270,141.0034291,
12271,140.6583074,
12272,140.2655494,
12273,140.1163772,
12274,139.7906698,
12275,139.3889884,
12276,139.2415345,
12277,138.59877,
12278,138.2809631,
12279,137.9338089,
12280,137.8430596,
12281,137.881895,
12282,137.4612722,
12283,137.0604382,
12284,136.7305708,
12285,136.4087992,
12286,136.7045088,
12287,136.2905167,
12288,135.7921778,
12289,135.0088836,
12290,134.0780553,
12291,134.030091,
12292,134.0312565,
12293,133.3757974,
12294,132.6556645,
12295,132.2634038,
12296,131.8167459,
12297,131.0724659,
12298,130.2538697,
12299,129.5520746,
12300,128.992817,
12301,129.1038914,
12302,128.6120572,
12303,128.2454494,
12304,127.7793784,
12305,126.7343264,
12306,126.573621,
12307,125.5141634,
12308,124.4982419,
12309,123.9127865,
12310,123.4960572,
12311,123.1536469,
12312,122.8402826,
12313,122.0518569,
12314,121.3532103,
12315,120.3765985,
12316,120.2172312,
12317,119.5115451,
12318,118.4565388,
12319,117.2298841,
12320,116.5165645,
12321,116.3114704,
12322,115.6887054,
12323,114.903468,
12324,113.7685198,
12325,112.8881937,
12326,112.6020791,
12327,111.2769877,
12328,110.5379112,
12329,109.4559951,
12330,108.4856937,
12331,108.1198569,
12332,107.7845259,
12333,107.0351664,
12334,105.8333167,
12335,104.7029339,
12336,104.014529,
12337,103.1740249,
12338,101.7517845,
12339,99.85147109,
12340,98.95496829,
12341,97.95822873,
12342,97.04351069,
12343,96.31009648,
12344,94.20480021,
12345,93.25028353,
12346,91.88512524,
12347,91.14033487,
12348,88.83043611,
12349,87.14292798,
12350,85.82447704,
12351,85.21652251,
12352,84.30816568,
12353,82.41222023,
12354,81.00565123,
12355,79.83023164,
12356,79.22001396,
12357,78.1604965,
12358,77.10050388,
12359,75.59473992,
12360,75.52676733,
12361,74.73770097,
12362,73.40548514,
12363,72.01208449,
12364,71.11390053,
12365,69.75310628,
12366,68.84830004,
12367,68.01759044,
12368,67.51964782,
12369,65.87627835,
12370,63.87325124,
12371,62.72128915,
12372,61.86492998,
12373,60.97868697,
12374,59.58009666,
12375,57.49696355,
12376,55.73678889,
12377,54.98824903,
12378,54.35736596,
12379,52.75258737,
12380,51.15686377,
12381,49.47549634,
12382,48.83341685,
12383,47.35114278,
12384,45.72261298,
12385,44.03139671,
12386,43.09513589,
12387,42.55376487,
12388,41.55147474,
12389,40.48945257,
12390,39.21771244,
12391,38.62084641,
12392,38.25179358,
12393,36.6566623,
12394,35.53224376,
12395,33.83043199,
12396,32.64169436,
12397,30.86629163,
12398,30.5007306,
12399,29.80878133,
12400,27.7211764,
12401,26.93103899,
12402,26.00592168,
12403,24.73723337,
12404,24.42985997,
12405,23.66381667,
12406,22.67491644,
12407,21.52693426,
12408,20.62505348,
12409,20.58235714,
12410,20.29316574,
12411,19.50865933,
12412,19.36485939,
12413,19.25745525,
12414,18.81386359,
12415,18.6978052,
12416,18.75616347,
12417,18.83312382,
12418,19.19668209,
12419,19.89106277,
12420,20.35178566,
12421,21.14034571,
12422,21.98422557,
12423,22.02465254,
12424,22.41955467,
12425,23.18739309,
12426,25.07778139,
12427,25.829218,
12428,26.26345547,
12429,27.07123462,
12430,28.25289327,
12431,29.9176075,
12432,30.83318309,
12433,31.45494349,
12434,32.62225526,
12435,34.04457208,
12436,34.98408873,
12437,36.79821957,
12438,37.48682628,
12439,38.62927693,
12440,40.50398977,
12441,42.13923768,
12442,43.94598263,
12443,44.39190469,
12444,45.50897037,
12445,47.43304415,
12446,49.38310164,
12447,50.66164763,
12448,50.91588625,
12449,53.67424497,
12450,55.27586096,
12451,56.93994411,
12452,57.18913321,
12453,58.19774687,
12454,60.42827316,
12455,62.79257654,
12456,64.33236444,
12457,64.83027165,
12458,65.82475289,
12459,67.97697474,
12460,69.89302816,
12461,70.92815094,
12462,71.57174417,
12463,73.33629382,
12464,75.56187033,
12465,77.32903374,
12466,78.107161,
12467,78.70041924,
12468,81.04709039,
12469,83.28707775,
12470,84.06383203,
12471,84.55261565,
12472,85.07005985,
12473,86.79682469,
12474,88.23339079,
12475,89.42347211,
12476,89.45314012,
12477,90.36078409,
12478,91.92938647,
12479,93.43276361,
12480,94.12565634,
12481,94.83761805,
12482,95.91634848,
12483,97.26256656,
12484,98.73241916,
12485,99.33655684,
12486,99.58370906,
12487,100.9914455,
12488,102.5528214,
12489,103.4233725,
12490,104.3205522,
12491,104.726824,
12492,105.8393181,
12493,107.9075627,
12494,109.0891612,
12495,109.7804014,
12496,109.7880002,
12497,111.1599384,
12498,112.8677141,
12499,114.1706982,
12500,114.5445908,
12501,115.3635981,
12502,116.5921654,
12503,118.1642856,
12504,118.9154253,
12505,119.2276105,
12506,119.865018,
12507,120.6686018,
12508,122.2411912,
12509,122.8762746,
12510,123.2347798,
12511,123.8894969,
12512,124.2690857,
12513,124.7535985,
12514,125.6575364,
12515,125.815776,
12516,126.0184836,
12517,126.167919,
12518,127.0323527,
12519,127.7671766,
12520,128.2815334,
12521,128.734054,
12522,129.0927146,
12523,130.3409378,
12524,131.0210651,
12525,131.456962,
12526,131.3821566,
12527,132.3541036,
12528,133.5033345,
12529,134.0651081,
12530,134.3019471,
12531,135.164951,
12532,135.8852416,
12533,136.356271,
12534,136.3513147,
12535,136.5785656,
12536,136.9594085,
12537,137.0797711,
12538,137.2058402,
12539,137.3224972,
12540,137.2380066,
12541,137.5618502,
12542,137.9194332,
12543,137.8868459,
12544,138.598489,
12545,139.3789908,
12546,139.8106954,
12547,140.2994628,
12548,140.3763087,
12549,140.0743501,
12550,139.8465291,
12551,140.3984191,
12552,140.7239706,
12553,141.0243351,
12554,141.1392376,
12555,141.047135,
12556,141.2532183,
12557,141.2969863,
12558,141.329404,
12559,141.2004802,
12560,140.8955143,
12561,140.3367739,
12562,140.2687903,
12563,140.0305663,
12564,139.9642195,
12565,140.0707003,
12566,139.6425449,
12567,139.2688141,
12568,139.0365244,
12569,138.9195665,
12570,138.6715236,
12571,138.4954075,
12572,138.4290682,
12573,138.5402499,
12574,138.7438554,
12575,138.9078718,
12576,138.7092851,
12577,138.5878546,
12578,137.9060078,
12579,137.4684496,
12580,137.1738374,
12581,136.9473411,
12582,136.5598101,
12583,136.5244961,
12584,136.5286874,
12585,136.459248,
12586,136.23071,
12587,135.7677095,
12588,135.302972,
12589,134.4492667,
12590,134.1029272,
12591,133.5039025,
12592,133.5443537,
12593,133.2692371,
12594,132.930316,
12595,132.4229063,
12596,132.1067681,
12597,131.648995,
12598,131.0310961,
12599,130.6045978,
12600,130.5600132,
12601,130.6423605,
12602,130.7882674,
12603,130.5649249,
12604,130.1422169,
12605,129.8565052,
12606,129.429415,
12607,128.5610467,
12608,128.2617814,
12609,127.796487,
12610,127.6476535,
12611,127.4549298,
12612,127.4037573,
12613,126.8575643,
12614,126.2779953,
12615,125.9202652,
12616,125.6138314,
12617,124.810276,
12618,124.4592137,
12619,123.9008703,
12620,123.7058487,
12621,123.2067022,
12622,122.2047328,
12623,121.539195,
12624,120.4651406,
12625,119.9965059,
12626,119.6935987,
12627,118.9077798,
12628,117.4402475,
12629,116.6769993,
12630,116.057449,
12631,115.5171583,
12632,114.3089664,
12633,112.7144169,
12634,111.9590154,
12635,111.265057,
12636,110.7255193,
12637,109.8702435,
12638,108.6939682,
12639,108.1588009,
12640,107.3732736,
12641,106.772673,
12642,105.908421,
12643,104.8035985,
12644,103.6569426,
12645,102.6926854,
12646,101.7798907,
12647,101.5125267,
12648,99.761373,
12649,98.6498582,
12650,97.58429712,
12651,96.47314146,
12652,96.02658488,
12653,95.11937218,
12654,94.11768022,
12655,92.58638235,
12656,91.55883043,
12657,91.07334919,
12658,90.28539894,
12659,88.6745571,
12660,87.97362482,
12661,86.42056992,
12662,86.19682238,
12663,85.35908144,
12664,83.55103673,
12665,82.26058942,
12666,80.72733985,
12667,80.17203528,
12668,79.72295233,
12669,77.57014855,
12670,75.9687945,
12671,74.26387236,
12672,73.78545904,
12673,72.8895826,
12674,71.59731182,
12675,70.24165546,
12676,68.63403042,
12677,68.01628706,
12678,66.86665432,
12679,64.78993706,
12680,62.71934751,
12681,61.39467658,
12682,61.22473428,
12683,60.75999852,
12684,58.93308982,
12685,57.28947257,
12686,55.92069516,
12687,55.43097232,
12688,53.72369648,
12689,51.06104417,
12690,49.06632915,
12691,48.668344,
12692,48.01040315,
12693,46.42209793,
12694,44.95382538,
12695,43.76714636,
12696,43.09679182,
12697,42.68836041,
12698,42.40343127,
12699,41.60857777,
12700,40.24174182,
12701,40.27272736,
12702,39.40815561,
12703,39.26629807,
12704,38.91524915,
12705,38.51153814,
12706,37.93329535,
12707,37.22903425,
12708,37.29701795,
12709,37.15386873,
12710,36.97846764,
12711,35.6313297,
12712,34.87316936,
12713,33.94677772,
12714,33.81274898,
12715,32.81395787,
12716,32.07484116,
12717,31.11132209,
12718,30.60750057,
12719,30.42491085,
12720,30.186697,
12721,29.19719254,
12722,28.10940842,
12723,27.66846097,
12724,27.38027871,
12725,27.00786112,
12726,26.4787761,
12727,26.58285738,
12728,26.68056345,
12729,26.91158814,
12730,27.15375992,
12731,27.21864397,
12732,27.38664706,
12733,27.53285291,
12734,27.52803973,
12735,27.95405687,
12736,28.91149136,
12737,29.19054512,
12738,29.4457963,
12739,29.80381689,
12740,29.91786398,
12741,30.56255893,
12742,32.29200512,
12743,33.74530131,
12744,34.42485181,
12745,34.73450036,
12746,35.08467436,
12747,36.53894487,
12748,38.35408021,
12749,39.70694072,
12750,40.54529544,
12751,40.99286338,
12752,42.33729687,
12753,44.46420586,
12754,45.41667273,
12755,45.94500535,
12756,46.25700153,
12757,47.10024227,
12758,48.6390183,
12759,49.8353874,
12760,50.35953059,
12761,50.87942199,
12762,52.20707705,
12763,53.44875317,
12764,54.8174083,
12765,55.17553905,
12766,55.44147514,
12767,56.74300085,
12768,57.38997224,
12769,58.93450086,
12770,60.56507151,
12771,61.38337302,
12772,62.08926954,
12773,63.91596826,
12774,65.95285764,
12775,66.97517964,
12776,68.00270488,
12777,68.55135987,
12778,69.92556902,
12779,72.01752712,
12780,72.94696946,
12781,74.15068052,
12782,74.75799687,
12783,76.69484179,
12784,78.14751336,
12785,80.3462325,
12786,80.65097569,
12787,81.37577333,
12788,83.14180343,
12789,84.74258739,
12790,86.65314591,
12791,86.98756365,
12792,88.00779777,
12793,90.40944374,
12794,92.29476876,
12795,93.18865956,
12796,93.43086964,
12797,94.44148663,
12798,96.20302319,
12799,97.83014684,
12800,99.31548311,
12801,99.17966577,
12802,100.4578786,
12803,102.2954279,
12804,104.214229,
12805,105.3685649,
12806,105.9086266,
12807,107.4235095,
12808,109.2205133,
12809,111.0421132,
12810,111.2138624,
12811,112.299229,
12812,114.2226427,
12813,115.7834001,
12814,117.4696168,
12815,117.8382669,
12816,118.4472453,
12817,119.9492212,
12818,121.6628277,
12819,122.858712,
12820,123.1981211,
12821,123.921698,
12822,125.2138558,
12823,126.6723702,
12824,127.6232585,
12825,127.7303631,
12826,128.207327,
12827,128.8928165,
12828,129.2478497,
12829,129.4692027,
12830,129.854955,
12831,130.1734313,
12832,129.9364615,
12833,129.808607,
12834,129.9876312,
12835,130.154577,
12836,130.7286602,
12837,131.403375,
12838,131.8752199,
12839,132.6688423,
12840,133.7944701,
12841,133.8172513,
12842,133.5480049,
12843,133.2343211,
12844,133.6263836,
12845,133.9359715,
12846,134.57198,
12847,135.0975319,
12848,135.3398361,
12849,135.6273344,
12850,135.9668731,
12851,136.7906958,
12852,137.160558,
12853,137.4349139,
12854,137.5516904,
12855,138.3181961,
12856,139.1192951,
12857,139.5171454,
12858,139.8657357,
12859,140.4705111,
12860,141.3135047,
12861,142.0378061,
12862,142.8235167,
12863,142.8883133,
12864,143.118254,
12865,143.9708283,
12866,144.7059297,
12867,145.3302517,
12868,145.9314921,
12869,146.5941682,
12870,147.7008584,
12871,148.6389713,
12872,149.4072536,
12873,149.2250395,
12874,149.3802029,
12875,149.722355,
12876,150.2625324,
12877,150.8608339,
12878,150.890562,
12879,151.2300949,
12880,151.2122739,
12881,151.1608164,
12882,151.1360728,
12883,151.0934722,
12884,150.6565957,
12885,150.2126593,
12886,150.2608926,
12887,150.3119747,
12888,150.0993805,
12889,150.231763,
12890,150.1075529,
12891,149.8404869,
12892,149.5349956,
12893,149.4864646,
12894,149.4405991,
12895,149.3934375,
12896,149.3270757,
12897,149.5076362,
12898,149.7612374,
12899,149.753917,
12900,149.5468127,
12901,149.4282682,
12902,149.2643394,
12903,149.0608762,
12904,148.9152622,
12905,148.5419649,
12906,148.1969676,
12907,147.6068391,
12908,146.8759562,
12909,146.2636328,
12910,145.9679038,
12911,145.5136221,
12912,145.1268218,
12913,144.3314745,
12914,143.5261279,
12915,142.8981408,
12916,142.820611,
12917,142.5310675,
12918,141.7519151,
12919,140.8032628,
12920,139.8075756,
12921,139.5187608,
12922,139.3053742,
12923,139.1278332,
12924,138.1900573,
12925,137.4115851,
12926,136.5092986,
12927,136.3197286,
12928,135.459289,
12929,134.0838714,
12930,133.0560817,
12931,132.3975042,
12932,132.492723,
12933,132.0145773,
12934,130.9824655,
12935,129.8430802,
12936,129.0972288,
12937,128.4411229,
12938,127.0920343,
12939,125.9819331,
12940,125.1231964,
12941,124.8076325,
12942,124.1994791,
12943,123.2463048,
12944,121.669421,
12945,121.2918388,
12946,120.4935425,
12947,118.9289063,
12948,117.3853118,
12949,116.6683216,
12950,116.3144843,
12951,115.5809539,
12952,113.9553829,
12953,112.9182155,
12954,112.3398652,
12955,111.2254814,
12956,109.5619164,
12957,108.3270867,
12958,108.0484292,
12959,107.8153076,
12960,107.0240056,
12961,105.6740892,
12962,104.8464108,
12963,104.6571848,
12964,103.3018271,
12965,102.2978513,
12966,100.790972,
12967,100.3813049,
12968,100.0037957,
12969,98.99858011,
12970,97.74752016,
12971,96.69051342,
12972,95.80233708,
12973,95.17961277,
12974,94.24832767,
12975,92.98794966,
12976,91.39038628,
12977,90.95068679,
12978,90.88002391,
12979,90.24276815,
12980,89.08729243,
12981,87.38902674,
12982,85.69205814,
12983,85.06180847,
12984,84.63905564,
12985,83.78663571,
12986,81.93567229,
12987,79.27164703,
12988,78.55013836,
12989,77.60056497,
12990,77.02237176,
12991,75.0933006,
12992,73.60204336,
12993,72.43946258,
12994,71.83541653,
12995,70.00047376,
12996,68.78684164,
12997,66.73703505,
12998,66.46911708,
12999,65.58089673,
13000,64.45850022,
13001,62.69252148,
13002,61.76469028,
13003,60.9030329,
13004,60.96290088,
13005,59.78861917,
13006,58.48061038,
13007,56.70643149,
13008,55.48195987,
13009,54.56555747,
13010,53.66194944,
13011,52.16806394,
13012,50.29016195,
13013,48.70509657,
13014,48.32726833,
13015,47.21743014,
13016,44.76596332,
13017,43.24280455,
13018,42.56340158,
13019,42.15761776,
13020,41.21958708,
13021,39.02821714,
13022,37.96585584,
13023,36.51189864,
13024,35.69383164,
13025,33.95332799,
13026,32.14625996,
13027,31.35048659,
13028,31.08764966,
13029,30.3941165,
13030,29.31370585,
13031,28.34715793,
13032,28.10660132,
13033,27.86405331,
13034,28.0469142,
13035,27.67026482,
13036,27.05422007,
13037,26.74372341,
13038,26.70302024,
13039,26.25795869,
13040,26.19030402,
13041,26.24924099,
13042,26.14500028,
13043,26.31528928,
13044,26.69184217,
13045,27.1061899,
13046,27.54417575,
13047,27.91392515,
13048,28.1211604,
13049,28.59476121,
13050,29.07915547,
13051,29.86849054,
13052,31.08266764,
13053,31.77176688,
13054,32.3667636,
13055,33.42437438,
13056,35.17014317,
13057,36.69427277,
13058,37.09589189,
13059,37.6457061,
13060,39.0582277,
13061,40.56798939,
13062,42.2016039,
13063,42.86377353,
13064,43.49564219,
13065,45.19846236,
13066,47.12518456,
13067,48.02223699,
13068,49.0797669,
13069,49.79432714,
13070,51.0063166,
13071,52.48467477,
13072,54.20564974,
13073,55.42053586,
13074,55.68083177,
13075,57.36461356,
13076,58.85186052,
13077,59.72511399,
13078,61.78352578,
13079,62.40928158,
13080,63.12891748,
13081,65.33108921,
13082,67.53375198,
13083,69.00162947,
13084,69.46623281,
13085,71.46853253,
13086,73.63513581,
13087,75.41221551,
13088,76.17876186,
13089,77.49204927,
13090,79.42108188,
13091,81.17961055,
13092,82.44714536,
13093,83.24292816,
13094,83.69887633,
13095,85.70670211,
13096,87.1484319,
13097,89.25717883,
13098,89.57373995,
13099,90.25533468,
13100,91.25560193,
13101,92.20953635,
13102,94.23536648,
13103,95.55065997,
13104,95.62259718,
13105,96.61165679,
13106,98.19247679,
13107,99.69406096,
13108,100.2636528,
13109,100.4063062,
13110,100.83294,
13111,102.4306383,
13112,103.479972,
13113,104.3138257,
13114,104.3973705,
13115,104.4487434,
13116,105.1055594,
13117,105.9672594,
13118,106.9729008,
13119,107.2184286,
13120,108.1255815,
13121,108.9876523,
13122,110.0279936,
13123,110.7394205,
13124,110.8941319,
13125,111.1031256,
13126,111.0446605,
13127,111.5219013,
13128,112.670067,
13129,113.5646468,
13130,113.8969352,
13131,114.153555,
13132,114.444759,
13133,114.7350205,
13134,115.3237286,
13135,116.0453135,
13136,116.6092323,
13137,117.1946906,
13138,117.8130942,
13139,118.8249296,
13140,120.332609,
13141,121.290406,
13142,121.7548045,
13143,122.536147,
13144,123.840625,
13145,125.2968377,
13146,125.9892422,
13147,126.3671485,
13148,127.3153863,
13149,128.5434476,
13150,129.3604329,
13151,130.5818832,
13152,130.7891807,
13153,132.1811497,
13154,133.3883058,
13155,134.1094005,
13156,134.5073875,
13157,135.103127,
13158,136.3814679,
13159,137.136632,
13160,137.4274884,
13161,137.9636866,
13162,138.5728507,
13163,139.02053,
13164,139.8075242,
13165,140.0850376,
13166,140.1993962,
13167,140.7937315,
13168,141.5150127,
13169,142.3289085,
13170,142.7050063,
13171,143.3379759,
13172,144.203926,
13173,144.9022481,
13174,145.3350584,
13175,145.5981391,
13176,145.9315493,
13177,146.5633202,
13178,147.0379719,
13179,147.9474769,
13180,147.9163059,
13181,148.2008011,
13182,149.137425,
13183,149.7333713,
13184,149.8743493,
13185,149.8071632,
13186,149.6739552,
13187,149.4976406,
13188,149.5725118,
13189,149.77156,
13190,150.4112259,
13191,150.904013,
13192,151.3597472,
13193,151.4270169,
13194,151.4693715,
13195,151.1427014,
13196,151.0225828,
13197,150.9999382,
13198,151.3361322,
13199,151.416481,
13200,151.722319,
13201,151.7857749,
13202,151.7861469,
13203,151.9924683,
13204,151.9742295,
13205,151.869977,
13206,151.987394,
13207,152.0629563,
13208,152.4739941,
13209,152.6524172,
13210,152.9424536,
13211,153.703582,
13212,154.0408895,
13213,154.0627422,
13214,154.3095435,
13215,154.8062227,
13216,155.2877765,
13217,155.580443,
13218,155.8056704,
13219,156.2394817,
13220,156.9593794,
13221,157.7468409,
13222,158.2521164,
13223,158.4451605,
13224,158.7635361,
13225,159.7347116,
13226,160.3019916,
13227,160.4463185,
13228,160.6457471,
13229,160.7306207,
13230,160.9034799,
13231,160.9904679,
13232,160.9963561,
13233,160.564818,
13234,160.0932299,
13235,159.8589345,
13236,159.6322779,
13237,159.49695,
13238,159.5649288,
13239,159.1494055,
13240,158.8376367,
13241,158.6226482,
13242,158.1196514,
13243,157.6734528,
13244,157.4047477,
13245,157.0750407,
13246,156.2623112,
13247,155.6882555,
13248,155.1512129,
13249,154.869744,
13250,154.6051107,
13251,154.032267,
13252,153.121034,
13253,152.5460239,
13254,151.8129546,
13255,151.5410546,
13256,151.2038765,
13257,150.1681501,
13258,149.536386,
13259,148.5706334,
13260,148.1825282,
13261,147.9081624,
13262,147.0395035,
13263,145.493714,
13264,144.1966225,
13265,143.9022193,
13266,143.4259962,
13267,143.1515477,
13268,141.319726,
13269,139.1665193,
13270,138.3993088,
13271,138.0962737,
13272,136.6114094,
13273,134.8447183,
13274,132.6660589,
13275,132.3991027,
13276,131.304659,
13277,129.1573787,
13278,127.780433,
13279,127.3715577,
13280,127.1233695,
13281,125.6682575,
13282,124.32112,
13283,122.2946353,
13284,121.2311795,
13285,120.1930359,
13286,118.4484008,
13287,116.4063321,
13288,115.8014546,
13289,115.0949121,
13290,114.2026394,
13291,112.5510352,
13292,111.1043105,
13293,110.0200829,
13294,109.0594506,
13295,107.3346446,
13296,105.8713481,
13297,104.0516448,
13298,102.8806314,
13299,102.7558784,
13300,101.4756997,
13301,99.73117239,
13302,97.81006081,
13303,97.37785299,
13304,96.05303135,
13305,94.3682011,
13306,92.902234,
13307,92.51743047,
13308,91.63631494,
13309,90.3640366,
13310,87.75120524,
13311,86.37804888,
13312,86.02920442,
13313,85.22241499,
13314,83.07996554,
13315,80.67428483,
13316,79.43549831,
13317,78.65912323,
13318,77.26743265,
13319,75.25438788,
13320,72.73900351,
13321,72.10731842,
13322,71.28743131,
13323,68.16413424,
13324,66.47590379,
13325,65.21363977,
13326,64.64633524,
13327,62.71229188,
13328,60.39957967,
13329,58.83892996,
13330,58.37029796,
13331,56.71214948,
13332,53.90497425,
13333,51.92048966,
13334,51.30239887,
13335,50.64855577,
13336,48.72328247,
13337,46.5410054,
13338,44.76486018,
13339,44.81317563,
13340,43.62246145,
13341,42.24854068,
13342,40.31240444,
13343,38.85971458,
13344,38.90840474,
13345,37.35928194,
13346,36.26709721,
13347,35.38626726,
13348,34.64275966,
13349,34.94535873,
13350,34.02054516,
13351,32.74284978,
13352,32.02467301,
13353,31.77534331,
13354,31.01801237,
13355,30.06066365,
13356,29.19595751,
13357,28.02255903,
13358,27.4979694,
13359,27.26311374,
13360,26.90409194,
13361,25.83496884,
13362,24.49025163,
13363,23.90193119,
13364,23.53387204,
13365,22.97242701,
13366,22.13710504,
13367,21.51175986,
13368,21.48316958,
13369,21.77736529,
13370,21.917151,
13371,21.75590304,
13372,21.7763914,
13373,21.82228982,
13374,21.97403751,
13375,22.74924197,
13376,23.26146179,
13377,24.37784846,
13378,24.45940562,
13379,25.97445365,
13380,27.59739034,
13381,28.56207489,
13382,28.96241837,
13383,29.36200937,
13384,31.06703613,
13385,32.83935354,
13386,33.75300882,
13387,34.46950453,
13388,35.15936727,
13389,37.03995794,
13390,38.99812305,
13391,40.00905061,
13392,40.98225328,
13393,42.41885171,
13394,43.65777244,
13395,45.4439849,
13396,46.07368265,
13397,46.92766779,
13398,47.30725066,
13399,48.33226463,
13400,50.66083058,
13401,51.83809187,
13402,52.77372544,
13403,53.36661777,
13404,54.42592832,
13405,56.34487464,
13406,57.73503661,
13407,59.11919614,
13408,60.01348897,
13409,61.79078075,
13410,64.10755241,
13411,65.51663558,
13412,66.22689464,
13413,67.4961922,
13414,69.35107433,
13415,71.17010661,
13416,72.37580541,
13417,72.80916707,
13418,73.84247592,
13419,75.57764642,
13420,76.65149118,
13421,78.0915855,
13422,78.77175026,
13423,79.55920045,
13424,81.11946901,
13425,82.857494,
13426,83.79145687,
13427,84.23669728,
13428,84.58479595,
13429,85.59678443,
13430,87.19299304,
13431,88.72904602,
13432,89.1153187,
13433,89.28451693,
13434,89.90045678,
13435,90.64873288,
13436,90.83189919,
13437,91.39783431,
13438,91.54337573,
13439,92.06701135,
13440,92.97391951,
13441,93.60456727,
13442,94.30691573,
13443,95.59768443,
13444,96.04880338,
13445,96.28858777,
13446,97.34024575,
13447,98.14476666,
13448,98.92875624,
13449,99.52763429,
13450,99.51275849,
13451,99.82929881,
13452,100.281381,
13453,101.2133311,
13454,101.4265808,
13455,101.716613,
13456,102.2693451,
13457,103.3573692,
13458,104.3549806,
13459,105.0341264,
13460,105.2342362,
13461,105.4145038,
13462,106.8907307,
13463,107.699058,
13464,108.0376231,
13465,108.6187344,
13466,109.7708325,
13467,110.6447983,
13468,111.597902,
13469,111.6941768,
13470,112.0273861,
13471,113.2956713,
13472,114.3968822,
13473,115.2365154,
13474,115.4925712,
13475,116.7645071,
13476,117.5264481,
13477,118.8440333,
13478,118.7298577,
13479,119.3413395,
13480,120.1440152,
13481,120.482959,
13482,121.3389058,
13483,122.2095884,
13484,123.2205079,
13485,124.3861481,
13486,125.4082447,
13487,126.4736299,
13488,126.7071562,
13489,127.8026433,
13490,129.5365088,
13491,130.405049,
13492,130.9581055,
13493,131.463404,
13494,132.577185,
13495,133.9715221,
13496,134.6675847,
13497,135.1415445,
13498,136.3665337,
13499,137.8692695,
13500,138.2613213,
13501,138.8398557,
13502,139.3812024,
13503,140.4754664,
13504,141.0210155,
13505,141.5831055,
13506,141.8937967,
13507,141.9277783,
13508,142.1808549,
13509,142.464802,
13510,143.0604289,
13511,143.7240971,
13512,144.0561639,
13513,144.3883258,
13514,145.0829121,
13515,146.2231397,
13516,146.6874718,
13517,146.8840236,
13518,147.4081582,
13519,148.5530184,
13520,148.9839898,
13521,149.2775262,
13522,149.577567,
13523,150.1689743,
13524,151.0033557,
13525,151.0727386,
13526,151.2328307,
13527,151.5215312,
13528,152.2841699,
13529,153.0552291,
13530,153.1666131,
13531,153.3448693,
13532,153.5885421,
13533,153.4727514,
13534,153.5850377,
13535,153.4557139,
13536,153.3078757,
13537,152.7532691,
13538,152.2942008,
13539,152.1043985,
13540,151.8690943,
13541,152.1752568,
13542,152.3354598,
13543,152.2575214,
13544,152.1410008,
13545,151.9835417,
13546,151.5782334,
13547,151.3625967,
13548,151.3420417,
13549,151.2028625,
13550,151.2771227,
13551,151.7154023,
13552,151.6894333,
13553,151.2705556,
13554,151.2556558,
13555,151.2090873,
13556,150.857711,
13557,150.6060461,
13558,150.5845353,
13559,150.3752784,
13560,150.3397671,
13561,150.3226645,
13562,149.9748035,
13563,149.5078002,
13564,148.800322,
13565,148.5099823,
13566,147.6297628,
13567,146.7591843,
13568,146.0313551,
13569,145.6599657,
13570,145.6967803,
13571,145.3349252,
13572,144.9115678,
13573,144.8137257,
13574,144.6461825,
13575,144.6041181,
13576,144.9871321,
13577,145.7610777,
13578,145.904317,
13579,145.0628901,
13580,144.7296892,
13581,143.7930657,
13582,142.9042938,
13583,141.9656551,
13584,141.7104367,
13585,141.4145673,
13586,140.9906681,
13587,140.0473924,
13588,139.0437644,
13589,138.7544755,
13590,138.5170807,
13591,137.8381182,
13592,137.1077753,
13593,136.0453414,
13594,135.4522219,
13595,135.4640862,
13596,134.8082391,
13597,133.870715,
13598,132.5840787,
13599,132.0890609,
13600,131.6722016,
13601,130.6213558,
13602,129.3798404,
13603,128.2086324,
13604,127.8552686,
13605,127.917042,
13606,126.9143964,
13607,125.5721219,
13608,124.5545065,
13609,123.7486415,
13610,123.4369773,
13611,122.2609989,
13612,120.5749846,
13613,119.3262367,
13614,118.2819718,
13615,118.0764185,
13616,117.0248394,
13617,116.0716483,
13618,114.6862269,
13619,113.5569876,
13620,112.8749292,
13621,111.9274535,
13622,110.4013599,
13623,109.5367351,
13624,109.0419773,
13625,108.2114187,
13626,107.6340713,
13627,107.1210066,
13628,106.4196317,
13629,105.8463311,
13630,104.6187233,
13631,103.5934892,
13632,103.1671286,
13633,102.1711166,
13634,100.9061378,
13635,99.8145668,
13636,98.07619496,
13637,97.63100058,
13638,97.11492549,
13639,96.37231699,
13640,95.2460741,
13641,93.86637797,
13642,93.4459919,
13643,93.00800488,
13644,91.72304462,
13645,90.22834081,
13646,88.91501936,
13647,88.2259584,
13648,87.41042472,
13649,86.38612232,
13650,84.90956118,
13651,83.35137384,
13652,82.58165317,
13653,82.06571138,
13654,81.64565249,
13655,80.50990729,
13656,78.93511049,
13657,77.53521901,
13658,76.50610664,
13659,75.74884204,
13660,74.19304752,
13661,73.34009929,
13662,72.53693607,
13663,72.07172726,
13664,71.75760831,
13665,71.06691557,
13666,69.84117557,
13667,67.93578367,
13668,66.95058626,
13669,66.16038252,
13670,65.33783214,
13671,63.84417093,
13672,62.13252379,
13673,60.86022303,
13674,60.43145525,
13675,59.23732846,
13676,57.17695655,
13677,54.99446765,
13678,54.51673447,
13679,53.83495196,
13680,51.95743329,
13681,49.87314971,
13682,47.97433798,
13683,47.15905792,
13684,46.63445947,
13685,44.58958237,
13686,42.88225672,
13687,41.23644325,
13688,41.03221548,
13689,39.62301615,
13690,37.62300021,
13691,35.75419166,
13692,34.64448149,
13693,34.14446405,
13694,32.99190967,
13695,30.94101866,
13696,29.17413663,
13697,28.60315702,
13698,27.61601953,
13699,26.27905132,
13700,24.85450403,
13701,23.9338965,
13702,23.65844824,
13703,23.01608649,
13704,21.67871467,
13705,21.00229164,
13706,20.68981937,
13707,20.28178197,
13708,19.90690086,
13709,19.68873395,
13710,19.88447466,
13711,20.34570837,
13712,20.75289135,
13713,21.21990427,
13714,21.93311736,
13715,22.37491712,
13716,23.26180155,
13717,24.41950025,
13718,25.84908092,
13719,26.2801962,
13720,27.20512639,
13721,28.92762304,
13722,30.47449491,
13723,31.919816,
13724,32.37167795,
13725,33.71281375,
13726,34.85355934,
13727,37.15753818,
13728,37.20105091,
13729,38.03537058,
13730,39.32305971,
13731,42.04389173,
13732,43.51095142,
13733,44.22510708,
13734,44.83669887,
13735,46.94016958,
13736,49.0579299,
13737,50.80540809,
13738,51.2980942,
13739,53.2020326,
13740,55.43135145,
13741,57.28079055,
13742,57.64086663,
13743,58.59403844,
13744,60.21003381,
13745,62.60512066,
13746,63.69550131,
13747,64.67649553,
13748,65.58781327,
13749,66.45859193,
13750,68.51790866,
13751,69.68877514,
13752,70.58249285,
13753,71.35029793,
13754,72.43582224,
13755,73.9194443,
13756,75.2948216,
13757,75.82003621,
13758,76.96208091,
13759,78.54122727,
13760,79.67045198,
13761,81.26779478,
13762,82.17907163,
13763,82.7179481,
13764,84.3032707,
13765,86.36996838,
13766,87.49179407,
13767,87.94681989,
13768,89.0509157,
13769,91.44064676,
13770,92.72884914,
13771,93.56939645,
13772,93.75248728,
13773,95.0694852,
13774,96.70187263,
13775,98.47522877,
13776,99.36882169,
13777,99.33118889,
13778,100.8426624,
13779,102.1673458,
13780,103.0070842,
13781,103.5327239,
13782,104.373528,
13783,105.7490611,
13784,106.9510423,
13785,107.930928,
13786,108.1787876,
13787,109.7372754,
13788,111.2651694,
13789,112.2330557,
13790,112.5410395,
13791,113.8860369,
13792,115.5171043,
13793,117.0761183,
13794,117.354903,
13795,118.5354031,
13796,120.2921615,
13797,121.571987,
13798,122.1106073,
13799,123.2073653,
13800,124.6463037,
13801,125.9912343,
13802,126.4240358,
13803,126.8221633,
13804,127.7725516,
13805,128.9392163,
13806,129.6143616,
13807,130.0337635,
13808,130.5091716,
13809,130.977639,
13810,131.5091203,
13811,131.976137,
13812,132.4121518,
13813,132.6068365,
13814,133.3822288,
13815,134.3407139,
13816,135.0639399,
13817,135.4714079,
13818,136.2984368,
13819,137.2761244,
13820,137.9694017,
13821,138.0847251,
13822,138.1656389,
13823,139.1830809,
13824,140.074324,
13825,140.8169149,
13826,141.0864612,
13827,141.7878721,
13828,142.5341943,
13829,143.328267,
13830,143.5781996,
13831,143.6986974,
13832,144.5668677,
13833,145.2858617,
13834,145.7126711,
13835,146.1423064,
13836,147.0176707,
13837,148.2803179,
13838,148.6248277,
13839,148.9248385,
13840,149.0717699,
13841,149.1637895,
13842,149.6800001,
13843,149.8884615,
13844,149.8685135,
13845,149.9829794,
13846,150.1867792,
13847,150.3272255,
13848,150.15332,
13849,149.9259586,
13850,149.7167574,
13851,149.5593354,
13852,149.6503156,
13853,149.7017945,
13854,149.5060166,
13855,149.4295663,
13856,149.0186249,
13857,148.8697937,
13858,148.6563323,
13859,147.9084599,
13860,147.6653672,
13861,147.2981987,
13862,147.3545795,
13863,147.5439151,
13864,147.461931,
13865,146.9295299,
13866,146.4887453,
13867,146.1115554,
13868,145.5187944,
13869,145.1631355,
13870,145.3479133,
13871,145.3744052,
13872,145.365061,
13873,145.141069,
13874,144.9313963,
13875,144.7150813,
13876,144.1283013,
13877,143.423788,
13878,143.0066992,
13879,142.7392622,
13880,142.7921477,
13881,142.6917987,
13882,142.0644281,
13883,141.5606548,
13884,141.1648831,
13885,140.4143037,
13886,139.6616075,
13887,139.4908076,
13888,139.490463,
13889,139.5836371,
13890,139.2736867,
13891,138.8292494,
13892,138.1319393,
13893,137.5062752,
13894,136.8527087,
13895,136.0394627,
13896,135.7895999,
13897,135.5968721,
13898,135.017942,
13899,133.8886279,
13900,133.0608976,
13901,132.7549737,
13902,132.0305005,
13903,131.2543291,
13904,130.4158917,
13905,129.9655332,
13906,129.6225618,
13907,128.6049647,
13908,127.727964,
13909,125.5309819,
13910,125.5213485,
13911,124.336077,
13912,122.8321646,
13913,121.7492522,
13914,121.3711973,
13915,120.5303176,
13916,118.9796673,
13917,118.1331543,
13918,117.3480383,
13919,116.5656146,
13920,115.8856762,
13921,114.2907406,
13922,112.8522446,
13923,112.4848534,
13924,111.986514,
13925,111.1167209,
13926,109.5385799,
13927,108.077302,
13928,107.8777341,
13929,107.0061368,
13930,104.8892818,
13931,103.540335,
13932,103.0858542,
13933,101.9516685,
13934,100.4896695,
13935,98.89305919,
13936,97.59042512,
13937,97.64669065,
13938,96.80020925,
13939,95.61538339,
13940,92.98815607,
13941,92.12035658,
13942,92.05908104,
13943,90.10623038,
13944,88.06377762,
13945,86.79533005,
13946,85.59678557,
13947,84.38127598,
13948,83.12847032,
13949,81.26006571,
13950,79.29452691,
13951,77.56158013,
13952,77.12243588,
13953,75.29577954,
13954,73.28367264,
13955,71.24905707,
13956,70.58335769,
13957,69.53758242,
13958,66.72682751,
13959,64.60375146,
13960,63.7699175,
13961,62.63653563,
13962,60.55724699,
13963,58.77604474,
13964,56.71040216,
13965,56.52039608,
13966,54.60173439,
13967,51.46889716,
13968,49.84602212,
13969,49.37043228,
13970,48.25584656,
13971,45.9164257,
13972,43.88040169,
13973,43.26466902,
13974,42.6066418,
13975,40.22656907,
13976,38.46090505,
13977,37.23927837,
13978,36.55890904,
13979,35.36771556,
13980,33.38935983,
13981,31.85969669,
13982,30.51366209,
13983,30.06394972,
13984,28.61312141,
13985,26.38183803,
13986,24.89287088,
13987,24.54337615,
13988,23.72880347,
13989,22.11993975,
13990,20.46706708,
13991,19.70403278,
13992,19.76948909,
13993,18.94563553,
13994,17.70801355,
13995,17.55234731,
13996,17.38093815,
13997,17.51973973,
13998,17.77795667,
13999,18.16922825,
14000,18.42427788,
14001,18.67184353,
14002,19.55506619,
14003,20.39313109,
14004,21.25155629,
14005,21.61968702,
14006,21.63331115,
14007,22.42110525,
14008,23.28934846,
14009,24.97594467,
14010,25.3868249,
14011,26.60174571,
14012,27.07541468,
14013,29.32754746,
14014,30.94813845,
14015,32.05945556,
14016,32.16926338,
14017,33.08380342,
14018,34.92851522,
14019,36.73959315,
14020,38.05547582,
14021,38.70296457,
14022,40.02311771,
14023,41.30551362,
14024,42.31863514,
14025,43.42297708,
14026,44.1136559,
14027,45.10185637,
14028,45.95409424,
14029,47.64957872,
14030,49.23316773,
14031,50.50655769,
14032,50.72990647,
14033,52.96611483,
14034,55.23004217,
14035,56.87883082,
14036,57.34143056,
14037,58.74456396,
14038,61.20012733,
14039,63.42743042,
14040,64.41457865,
14041,65.40277388,
14042,67.57401883,
14043,69.41160686,
14044,70.47560296,
14045,71.04302499,
14046,71.66489754,
14047,72.27039956,
14048,73.15711499,
14049,73.64057176,
14050,73.84829938,
14051,74.08312554,
14052,75.50219358,
14053,76.3706039,
14054,78.19677638,
14055,78.68835578,
14056,79.52499441,
14057,80.44434049,
14058,81.7579698,
14059,83.01597767,
14060,83.51613654,
14061,84.28343738,
14062,85.00372451,
14063,87.41920565,
14064,88.54653806,
14065,89.0880589,
14066,89.94463654,
14067,91.96547516,
14068,93.26542458,
14069,94.72753113,
14070,95.12407503,
14071,95.78328819,
14072,97.40500688,
14073,98.84566369,
14074,100.2634623,
14075,100.6884911,
14076,101.8595531,
14077,103.7212877,
14078,105.3314809,
14079,106.0670472,
14080,106.2780577,
14081,108.2550693,
14082,110.1188913,
14083,111.4240643,
14084,112.0363084,
14085,112.6992858,
14086,114.3577746,
14087,114.9393067,
14088,115.871839,
14089,116.2482387,
14090,116.5591345,
14091,116.9042133,
14092,117.6916343,
14093,118.9510935,
14094,119.8393708,
14095,120.3991209,
14096,121.0825872,
14097,122.4269414,
14098,123.4624128,
14099,124.4826509,
14100,124.565147,
14101,124.7247011,
14102,125.3649894,
14103,126.0378918,
14104,126.6910545,
14105,126.9824955,
14106,127.187896,
14107,127.8161405,
14108,128.1015489,
14109,128.5682964,
14110,129.0093286,
14111,129.1691039,
14112,129.3055698,
14113,129.3109446,
14114,130.0764706,
14115,130.5607587,
14116,130.9072693,
14117,131.0925579,
14118,131.0733431,
14119,131.5496911,
14120,132.2019356,
14121,133.4187508,
14122,134.092038,
14123,134.3679686,
14124,134.8384002,
14125,134.9731309,
14126,136.0986577,
14127,137.3948536,
14128,137.8634871,
14129,138.4525029,
14130,139.4111779,
14131,140.1615154,
14132,141.0764406,
14133,141.7328682,
14134,141.9797107,
14135,142.9604989,
14136,144.3519151,
14137,145.1738902,
14138,145.3803108,
14139,146.0373273,
14140,146.6242997,
14141,147.2931462,
14142,147.963403,
14143,147.6990411,
14144,147.7522822,
14145,147.8185432,
14146,147.9082932,
14147,148.3348897,
14148,148.6659231,
14149,148.7145554,
14150,148.849104,
14151,148.8122417,
14152,149.0797563,
14153,149.2076147,
14154,149.2210377,
14155,149.2159319,
14156,148.9870867,
14157,149.3196903,
14158,149.5331236,
14159,149.8273519,
14160,150.2394562,
14161,150.3850538,
14162,150.8389951,
14163,151.0083925,
14164,151.0506142,
14165,150.7025823,
14166,150.515851,
14167,150.780759,
14168,150.8690806,
14169,150.7824109,
14170,151.1021699,
14171,151.2250926,
14172,151.1655446,
14173,151.0410704,
14174,150.9667061,
14175,150.7055294,
14176,150.570337,
14177,150.4729594,
14178,150.4444717,
14179,150.5998247,
14180,150.8036604,
14181,151.2587114,
14182,151.4495721,
14183,151.5906104,
14184,151.4864131,
14185,151.3160692,
14186,150.9693139,
14187,151.0877236,
14188,151.098902,
14189,150.9089206,
14190,150.7129065,
14191,150.5719392,
14192,150.6214724,
14193,150.4173774,
14194,150.3732597,
14195,150.0898387,
14196,149.8471027,
14197,149.4667405,
14198,149.0968942,
14199,149.2034622,
14200,149.0814254,
14201,148.9306494,
14202,148.7440517,
14203,148.6161408,
14204,148.36335,
14205,147.8223416,
14206,147.0323487,
14207,146.3229011,
14208,145.8588967,
14209,146.1550543,
14210,145.6893104,
14211,145.2730464,
14212,144.7594519,
14213,143.6221796,
14214,142.9846668,
14215,141.9693862,
14216,140.5995876,
14217,139.6714757,
14218,139.424643,
14219,138.7762234,
14220,137.2273949,
14221,136.3485119,
14222,135.5695478,
14223,135.2660213,
14224,133.8904979,
14225,132.6372828,
14226,131.4117026,
14227,131.3479392,
14228,131.2638377,
14229,130.7012816,
14230,129.6147493,
14231,128.5153329,
14232,127.4020853,
14233,127.1368515,
14234,126.4094269,
14235,124.7988841,
14236,123.4332781,
14237,122.2508822,
14238,121.8732947,
14239,121.193897,
14240,120.0849232,
14241,118.7481826,
14242,117.8294543,
14243,117.2073415,
14244,115.8554761,
14245,114.3737002,
14246,113.023265,
14247,112.0958931,
14248,112.1173939,
14249,111.3687138,
14250,109.6733931,
14251,109.1216394,
14252,108.2598754,
14253,108.1153514,
14254,107.1367149,
14255,106.770084,
14256,105.9299977,
14257,105.099286,
14258,104.0441772,
14259,103.3189277,
14260,102.2979582,
14261,101.4072909,
14262,100.0800062,
14263,99.47769623,
14264,98.51650404,
14265,97.55298723,
14266,97.45001119,
14267,97.21947489,
14268,96.90661964,
14269,96.70126402,
14270,96.73960136,
14271,96.4293562,
14272,96.13539543,
14273,95.85633717,
14274,95.71365527,
14275,94.74310308,
14276,94.32145588,
14277,93.96680039,
14278,93.55345791,
14279,93.3948119,
14280,92.98920234,
14281,92.06027348,
14282,91.38374423,
14283,90.55762364,
14284,90.15976294,
14285,89.27188142,
14286,88.38432103,
14287,86.87303357,
14288,85.08997953,
14289,83.73205305,
14290,83.48044446,
14291,82.53109223,
14292,80.18124976,
14293,78.26987398,
14294,77.43727794,
14295,76.77259553,
14296,75.40611793,
14297,73.04568447,
14298,70.87426738,
14299,70.92194756,
14300,70.3964321,
14301,68.44060169,
14302,66.19975812,
14303,64.56561236,
14304,64.04501087,
14305,63.16745537,
14306,61.32955463,
14307,59.29881509,
14308,57.39929601,
14309,57.02073392,
14310,55.20907376,
14311,53.335143,
14312,50.78393046,
14313,50.43403646,
14314,49.90543523,
14315,47.64248253,
14316,46.01590348,
14317,44.2179384,
14318,43.84989492,
14319,42.71604383,
14320,40.94445584,
14321,39.44780139,
14322,38.64576117,
14323,38.00739187,
14324,37.10504294,
14325,35.0039931,
14326,33.40112176,
14327,33.03533003,
14328,32.93067413,
14329,31.09015537,
14330,29.36970264,
14331,28.53665736,
14332,28.28700202,
14333,27.33196984,
14334,26.11986169,
14335,24.97586037,
14336,24.52721414,
14337,24.58375199,
14338,24.44579404,
14339,23.87148167,
14340,23.76347321,
14341,23.53868704,
14342,23.03269978,
14343,22.95546661,
14344,23.3405367,
14345,23.74079866,
14346,23.85642214,
14347,24.28949224,
14348,24.84815508,
14349,25.75568517,
14350,26.07660204,
14351,26.20325099,
14352,27.33366741,
14353,28.81512069,
14354,29.85471346,
14355,30.64092359,
14356,31.45308495,
14357,32.61470583,
14358,34.45773802,
14359,35.35505719,
14360,36.32405469,
14361,37.65482273,
14362,38.69727693,
14363,40.22604603,
14364,41.01502245,
14365,40.91080534,
14366,41.5336172,
14367,43.01453653,
14368,44.93514675,
14369,45.60768709,
14370,46.47934586,
14371,47.66291852,
14372,49.62852732,
14373,51.23635294,
14374,53.00890062,
14375,53.02462795,
14376,54.26876849,
14377,56.26520243,
14378,57.68113261,
14379,59.19547004,
14380,59.86068799,
14381,61.12880748,
14382,63.09331771,
14383,65.42124334,
14384,66.66234514,
14385,67.25332022,
14386,69.39342013,
14387,71.49450686,
14388,72.6034306,
14389,72.97263249,
14390,74.24953271,
14391,75.88305113,
14392,77.38323581,
14393,78.43486022,
14394,78.48860715,
14395,79.00019637,
14396,80.54809011,
14397,82.531039,
14398,83.55276757,
14399,84.3333365,
14400,85.28823041,
14401,86.53154175,
14402,88.27707065,
14403,89.93184984,
14404,90.45545287,
14405,91.30019681,
14406,93.52662304,
14407,95.27775057,
14408,95.85162014,
14409,96.60211444,
14410,97.84463546,
14411,99.70024763,
14412,101.4104357,
14413,102.4559562,
14414,102.9644945,
14415,104.3599013,
14416,106.0864287,
14417,107.2320242,
14418,107.5313098,
14419,108.3582796,
14420,108.8371453,
14421,109.9746326,
14422,110.8545435,
14423,110.9236558,
14424,111.223913,
14425,112.3305136,
14426,113.5191943,
14427,114.0574409,
14428,115.0481427,
14429,115.6961787,
14430,116.4628154,
14431,118.2139773,
14432,119.3566337,
14433,120.0207528,
14434,120.1384818,
14435,121.1838657,
14436,122.0256823,
14437,122.6124446,
14438,123.4009432,
14439,123.5611824,
14440,124.3954847,
14441,125.5692101,
14442,126.3511566,
14443,126.6232022,
14444,126.85761,
14445,127.366624,
14446,128.5298053,
14447,129.2318929,
14448,129.6160933,
14449,130.0829501,
14450,130.4052471,
14451,131.2165102,
14452,131.3996589,
14453,130.9457614,
14454,130.9505069,
14455,130.6168295,
14456,131.1495466,
14457,131.2435844,
14458,131.3326996,
14459,131.5438785,
14460,131.6242842,
14461,131.6276241,
14462,131.588158,
14463,131.627394,
14464,131.6627913,
14465,131.6933193,
14466,131.8072936,
14467,131.9456717,
14468,132.2267292,
14469,132.5684101,
14470,132.5765763,
14471,132.4355149,
14472,132.2466999,
14473,131.9126149,
14474,131.8886967,
14475,132.1364709,
14476,132.4190121,
14477,132.6808374,
14478,133.1500552,
14479,133.4186611,
14480,133.5751148,
14481,133.5861391,
14482,133.6679701,
14483,134.0160289,
14484,133.9073901,
14485,134.0102476,
14486,134.2042812,
14487,134.4854436,
14488,134.6200858,
14489,134.4808164,
14490,134.2751378,
14491,133.8200901,
14492,133.5233159,
14493,133.6862978,
14494,133.4863948,
14495,133.220319,
14496,133.07956,
14497,133.0683654,
14498,132.7597453,
14499,132.3156943,
14500,131.9755893,
14501,131.1910043,
14502,130.53309,
14503,129.857089,
14504,129.5877362,
14505,129.6236386,
14506,129.4900478,
14507,129.2075811,
14508,128.7830273,
14509,128.488637,
14510,128.3164023,
14511,127.8678544,
14512,127.4142565,
14513,127.2162362,
14514,127.1641046,
14515,127.1625023,
14516,127.0487884,
14517,126.6404143,
14518,126.046226,
14519,125.7874126,
14520,124.8323179,
14521,124.2522225,
14522,123.6364008,
14523,123.4632826,
14524,123.3232197,
14525,122.4076114,
14526,121.7773968,
14527,121.4281186,
14528,121.5394186,
14529,120.578366,
14530,119.587636,
14531,118.8929659,
14532,118.8632452,
14533,118.7491318,
14534,118.208078,
14535,117.3788622,
14536,116.4498925,
14537,115.8838792,
14538,114.9467674,
14539,114.0793433,
14540,113.3605507,
14541,113.2442224,
14542,113.0042129,
14543,112.4527694,
14544,111.4371328,
14545,110.7257844,
14546,110.3583897,
14547,109.0037719,
14548,107.805787,
14549,107.1460597,
14550,107.0535172,
14551,106.1046004,
14552,104.8739313,
14553,103.6745817,
14554,102.7591329,
14555,102.5863163,
14556,101.4820564,
14557,100.4292802,
14558,98.82875519,
14559,97.82773962,
14560,97.23888198,
14561,96.48720439,
14562,95.03494075,
14563,93.57350077,
14564,92.30713529,
14565,91.56441752,
14566,91.04097785,
14567,89.43914555,
14568,87.43019441,
14569,85.69355874,
14570,85.46460648,
14571,84.39087051,
14572,82.87172931,
14573,81.85703764,
14574,80.45615686,
14575,80.06174063,
14576,78.17543946,
14577,76.21714346,
14578,74.97479966,
14579,72.9162745,
14580,72.97992053,
14581,71.78993278,
14582,69.67936736,
14583,67.65696851,
14584,65.97075469,
14585,65.76001165,
14586,64.31257898,
14587,62.99743399,
14588,61.46137201,
14589,60.39623643,
14590,59.60402036,
14591,58.77870893,
14592,57.79940519,
14593,55.65057334,
14594,54.46441064,
14595,53.82758295,
14596,53.12736603,
14597,51.52637433,
14598,49.09849732,
14599,47.33404773,
14600,46.86957852,
14601,45.91664606,
14602,43.79026836,
14603,42.36894243,
14604,40.74795366,
14605,40.3476555,
14606,39.13830479,
14607,36.55617952,
14608,35.09704083,
14609,34.33038393,
14610,33.97991893,
14611,32.18676951,
14612,30.4721638,
14613,29.25803468,
14614,28.77826307,
14615,27.99107901,
14616,26.10270647,
14617,24.82503291,
14618,24.080212,
14619,23.91157456,
14620,22.6933435,
14621,21.78575799,
14622,21.18515388,
14623,20.98377228,
14624,21.22635085,
14625,20.86702187,
14626,20.25118629,
14627,20.06102996,
14628,20.00239096,
14629,19.39060898,
14630,19.44155406,
14631,20.03472775,
14632,20.64836151,
14633,21.10749244,
14634,22.38279561,
14635,23.60600247,
14636,24.61936652,
14637,25.23261379,
14638,25.48621409,
14639,26.84491503,
14640,28.0529152,
14641,29.33843768,
14642,29.69317898,
14643,30.19108972,
14644,31.69844061,
14645,32.7577333,
14646,34.0385825,
14647,34.38686046,
14648,35.09969279,
14649,36.47474508,
14650,38.21742616,
14651,39.47340709,
14652,40.55022394,
14653,40.90698125,
14654,42.38865355,
14655,43.87710801,
14656,45.74317614,
14657,46.8157878,
14658,47.00041088,
14659,48.16903582,
14660,49.91630272,
14661,51.7412771,
14662,53.13010278,
14663,53.6124019,
14664,55.40694245,
14665,57.39325468,
14666,58.54856128,
14667,59.63932452,
14668,60.36545599,
14669,62.66720752,
14670,64.70850988,
14671,65.96332362,
14672,66.94255134,
14673,68.78669407,
14674,71.28181284,
14675,72.95269481,
14676,73.45944358,
14677,74.47857712,
14678,75.34477577,
14679,76.88520589,
14680,78.47794497,
14681,78.65223289,
14682,79.00014278,
14683,80.68510378,
14684,81.69773305,
14685,83.13283473,
14686,83.97281299,
14687,85.20220183,
14688,86.75214119,
14689,88.68372446,
14690,90.51398821,
14691,90.71281065,
14692,91.09558211,
14693,93.3276107,
14694,94.5351673,
14695,95.46697165,
14696,95.86785927,
14697,97.24527705,
14698,99.23013885,
14699,100.3940889,
14700,100.9521858,
14701,101.5957923,
14702,103.4490004,
14703,105.202553,
14704,105.9621623,
14705,106.8810126,
14706,108.8568876,
14707,110.511286,
14708,112.0104445,
14709,112.6425177,
14710,112.7991381,
14711,114.4893216,
14712,116.5745122,
14713,117.5965908,
14714,117.9362159,
14715,119.0244997,
14716,120.6183403,
14717,122.069908,
14718,122.4000891,
14719,123.0052397,
14720,123.9318989,
14721,125.2255333,
14722,126.273437,
14723,126.6166545,
14724,127.4704388,
14725,128.55355,
14726,129.2941831,
14727,129.6805754,
14728,130.2235608,
14729,130.2342782,
14730,130.4017181,
14731,131.4176335,
14732,131.7732397,
14733,132.4399978,
14734,133.1295882,
14735,133.5742423,
14736,134.5922252,
14737,135.1378154,
14738,135.368272,
14739,135.6486374,
14740,136.7263667,
14741,137.393736,
14742,137.5066458,
14743,137.7492034,
14744,138.1890081,
14745,139.1712609,
14746,140.1074835,
14747,140.5905144,
14748,140.7513499,
14749,140.9812559,
14750,142.0477989,
14751,142.6609561,
14752,142.8614199,
14753,143.6479233,
14754,144.2233131,
14755,144.7397968,
14756,145.4233008,
14757,145.7665838,
14758,145.8451837,
14759,146.3594486,
14760,146.9781609,
14761,147.4244523,
14762,148.0119407,
14763,148.4782254,
14764,148.8865668,
14765,149.872146,
14766,150.5173418,
14767,150.7314996,
14768,151.1222178,
14769,151.3728379,
14770,151.8093236,
14771,152.3512275,
14772,153.0574723,
14773,153.1597487,
14774,153.3047481,
14775,153.4072283,
14776,153.4548794,
14777,153.8510803,
14778,154.053051,
14779,154.0735016,
14780,153.9998518,
14781,153.8305525,
14782,153.6213517,
14783,153.5078047,
14784,153.0295548,
14785,152.9709347,
14786,152.6450385,
14787,152.2207727,
14788,151.7435007,
14789,151.1225197,
14790,150.7461459,
14791,150.3746337,
14792,149.8389318,
14793,149.1486298,
14794,148.3058136,
14795,148.0766889,
14796,148.1015498,
14797,147.9095048,
14798,147.322542,
14799,146.6395038,
14800,145.8866803,
14801,145.7895126,
14802,145.1689104,
14803,144.4523446,
14804,143.635343,
14805,142.9116433,
14806,142.7803319,
14807,142.507869,
14808,141.9577322,
14809,141.3967306,
14810,141.1803051,
14811,140.8433327,
14812,139.9768119,
14813,139.3051275,
14814,138.2749524,
14815,138.0515891,
14816,138.0322806,
14817,137.5151071,
14818,136.6845476,
14819,136.1532383,
14820,135.7551379,
14821,135.069131,
14822,134.0944409,
14823,133.3475882,
14824,132.9109978,
14825,132.8990731,
14826,132.3045176,
14827,131.0667492,
14828,130.3109443,
14829,129.6406222,
14830,128.8932303,
14831,127.8066211,
14832,126.490386,
14833,125.6818793,
14834,125.57125,
14835,125.2549469,
14836,124.285937,
14837,123.4490712,
14838,122.4467939,
14839,122.1088125,
14840,121.4848537,
14841,119.7535922,
14842,118.8746306,
14843,118.3199725,
14844,118.1067088,
14845,117.3272213,
14846,116.4882662,
14847,115.3102437,
14848,114.6875019,
14849,114.1369205,
14850,112.5144745,
14851,111.119869,
14852,110.0259063,
14853,109.5318637,
14854,109.2380864,
14855,108.2508919,
14856,107.3633699,
14857,105.8664806,
14858,105.6286484,
14859,104.7682458,
14860,102.6388366,
14861,101.1847039,
14862,100.6141761,
14863,100.3331405,
14864,98.90963197,
14865,97.22049826,
14866,96.19659652,
14867,95.35911477,
14868,94.92675981,
14869,93.23070985,
14870,91.5726791,
14871,89.74595453,
14872,89.41104867,
14873,88.77466863,
14874,87.91703883,
14875,86.34674949,
14876,84.86294099,
14877,83.21423897,
14878,82.74958904,
14879,81.53657105,
14880,79.62212582,
14881,78.77638226,
14882,77.0518634,
14883,76.95116042,
14884,75.67748617,
14885,74.21689846,
14886,73.29416762,
14887,71.80109909,
14888,71.02297078,
14889,69.92700685,
14890,68.44603821,
14891,66.45441579,
14892,65.09163544,
14893,64.2924826,
14894,63.84590759,
14895,62.74635125,
14896,61.36052362,
14897,59.37490338,
14898,58.57489223,
14899,58.41104711,
14900,55.93363142,
14901,54.36310957,
14902,52.69674355,
14903,51.67760945,
14904,51.71346386,
14905,49.97422542,
14906,48.21044033,
14907,46.36867,
14908,45.5852745,
14909,44.86606241,
14910,43.75429559,
14911,41.89106985,
14912,40.58234117,
14913,39.97827737,
14914,39.34207671,
14915,39.05052964,
14916,37.91031241,
14917,36.91806542,
14918,35.55532292,
14919,34.83904586,
14920,34.42784691,
14921,33.80498377,
14922,33.19824375,
14923,32.21399389,
14924,30.60478899,
14925,30.53707496,
14926,29.85158193,
14927,29.14657956,
14928,28.57911655,
14929,28.04209789,
14930,27.64645986,
14931,27.15661663,
14932,26.6416926,
14933,25.90618956,
14934,25.4618565,
14935,24.55552779,
14936,23.65514018,
14937,23.38489493,
14938,23.00245416,
14939,22.05391965,
14940,21.15123248,
14941,20.7973281,
14942,20.76265841,
14943,20.73812284,
14944,20.21654578,
14945,19.81903249,
14946,19.85679222,
14947,19.73037944,
14948,19.90800559,
14949,20.06780603,
14950,20.36024441,
14951,20.87175005,
14952,21.18847952,
14953,22.35614979,
14954,23.62923509,
14955,24.71176144,
14956,25.09306808,
14957,25.67276104,
14958,27.0242001,
14959,28.76403796,
14960,29.99777465,
14961,30.29773213,
14962,31.99826407,
14963,33.32308674,
14964,35.0989443,
14965,35.61771073,
14966,36.4022649,
14967,38.54799033,
14968,40.62807157,
14969,41.9305327,
14970,42.34706687,
14971,44.04676007,
14972,46.06895406,
14973,47.55334087,
14974,47.55510269,
14975,49.11065609,
14976,51.07304539,
14977,53.92008754,
14978,54.57616822,
14979,54.80523291,
14980,56.57242831,
14981,59.39224415,
14982,60.80036959,
14983,61.49318262,
14984,62.52033458,
14985,64.76160403,
14986,66.48241611,
14987,67.66800332,
14988,67.91932285,
14989,69.43776004,
14990,70.54094623,
14991,72.52666472,
14992,73.84931012,
14993,74.14224349,
14994,75.5423299,
14995,77.86173506,
14996,79.51077876,
14997,80.20308845,
14998,80.47793913,
14999,81.74962502,
15000,82.79012339,
15001,84.15015257,
15002,85.08355109,
15003,86.30517763,
15004,87.64677455,
15005,89.59498706,
15006,90.32496889,
15007,90.54450876,
15008,92.12035756,
15009,94.21806073,
15010,95.2966732,
15011,95.66210855,
15012,97.45507798,
15013,99.3896956,
15014,100.7993256,
15015,101.200791,
15016,102.3600926,
15017,104.2906524,
15018,106.0765807,
15019,106.6517319,
15020,107.9014715,
15021,109.8529144,
15022,111.9475503,
15023,113.0282302,
15024,113.2819907,
15025,114.5971864,
15026,117.1251664,
15027,118.3085699,
15028,118.8952952,
15029,120.5086911,
15030,121.5127882,
15031,122.6605807,
15032,122.9106726,
15033,122.9327638,
15034,123.4254953,
15035,124.5221138,
15036,125.8208947,
15037,126.06329,
15038,126.3119153,
15039,127.0251764,
15040,127.4747164,
15041,127.5291519,
15042,127.6497334,
15043,127.5635054,
15044,127.3546075,
15045,127.9189556,
15046,128.2009176,
15047,128.0539714,
15048,128.1561295,
15049,128.3010044,
15050,128.4681024,
15051,128.719216,
15052,128.9810603,
15053,128.9236888,
15054,129.2592792,
15055,129.7730566,
15056,129.8925634,
15057,130.0435613,
15058,130.2646398,
15059,130.6265544,
15060,130.8302206,
15061,130.9456416,
15062,131.0025807,
15063,130.7111751,
15064,130.8160625,
15065,130.8473671,
15066,131.1730869,
15067,131.3655499,
15068,131.6123329,
15069,131.6776927,
15070,131.4824856,
15071,131.4276704,
15072,130.9203896,
15073,131.0278709,
15074,130.9834154,
15075,130.8946206,
15076,130.8555492,
15077,130.8249288,
15078,130.7034844,
15079,130.6392567,
15080,130.4848651,
15081,130.0264988,
15082,129.9823325,
15083,129.8943897,
15084,129.6793837,
15085,129.6483998,
15086,129.6044919,
15087,129.5760793,
15088,129.0537348,
15089,128.8494717,
15090,128.4630421,
15091,128.4534719,
15092,128.0613817,
15093,127.9836323,
15094,127.7079533,
15095,127.1887643,
15096,126.7673752,
15097,126.8546395,
15098,126.0794323,
15099,125.7005087,
15100,125.1069672,
15101,124.8659877,
15102,124.7728027,
15103,124.5368715,
15104,124.1663069,
15105,123.6407374,
15106,123.5854607,
15107,122.8836731,
15108,122.1398713,
15109,121.5043837,
15110,121.1515908,
15111,120.8873275,
15112,120.6687518,
15113,120.2392936,
15114,119.6348876,
15115,119.3301999,
15116,118.6813414,
15117,117.8687053,
15118,117.2182568,
15119,116.9645041,
15120,116.8474502,
15121,116.6013607,
15122,115.517108,
15123,114.9647895,
15124,114.7080868,
15125,114.0295572,
15126,113.1621683,
15127,112.1909658,
15128,112.084641,
15129,112.3074349,
15130,112.0224275,
15131,111.1681816,
15132,110.5595811,
15133,110.2860629,
15134,109.741339,
15135,109.2689239,
15136,108.6478664,
15137,107.7685387,
15138,107.5589963,
15139,107.1752831,
15140,106.5460154,
15141,105.7736076,
15142,104.9090724,
15143,103.8092618,
15144,103.7068083,
15145,103.2775314,
15146,102.2189201,
15147,100.9355267,
15148,100.2511395,
15149,99.60449333,
15150,98.30848851,
15151,97.43773346,
15152,96.72319083,
15153,95.37087744,
15154,95.14724262,
15155,93.91147951,
15156,92.65193531,
15157,90.94428127,
15158,89.20558932,
15159,88.83516045,
15160,88.2003035,
15161,86.79593113,
15162,84.73889808,
15163,83.7317252,
15164,82.90041599,
15165,81.3563829,
15166,79.70816754,
15167,79.1117869,
15168,78.46535505,
15169,77.65358031,
15170,75.7676474,
15171,74.21995947,
15172,72.76782695,
15173,72.30374612,
15174,71.50434641,
15175,70.51804422,
15176,69.10504916,
15177,67.65507182,
15178,66.87421748,
15179,65.76518183,
15180,63.8632699,
15181,61.81797655,
15182,61.47345678,
15183,60.61142763,
15184,60.42483018,
15185,59.43771005,
15186,57.85379825,
15187,56.25246349,
15188,55.75981741,
15189,55.26947946,
15190,54.02144218,
15191,52.74756184,
15192,50.61381215,
15193,49.14285263,
15194,48.90071893,
15195,47.52316557,
15196,45.29925724,
15197,44.12125693,
15198,42.9704903,
15199,42.28343958,
15200,40.72386169,
15201,39.11460041,
15202,37.65553372,
15203,36.79451791,
15204,36.76679284,
15205,35.83275814,
15206,34.02045742,
15207,32.14989836,
15208,30.99159536,
15209,30.48176124,
15210,28.85072438,
15211,27.22775122,
15212,26.41085101,
15213,26.03646431,
15214,25.94161508,
15215,24.46745541,
15216,23.65830818,
15217,23.67635947,
15218,23.89937862,
15219,23.95321216,
15220,24.07161341,
15221,24.18628649,
15222,24.32208459,
15223,24.17832857,
15224,23.73168218,
15225,23.28648698,
15226,23.53593578,
15227,24.1799918,
15228,24.94290672,
15229,25.4096656,
15230,25.47302923,
15231,25.81715867,
15232,26.21305825,
15233,27.2640714,
15234,28.40977294,
15235,29.4160127,
15236,29.88527103,
15237,30.43480739,
15238,31.43756131,
15239,32.80915523,
15240,33.66290357,
15241,34.40700933,
15242,35.40840355,
15243,36.41567918,
15244,38.21342232,
15245,39.54624203,
15246,40.20243042,
15247,41.1556627,
15248,43.08063954,
15249,44.66786539,
15250,46.10171292,
15251,46.49114574,
15252,48.02302769,
15253,49.97307499,
15254,51.92806185,
15255,52.91140972,
15256,53.90065801,
15257,55.71457937,
15258,57.31721033,
15259,58.67209587,
15260,59.16738109,
15261,60.63334245,
15262,62.58050557,
15263,63.99438395,
15264,64.97396075,
15265,66.00663383,
15266,67.15369496,
15267,69.47291659,
15268,70.99578974,
15269,70.93866556,
15270,71.98832942,
15271,73.31538832,
15272,74.99399549,
15273,76.23735464,
15274,76.69947151,
15275,77.80749466,
15276,79.26426406,
15277,81.51445973,
15278,82.47959487,
15279,82.95317033,
15280,83.86218439,
15281,85.06881398,
15282,87.42341336,
15283,88.70845125,
15284,89.35772991,
15285,90.19725013,
15286,91.82774981,
15287,93.31469795,
15288,94.53712967,
15289,94.70857359,
15290,94.7843243,
15291,95.6513728,
15292,95.90039606,
15293,96.42526772,
15294,96.90504273,
15295,96.91420866,
15296,96.8849402,
15297,96.45682308,
15298,96.73117342,
15299,96.60126649,
15300,96.99047246,
15301,97.02469526,
15302,97.2436764,
15303,97.31846108,
15304,97.31665241,
15305,97.21757727,
15306,97.57000212,
15307,97.78395028,
15308,98.27964647,
15309,98.32596828,
15310,98.30346197,
15311,98.17755961,
15312,98.27242549,
15313,98.00131691,
15314,97.6821866,
15315,97.40030894,
15316,97.22403203,
15317,97.29220914,
15318,97.2483478,
15319,97.28302469,
15320,97.29214068,
15321,97.34744193,
15322,97.32938594,
15323,97.5154716,
15324,97.8841813,
15325,98.54730004,
15326,99.04332739,
15327,99.51935787,
15328,100.2195373,
15329,100.7489945,
15330,101.4537226,
15331,102.6450788,
15332,103.0105512,
15333,103.1748285,
15334,103.6890795,
15335,104.6672882,
15336,105.6919877,
15337,106.3468222,
15338,106.6480129,
15339,107.9508851,
15340,108.3023308,
15341,108.5638548,
15342,109.3619075,
15343,110.4362229,
15344,110.7003781,
15345,110.9296048,
15346,111.5317481,
15347,112.4046124,
15348,112.9502603,
15349,113.5894036,
15350,113.5568371,
15351,113.6079488,
15352,113.9002953,
15353,114.3854135,
15354,114.9713002,
15355,115.4160522,
15356,115.9171496,
15357,116.0257014,
15358,116.1844968,
15359,117.0443988,
15360,118.321826,
15361,118.7732412,
15362,118.8179642,
15363,118.9011839,
15364,119.163557,
15365,119.6464026,
15366,119.6369805,
15367,120.3244137,
15368,120.6428916,
15369,120.6435628,
15370,120.5787158,
15371,120.8447197,
15372,120.9425875,
15373,121.0562106,
15374,120.918015,
15375,120.9662089,
15376,120.9402737,
15377,120.9705707,
15378,120.9663296,
15379,120.9944549,
15380,120.9719787,
15381,120.9477683,
15382,120.9477683,
15383,120.9748391,
15384,120.9748391,
15385,120.9711084,
15386,120.9250388,
15387,120.9652553,
15388,120.9224723,
15389,120.8784983,
15390,120.896687,
15391,120.8661323,
15392,120.8497564,
15393,120.8720555,
15394,120.8292422,
15395,120.815379,
15396,120.81899,
15397,120.808648,
15398,120.7979497,
15399,120.7530175,
15400,120.7894301,
15401,120.7733722,
15402,120.7820758,
15403,120.7677993,
15404,120.8004586,
15405,120.7629728,
15406,120.7989226,
15407,120.7530159,
15408,120.7967964,
15409,120.7828511,
15410,120.7610037,
15411,120.7253714,
15412,120.7676752,
15413,120.757707,
15414,120.7429027,
15415,120.7360338,
15416,120.7384836,
15417,120.7429299,
15418,120.7508375,
15419,120.7327642,
15420,120.7198508,
15421,120.7350458,
15422,120.6214664,
15423,120.6432229,
15424,120.7127499,
15425,120.5928936,
15426,120.5881003,
15427,120.5881003,
15428,120.61106,
15429,120.6174501,
15430,120.6738744,
15431,120.6355193,
15432,120.663561,
15433,120.6613408,
15434,120.6621215,
15435,120.6851561,
15436,120.6605922,
15437,120.6605922,
15438,120.6688143,
15439,120.6795247,
15440,120.6610761,
15441,120.5986461,
15442,120.6459069,
15443,120.6459069,
15444,120.6396213,
15445,120.6983258,
15446,120.6983258,
15447,120.7119197,
15448,120.693102,
15449,120.6284243,
15450,120.6871317,
15451,120.6567661,
15452,120.7062202,
15453,120.7011546,
15454,120.6863841,
15455,120.6733792,
15456,120.6475867,
15457,120.6519645,
15458,120.6357299,
15459,120.6504381,
15460,120.6357299,
15461,120.6357299,
15462,120.6137382,
15463,120.6137382,
15464,120.6827709,
15465,120.7305699,
15466,120.6800478,
15467,120.6587931,
15468,120.6889599,
15469,120.6820565,
15470,120.6577239,
15471,120.6490005,
15472,120.6688108,
15473,120.7046402,
15474,120.6284243,
15475,120.6137382,
15476,120.6644998,
15477,120.6137382,
15478,120.6862106,
15479,120.6763778,
15480,120.747023,
15481,120.7360297,
15482,120.7164506,
15483,120.7781833,
15484,120.7304846,
15485,120.7304846,
15486,120.7129108,
15487,120.7175109,
15488,120.7195581,
15489,120.7839944,
15490,120.7072698,
15491,120.7195581,
15492,120.7278039,
15493,120.694438,
15494,120.7026683,
15495,120.6608792,
15496,120.7053435,
15497,120.7053435,
15498,120.7041834,
15499,120.7499948,
15500,120.7649883,
15501,120.7649883,
15502,120.712112,
15503,120.7649883,
15504,120.7796822,
15505,120.8010134,
15506,120.7789772,
15507,120.7936097,
15508,120.8155353,
15509,120.7868928,
15510,120.8033948,
15511,120.7993015,
15512,120.7993015,
15513,120.8012221,
15514,120.8135794,
15515,120.8299848,
15516,120.8727583,
15517,120.8274879,
15518,120.8328153,
15519,120.8095861,
15520,120.7969317,
15521,120.8040286,
15522,120.8219645,
15523,120.8219645,
15524,120.8203779,
15525,120.8428476,
15526,120.8428476,
15527,120.8158955,
15528,120.8158955,
15529,120.8202411,
15530,120.8424499,
15531,120.8087681,
15532,120.8087681,
15533,120.8291507,
15534,120.8291507,
15535,120.818198,
15536,120.8197867,
15537,120.8280212,
15538,120.8727959,
15539,120.8004613,
15540,120.7479528,
15541,120.7681602,
15542,120.7999076,
15543,120.800128,
15544,120.7782391,
15545,120.7379448,
15546,120.7899359,
15547,120.7704267,
15548,120.7855411,
15549,120.7844284,
15550,120.7691391,
15551,120.8089664,
15552,120.7433738,
15553,120.7789488,
15554,120.8117123,
15555,120.8440832,
15556,120.7666931,
15557,120.7129856,
15558,120.7453515,
15559,120.8130291,
15560,120.7993209,
15561,120.7702724,
15562,120.8083508,
15563,120.8041461,
15564,120.7908592,
15565,120.7908592,
15566,120.7908592,
15567,120.7816089,
15568,120.7980246,
15569,120.8475951,
15570,120.8702769,
15571,120.8691796,
15572,120.9064569,
15573,120.8517552,
15574,120.8247099,
15575,120.8330425,
15576,120.80036,
15577,120.7622574,
15578,120.7481529,
15579,120.7978133,
15580,120.8102762,
15581,120.8491975,
15582,120.8171936,
15583,120.8102762,
15584,120.8376498,
15585,120.8587924,
15586,120.8587924,
15587,120.8587924,
15588,120.8537364,
15589,120.8154439,
15590,120.8384253,
15591,120.8252986,
15592,120.8021469,
15593,120.8021469,
15594,120.8769641,
15595,120.8338057,
15596,120.8106291,
15597,120.7996103,
15598,120.8155089,
15599,120.7950624,
15600,120.7576273,
15601,120.7798065,
15602,120.7497996,
15603,120.7581127,
15604,120.8275913,
15605,120.7826121,
15606,120.781151,
15607,120.7836463,
15608,120.7799792,
15609,120.7799792,
15610,120.7950756,
15611,120.7953955,
15612,120.765755,
15613,120.765755,
15614,120.7826281,
15615,120.715408,
15616,120.7440845,
15617,120.7455491,
15618,120.8319477,
15619,120.8418623,
15620,120.818063,
15621,120.8644458,
15622,120.8644458,
15623,120.8411823,
15624,120.8427545,
15625,120.8243976,
15626,120.8604819,
15627,120.8644458,
15628,120.8687937,
15629,120.8237263,
15630,120.8655055,
15631,120.7757191,
15632,120.8829262,
15633,120.8218443,
15634,120.8259327,
15635,120.8528865,
15636,120.7743613,
15637,120.8410822,
15638,120.8410822,
15639,120.8089078,
15640,120.8535207,
15641,120.8692595,
15642,120.8318456,
15643,120.7678441,
15644,120.7834248,
15645,120.7834248,
15646,120.7883459,
15647,120.7821422,
15648,120.7327525,
15649,120.7868015,
15650,120.8649426,
15651,120.8908039,
15652,120.8784978,
15653,120.852802,
15654,120.8756926,
15655,120.8756926,
15656,120.87869,
15657,120.8599708,
15658,120.862816,
15659,120.8431174,
15660,120.9175751,
15661,120.9021073,
15662,120.915328,
15663,120.9373142,
15664,120.9248198,
15665,120.8980446,
15666,120.8674187,
15667,120.8823934,
15668,120.9050513,
15669,120.8955916,
15670,120.899903,
15671,120.9093642,
15672,120.899819,
15673,120.9373806,
15674,120.9110394,
15675,120.8955916,
15676,120.9088349,
15677,120.9308359,
15678,120.9087472,
15679,120.8707052,
15680,120.9386273,
15681,120.9242041,
15682,120.8878208,
15683,120.8878208,
15684,120.919345,
15685,120.8931146,
15686,120.8381851,
15687,120.9155113,
15688,120.9328155,
15689,120.9207149,
15690,120.9490829,
15691,120.9271383,
15692,120.9448943,
15693,120.9475379,
15694,120.9228853,
15695,120.9228853,
15696,120.8651765,
15697,120.8831686,
15698,120.8967128,
15699,120.8926391,
15700,120.9069793,
15701,120.905698,
15702,120.9489429,
15703,120.9357939,
15704,120.9268496,
15705,120.931095,
15706,120.9324172,
15707,120.9336065,
15708,120.955546,
15709,120.9336065,
15710,120.9362944,
15711,120.9754782,
15712,120.9667454,
15713,120.9668463,
15714,120.9444886,
15715,120.8865254,
15716,120.8727827,
15717,120.8824279,
15718,120.9147967,
15719,120.8966541,
15720,120.8778222,
15721,120.8651034,
15722,120.874442,
15723,120.8056628,
15724,120.8959875,
15725,120.8857416,
15726,120.8393403,
15727,120.8536444,
15728,120.8891289,
15729,120.9121225,
15730,120.9072431,
15731,120.9684608,
15732,120.8946802,
15733,120.872932,
15734,120.9717066,
15735,120.9027904,
15736,120.9027904,
15737,120.8705322,
15738,120.8145563,
15739,120.8465036,
15740,120.8243145,
15741,120.8936849,
15742,120.8669769,
15743,120.9017397,
15744,120.9017397,
15745,120.9060838,
15746,120.9437267,
15747,120.948545,
15748,120.9245709,
15749,120.9371212,
15750,120.9442918,
15751,120.9177119,
15752,120.9102029,
15753,120.9084162,
15754,120.8854387,
15755,120.8570453,
15756,120.9219467,
15757,120.9204977,
15758,120.8726703,
15759,120.8724965,
15760,120.8696809,
15761,120.8696809,
15762,120.8724965,
15763,120.8910259,
15764,120.8358924,
15765,120.8773418,
15766,120.969481,
15767,120.88861,
15768,120.9351848,
15769,120.9129647,
15770,120.9169992,
15771,120.9951768,
15772,120.9960721,
15773,120.9037248,
15774,120.8621638,
15775,120.9433377,
15776,120.9486245,
15777,120.8953922,
15778,120.8952712,
15779,120.9499881,
15780,120.9726963,
15781,120.9470173,
15782,120.9022666,
15783,120.9472834,
15784,120.9472834,
15785,120.9274442,
15786,120.9274442,
15787,120.9274442,
15788,120.9248411,
15789,120.9275818,
15790,120.9275818,
15791,120.9290437,
15792,120.9339029,
15793,120.9302206,
15794,120.9135914,
15795,120.8752323,
15796,120.9019702,
15797,120.9248411,
15798,120.9019702,
15799,120.9019702,
15800,120.9019702,
15801,120.8881063,
15802,120.8881063,
15803,120.8925477,
15804,120.8708292,
15805,120.8925477,
15806,120.9110162,
15807,120.8925477,
15808,120.9328928,
15809,120.9467873,
15810,120.9193558,
15811,120.9193558,
15812,120.8822689,
15813,120.9535819,
15814,120.9852512,
15815,120.9852512,
15816,120.9852512,
15817,120.9882304,
15818,120.9635528,
15819,120.9672243,
15820,120.920298,
15821,120.9364667,
15822,120.9896911,
15823,120.9175077,
15824,120.9499179,
15825,120.9632743,
15826,120.9632743,
15827,120.9632743,
15828,120.9313411,
15829,120.9050264,
15830,120.961934,
15831,120.9313411,
15832,120.9545832,
15833,120.9411888,
15834,120.9091585,
15835,120.8955345,
15836,120.9185241,
15837,120.9153937,
15838,120.9157853,
15839,120.944253,
15840,120.9375902,
15841,120.9390209,
15842,120.9457925,
15843,120.9057175,
15844,120.922546,
15845,120.9147701,
15846,120.8339396,
15847,120.9420191,
15848,120.9444876,
15849,120.9373264,
15850,120.9416013,
15851,120.913391,
15852,120.9311164,
15853,120.9306594,
15854,120.9488182,
15855,120.9772245,
15856,121.037234,
15857,120.984717,
15858,120.9843775,
15859,120.9734782,
15860,120.9833725,
15861,120.9940595,
15862,120.981841,
15863,121.011677,
15864,120.9852607,
15865,120.9634037,
15866,120.9261286,
15867,121.0197206,
15868,121.0171846,
15869,121.0236993,
15870,121.0196406,
15871,120.951792,
15872,120.9741744,
15873,120.9783881,
15874,120.9620418,
15875,120.9620418,
15876,120.9356915,
15877,120.9330917,
15878,120.9336965,
15879,120.8776549,
15880,120.890083,
15881,120.890083,
15882,120.9530563,
15883,120.9006326,
15884,120.8997887,
15885,120.9639884,
15886,120.9639884,
15887,120.9264521,
15888,120.9264521,
15889,120.8757897,
15890,120.8786128,
15891,120.9036695,
15892,120.9173548,
15893,120.9648937,
15894,120.9648937,
15895,120.9367635,
15896,120.9445231,
15897,120.9739606,
15898,120.9790745,
15899,120.954156,
15900,120.8817354,
15901,120.9348987,
15902,120.8840797,
15903,120.8914144,
15904,120.8926584,
15905,120.9391067,
15906,120.9498976,
15907,120.9498976,
15908,120.9619921,
15909,120.9841447,
15910,120.9701942,
15911,120.9795736,
15912,121.0279335,
15913,120.9869264,
15914,121.0227531,
15915,121.0555023,
15916,121.0334541,
15917,121.0033466,
15918,120.9756091,
15919,121.0033466,
15920,121.0165312,
15921,121.0029863,
15922,121.0165312,
15923,121.0228719,
15924,120.9968318,
15925,120.9991113,
15926,120.9978548,
15927,121.0142851,
15928,121.0241246,
15929,121.034394,
15930,121.034394,
15931,121.0597705,
15932,121.0483024,
15933,121.0483024,
15934,121.0737319,
15935,121.0506401,
15936,121.0737319,
15937,121.0698879,
15938,121.0864877,
15939,121.0773325,
15940,121.0698879,
15941,121.0025073,
15942,121.0062894,
15943,121.035326,
15944,121.0038913,
15945,121.0063672,
15946,121.0324592,
15947,121.0301988,
15948,121.049792,
15949,121.0301988,
15950,120.9884798,
15951,120.9954437,
15952,121.0087937,
15953,121.0320749,
15954,121.0506401,
15955,121.0378606,
15956,121.004913,
15957,120.990811,
15958,120.9761398,
15959,120.9815768,
15960,121.0646709,
15961,121.0111513,
15962,120.9740485,
15963,121.0111513,
15964,120.9953993,
15965,120.9953993,
15966,121.0164334,
15967,121.0098196,
15968,121.031449,
15969,120.9712366,
15970,121.0203039,
15971,121.0153199,
15972,121.0665121,
15973,121.0612884,
15974,121.0395067,
15975,121.0672955,
15976,121.0447422,
15977,121.0188208,
15978,121.0378606,
15979,121.0395633,
15980,121.0236764,
15981,121.0236764,
15982,120.9866322,
15983,120.979664,
15984,120.979664,
15985,120.9655405,
15986,120.981945,
15987,120.9737976,
15988,120.9941308,
15989,120.9918451,
15990,120.9918451,
15991,120.9834436,
15992,120.9739948,
15993,120.944344,
15994,120.8994683,
15995,120.8863152,
15996,120.9247537,
15997,120.9218871,
15998,120.9134339,
15999,120.924194,
16000,120.9262235,
16001,120.947504,
16002,120.9528784,
16003,120.9528784,
16004,120.9528784,
16005,120.9325765,
16006,120.9828491,
16007,120.9352289,
16008,120.9299546,
16009,120.9421566,
16010,120.926028,
16011,120.926028,
16012,120.926028,
16013,120.9527896,
16014,120.9840821,
16015,120.940913,
16016,120.9865167,
16017,120.9410071,
16018,120.9384473,
16019,120.9410071,
16020,120.9688232,
16021,120.9336392,
16022,120.9384802,
16023,120.866952,
16024,120.8691935,
16025,120.8752105,
16026,120.9034302,
16027,120.9349034,
16028,120.9092881,
16029,120.8773652,
16030,120.9079301,
16031,120.9163533,
16032,120.9079301,
16033,120.9286089,
16034,120.9222903,
16035,120.9452751,
16036,120.9382749,
16037,120.9506034,
16038,120.9348911,
16039,120.9231169,
16040,120.9068155,
16041,120.9068155,
16042,120.9068155,
16043,120.8610626,
16044,120.8656108,
16045,120.9116587,
16046,120.8689456,
16047,120.9133321,
16048,121.0191708,
16049,121.0074997,
16050,120.9627697,
16051,120.9917404,
16052,120.9592014,
16053,120.9592014,
16054,120.9434805,
16055,120.9484907,
16056,120.9867053,
16057,120.9609496,
16058,120.9492597,
16059,120.9316897,
16060,120.9179057,
16061,120.9855548,
16062,120.9026383,
16063,120.9411415,
16064,120.9270968,
16065,120.9247802,
16066,120.9247802,
16067,120.9605205,
16068,120.9605205,
16069,120.9605205,
16070,120.9050071,
16071,120.9050071,
16072,120.9374438,
16073,120.8981815,
16074,120.8981815,
16075,120.8711953,
16076,120.8513116,
16077,120.8357909,
16078,120.9180314,
16079,120.8496516,
16080,120.934238,
16081,120.8953955,
16082,120.916713,
16083,120.958096,
16084,120.9002536,
16085,120.9286685,
16086,120.9287332,
16087,120.925555,
16088,120.894912,
16089,120.9676507,
16090,120.9403194,
16091,120.931541,
16092,120.948536,
16093,121.0150563,
16094,120.9929944,
16095,120.9706404,
16096,120.9928362,
16097,120.9832668,
16098,120.9832668,
16099,120.99694,
16100,120.9696433,
16101,120.9857003,
16102,120.9630953,
16103,120.9895502,
16104,120.9491414,
16105,120.9709704,
16106,120.9709704,
16107,120.9613422,
16108,120.9975348,
16109,120.9975348,
16110,120.9709704,
16111,120.9817128,
16112,120.9709704,
16113,121.0237843,
16114,121.0191551,
16115,121.0191551,
16116,120.9576985,
16117,120.9887021,
16118,120.9013656,
16119,120.9426869,
16120,120.9510599,
16121,120.9356875,
16122,120.9727771,
16123,121.0371018,
16124,121.0044786,
16125,120.9458248,
16126,120.9416053,
16127,120.9187622,
16128,120.9187622,
16129,120.9416053,
16130,120.955188,
16131,120.9338316,
16132,120.9058135,
16133,120.9363979,
16134,120.8979038,
16135,120.9724171,
16136,120.9579436,
16137,120.9604664,
16138,120.9043154,
16139,120.8717863,
16140,120.8955871,
16141,120.927255,
16142,120.8957264,
16143,120.8246295,
16144,120.8782485,
16145,120.8550645,
16146,120.9055885,
16147,120.9125528,
16148,120.9448049,
16149,120.9668812,
16150,120.9394935,
16151,120.9581625,
16152,120.9445677,
16153,120.9514135,
16154,120.9011595,
16155,120.9432922,
16156,120.9272107,
16157,120.9272107,
16158,120.8960826,
16159,120.9144189,
16160,120.9437155,
16161,120.9398979,
16162,120.956667,
16163,120.9117429,
16164,120.8902215,
16165,120.9166666,
16166,120.9502778,
16167,120.9483039,
16168,120.9381289,
16169,120.9222132,
16170,120.9390852,
16171,120.9963849,
16172,120.9963849,
16173,120.962006,
16174,120.9939087,
16175,120.9367397,
16176,120.9146506,
16177,120.9294706,
16178,120.9868428,
16179,120.972324,
16180,120.972324,
16181,120.9935274,
16182,120.9507265,
16183,120.9419915,
16184,120.9549962,
16185,120.9760021,
16186,120.9401313,
16187,120.9484547,
16188,120.9717453,
16189,120.995499,
16190,120.9685023,
16191,120.9569602,
16192,120.9179738,
16193,120.968516,
16194,120.9342988,
16195,120.9880681,
16196,120.9697059,
16197,120.9519304,
16198,120.9554189,
16199,120.9394492,
16200,120.9957639,
16201,121.0036325,
16202,120.9448514,
16203,120.9474141,
16204,120.9230143,
16205,120.951342,
16206,120.9273701,
16207,120.9247436,
16208,120.9633946,
16209,121.0166164,
16210,120.986442,
16211,120.9734341,
16212,120.959408,
16213,120.973454,
16214,120.9166565,
16215,120.9485973,
16216,120.9346861,
16217,120.9730805,
16218,120.8902473,
16219,120.9146946,
16220,120.9146946,
16221,120.8905046,
16222,120.8905046,
16223,120.9554341,
16224,120.9668094,
16225,120.9860653,
16226,120.9868768,
16227,120.9721533,
16228,120.9610596,
16229,120.963456,
16230,120.9756076,
16231,120.9346727,
16232,120.9756076,
16233,120.9756076,
16234,120.9484172,
16235,120.9878812,
16236,120.902374,
16237,120.9517885,
16238,120.9369059,
16239,120.9140963,
16240,120.9447726,
16241,120.942198,
16242,120.9447726,
16243,120.9677566,
16244,120.9677566,
16245,120.9536906,
16246,120.9271287,
16247,120.9411355,
16248,120.9536906,
16249,120.8989619,
16250,120.8989619,
16251,120.9217882,
16252,120.9215067,
16253,120.9307377,
16254,120.9456474,
16255,120.9307377,
16256,120.9134951,
16257,120.9307377,
16258,120.9223247,
16259,120.9307377,
16260,120.948792,
16261,120.9511917,
16262,120.9246527,
16263,120.9460019,
16264,120.9153105,
16265,120.9002614,
16266,120.964725,
16267,120.964725,
16268,120.9794807,
16269,120.9565875,
16270,120.9370234,
16271,120.9755788,
16272,120.959408,
16273,121.0067647,
16274,121.0021179,
16275,120.989782,
16276,120.9612153,
16277,120.9875933,
16278,120.9966299,
16279,120.9966299,
16280,120.9479886,
16281,120.961891,
16282,120.8980445,
16283,120.9349258,
16284,120.9441083,
16285,120.9464658,
16286,120.9636872,
16287,120.905971,
16288,120.9326947,
16289,120.916237,
16290,120.916237,
16291,120.9544857,
16292,120.9513347,
16293,120.9387207,
16294,120.9387207,
16295,120.9382889,
16296,120.8844183,
16297,120.9359601,
16298,120.9413905,
16299,120.9264146,
16300,120.9127145,
16301,120.8757187,
16302,120.939395,
16303,120.9244723,
16304,120.9244723,
16305,120.9251111,
16306,120.9391914,
16307,120.9391914,
16308,120.941771,
16309,120.9173446,
16310,120.9122215,
16311,120.9277397,
16312,120.9251111,
16313,120.9095473,
16314,120.9095473,
16315,120.9627912,
16316,120.9574266,
16317,120.8968742,
16318,120.870304,
16319,120.9395513,
16320,120.8664639,
16321,120.8606658,
16322,120.9127838,
16323,120.8895643,
16324,120.8888286,
16325,120.9576701,
16326,120.9222285,
16327,120.9483506,
16328,120.923156,
16329,120.8880694,
16330,120.8966406,
16331,120.9196841,
16332,120.9196841,
16333,120.9196841,
16334,120.9492553,
16335,120.9492553,
16336,120.9715805,
16337,120.9573709,
16338,121.0017,
16339,120.9638831,
16340,120.9796819,
16341,120.9523606,
16342,120.9641494,
16343,120.9022827,
16344,120.8873296,
16345,120.8873296,
16346,120.8873296,
16347,120.921406,
16348,120.9377039,
16349,120.9419663,
16350,120.915453,
16351,120.9090914,
16352,120.9088288,
16353,120.8803373,
16354,120.8847872,
16355,120.918116,
16356,120.918116,
16357,120.9775885,
16358,120.9522631,
16359,120.9130995,
16360,120.9637386,
16361,120.9558727,
16362,120.9840821,
16363,120.9840821,
16364,120.9840821,
16365,120.9840821,
16366,120.9840821,
16367,120.9840821,
16368,120.9840821,
16369,120.9840821,
16370,120.8966341,
16371,120.9392806,
16372,120.8925487,
16373,120.9031393,
16374,120.9098831,
16375,120.9235919,
16376,120.8959814,
16377,120.8737385,
16378,120.8939815,
16379,120.8865776,
16380,121.0267071,
16381,121.0173591,
16382,121.0110411,
16383,120.9923791,
16384,120.9684816,
16385,120.964725,
16386,121.0095956,
16387,121.0332474,
16388,120.9762851,
16389,120.9910474,
16390,120.99123,
16391,121.0047074,
16392,121.0070678,
16393,121.0070678,
16394,120.9789342,
16395,120.9465376,
16396,120.9627912,
16397,120.9806405,
16398,120.9909378,
16399,121.0095901,
16400,120.978636,
16401,120.993402,
16402,121.000085,
16403,121.000085,
16404,121.0119435,
16405,120.9589663,
16406,120.9745213,
16407,120.9482342,
16408,120.9219945,
16409,120.8621752,
16410,120.9417914,
16411,120.8622019,
16412,121.0552821,
16413,121.0624974,
16414,121.070702,
16415,121.0767738,
16416,121.1148896,
16417,120.9724279,
16418,120.866309,
16419,120.8784023,
16420,120.880446,
16421,120.8666547,
16422,120.8588193,
16423,120.9147625,
16424,120.9335225,
16425,120.8287506,
16426,120.833369,
16427,120.7804328,
16428,120.8878322,
16429,120.8565708,
16430,120.7752634,
16431,120.9196024,
16432,120.9135704,
16433,120.9541532,
16434,120.9976483,
16435,120.9120989,
16436,120.9149113,
16437,120.921815,
16438,120.7991294,
16439,120.7868316,
16440,120.768312,
16441,120.7148325,
16442,120.7682676,
16443,120.8461077,
16444,120.9845144,
16445,120.9664567,
16446,121.0370649,
16447,121.2116363,
16448,121.4120763,
16449,121.4599172,
16450,121.6578446,
16451,121.8013596,
16452,121.8236608,
16453,121.9697641,
16454,122.0238598,
16455,122.0866988,
16456,122.2054275,
16457,122.3284507,
16458,122.3271724,
16459,122.4698278,
16460,122.4953487,
16461,122.5422788,
16462,122.6199086,
16463,122.7437385,
16464,122.7810018,
16465,122.7108849,
16466,122.8367096,
16467,122.7293816,
16468,122.721943,
16469,122.7294699,
16470,122.6792749,
16471,122.6818358,
16472,122.6818358,
16473,122.6641433,
16474,122.5015063,
16475,122.436992,
16476,122.3592771,
16477,122.311873,
16478,122.3064977,
16479,122.1696922,
16480,122.0179348,
16481,122.0231094,
16482,121.9505501,
16483,121.9492613,
16484,121.951959,
16485,121.9624695,
16486,121.9309398,
16487,121.9068362,
16488,121.8683041,
16489,121.8422165,
16490,121.7673842,
16491,121.7921511,
16492,121.8399333,
16493,121.8323316,
16494,121.7697588,
16495,121.7701932,
16496,121.8314848,
16497,121.8454033,
16498,121.8564524,
16499,121.8740829,
16500,121.8711665,
16501,121.9170727,
16502,121.9142474,
16503,122.0466094,
16504,122.1237494,
16505,122.1348058,
16506,122.1140024,
16507,122.0510712,
16508,122.3015672,
16509,122.3620272,
16510,122.5163905,
16511,122.5368574,
16512,122.5085422,
16513,122.3885765,
16514,122.4695566,
16515,122.552248,
16516,122.4961394,
16517,122.5126507,
16518,122.5434581,
16519,122.5418219,
16520,122.5639754,
16521,122.463258,
16522,122.4873081,
16523,122.5083893,
16524,122.5874451,
16525,122.5855455,
16526,122.4839038,
16527,122.4392171,
16528,122.4763525,
16529,122.3950196,
16530,122.456014,
16531,122.4411208,
16532,122.2912397,
16533,122.3928257,
16534,122.3038698,
16535,122.3127172,
16536,122.3127172,
16537,122.3094861,
16538,122.3006759,
16539,122.3324443,
16540,122.3252513,
16541,122.3486673,
16542,122.2950091,
16543,122.2948169,
16544,122.2932038,
16545,122.2370383,
16546,122.3237484,
16547,122.2589194,
16548,122.2589194,
16549,122.2905188,
16550,122.2847275,
16551,122.2847275,
16552,122.2465053,
16553,122.2050857,
16554,122.2050857,
16555,122.2465664,
16556,122.1328847,
16557,122.1403902,
16558,122.1900937,
16559,122.1111902,
16560,122.0913424,
16561,122.0412401,
16562,121.9845213,
16563,122.0727218,
16564,122.0762115,
16565,122.0114526,
16566,122.0493986,
16567,122.0224802,
16568,122.0087208,
16569,122.0838466,
16570,122.0986003,
16571,122.0476913,
16572,122.0361197,
16573,122.0751201,
16574,122.0570292,
16575,122.0405796,
16576,122.0614445,
16577,122.0382965,
16578,122.061665,
16579,122.0949853,
16580,122.0956009,
16581,122.0956009,
16582,122.0956009,
16583,122.0917251,
16584,122.0466879,
16585,122.07529,
16586,122.0721463,
16587,122.0421229,
16588,122.0376715,
16589,122.0376715,
16590,122.0512647,
16591,122.0531874,
16592,122.0325648,
16593,122.0820652,
16594,122.0600222,
16595,122.0377152,
16596,122.0532319,
16597,121.9999115,
16598,122.015225,
16599,122.0130209,
16600,122.0925861,
16601,122.0795326,
16602,122.0235256,
16603,122.0769903,
16604,121.9834183,
16605,121.9856068,
16606,122.0082155,
16607,121.9658369,
16608,121.9605446,
16609,121.9962988,
16610,122.0034912,
16611,121.9851866,
16612,122.0107676,
16613,122.0080416,
16614,122.0315203,
16615,122.0232423,
16616,122.017737,
16617,121.9754353,
16618,121.9981039,
16619,122.0218523,
16620,121.9742535,
16621,121.9624583,
16622,121.9826122,
16623,121.9578889,
16624,121.9578889,
16625,122.0017003,
16626,122.0017003,
16627,121.9237333,
16628,121.9566551,
16629,121.9858298,
16630,121.9858298,
16631,122.083117,
16632,121.9712121,
16633,122.0165859,
16634,122.0087665,
16635,122.0724893,
16636,122.0290285,
16637,122.0014817,
16638,121.999034,
16639,121.994708,
16640,121.994708,
16641,122.0400509,
16642,121.9599452,
16643,121.9990644,
16644,121.9803501,
16645,121.9628499,
16646,122.0031411,
16647,122.0281844,
16648,121.9854857,
16649,121.9699619,
16650,121.9680771,
16651,122.0249554,
16652,121.9413518,
16653,121.9848889,
16654,122.0504302,
16655,122.044547,
16656,122.0695428,
16657,122.0249554,
16658,121.9817292,
16659,121.967501,
16660,121.967501,
16661,121.967501,
16662,121.967501,
16663,121.9855901,
16664,121.99878,
16665,122.1114337,
16666,122.0932699,
16667,122.0123683,
16668,121.9502721,
16669,121.948269,
16670,121.9695617,
16671,121.9922686,
16672,121.9561205,
16673,122.0253518,
16674,121.972505,
16675,121.9634074,
16676,122.0271417,
16677,122.0118175,
16678,121.998663,
16679,122.0255317,
16680,121.8540416,
16681,121.9849907,
16682,122.0105843,
16683,121.9927984,
16684,122.0200181,
16685,122.0199914,
16686,122.1201045,
16687,122.1201045,
16688,122.1324589,
16689,122.1324589,
16690,122.1423481,
16691,122.0075805,
16692,122.0715434,
16693,122.080373,
16694,122.1216734,
16695,122.0776996,
16696,122.1217863,
16697,122.0994808,
16698,122.0902867,
16699,122.1127584,
16700,122.0891082,
16701,122.1127584,
16702,122.0409975,
16703,122.0995104,
16704,122.1121792,
16705,122.1121792,
16706,122.0758612,
16707,122.0815106,
16708,122.0633131,
16709,122.0309776,
16710,122.0451577,
16711,122.0223291,
16712,122.0223291,
16713,122.0476624,
16714,122.0165785,
16715,122.0982705,
16716,122.1066489,
16717,122.0615477,
16718,122.07856,
16719,122.1218828,
16720,122.07856,
16721,122.1235545,
16722,122.1235545,
16723,122.1235545,
16724,122.12494,
16725,122.1169486,
16726,122.166333,
16727,122.14419,
16728,122.14419,
16729,122.1571518,
16730,122.1348151,
16731,122.1348151,
16732,122.1571518,
16733,122.1571518,
16734,122.14419,
16735,122.144117,
16736,122.1567834,
16737,122.16438,
16738,122.1573038,
16739,122.0846883,
16740,122.1423151,
16741,122.23099,
16742,122.184446,
16743,122.1948098,
16744,122.1722723,
16745,122.1166716,
16746,122.0945555,
16747,122.1623599,
16748,122.1267827,
16749,122.160298,
16750,122.1450968,
16751,122.0988308,
16752,122.117824,
16753,122.096115,
16754,122.0880392,
16755,122.1407678,
16756,122.151646,
16757,122.0880392,
16758,122.0894246,
16759,122.073179,
16760,122.0511302,
16761,122.097491,
16762,122.1001204,
16763,122.1127635,
16764,122.0723341,
16765,122.0253488,
16766,122.0320295,
16767,122.0824121,
16768,122.1127824,
16769,122.1310758,
16770,122.1608488,
16771,122.1113034,
16772,122.15082,
16773,122.1533045,
16774,122.0716777,
16775,122.1943667,
16776,122.1943667,
16777,122.1305624,
16778,122.15082,
16779,122.1270373,
16780,122.1210814,
16781,122.1424122,
16782,122.1597955,
16783,122.1207746,
16784,122.1652392,
16785,122.1232895,
16786,122.1207746,
16787,122.0906539,
16788,121.9959512,
16789,122.0025665,
16790,121.9905444,
16791,121.9922726,
16792,122.086954,
16793,122.0978906,
16794,122.0978906,
16795,122.0690759,
16796,122.0690759,
16797,122.0305966,
16798,122.0512833,
16799,122.0512833,
16800,121.9786735,
16801,122.0004539,
16802,122.160928,
16803,122.1386725,
16804,122.1265338,
16805,122.0679963,
16806,122.1546906,
16807,122.1470869,
16808,122.0796642,
16809,122.0529917,
16810,122.0529917,
16811,122.1043586,
16812,122.1168601,
16813,122.1155096,
16814,122.073645,
16815,122.0446543,
16816,122.0944238,
16817,122.1072144,
16818,122.0955589,
16819,122.1026243,
16820,122.0714315,
16821,122.0817198,
16822,122.050087,
16823,122.0419599,
16824,122.0671242,
16825,122.137016,
16826,122.0644513,
16827,122.0801673,
16828,122.0987837,
16829,122.1579831,
16830,122.1539984,
16831,122.1448323,
16832,122.1759443,
16833,122.125493,
16834,122.1704843,
16835,122.1302035,
16836,122.1235256,
16837,122.1235256,
16838,122.085847,
16839,122.085847,
16840,122.0640518,
16841,122.0346871,
16842,122.0346871,
16843,122.0346871,
16844,122.0346871,
16845,122.1056964,
16846,122.1565582,
16847,122.1565582,
16848,122.0990609,
16849,122.121834,
16850,122.0546241,
16851,122.0980295,
16852,122.0755141,
16853,122.0557913,
16854,122.0865159,
16855,122.1199314,
16856,122.0752456,
16857,122.0752456,
16858,122.1087927,
16859,122.0640518,
16860,122.1181995,
16861,122.1260851,
16862,122.1608621,
16863,122.1530859,
16864,122.0849165,
16865,122.0162872,
16866,122.0569845,
16867,122.0934077,
16868,122.1448471,
16869,122.0615317,
16870,122.0821118,
16871,122.1252041,
16872,122.0878355,
16873,122.106816,
16874,122.115288,
16875,122.1365837,
16876,122.1365837,
16877,122.106816,
16878,122.106816,
16879,122.100501,
16880,122.05581,
16881,121.9554053,
16882,121.9554053,
16883,121.9554053,
16884,121.9726391,
16885,122.0321343,
16886,122.0321343,
16887,122.0238657,
16888,122.0238657,
16889,122.0029165,
16890,122.0835961,
16891,122.0993967,
16892,122.100501,
16893,122.1522552,
16894,122.1271231,
16895,122.0289076,
16896,122.1782876,
16897,122.1186582,
16898,122.0308016,
16899,121.9581042,
16900,122.0486792,
16901,122.0486792,
16902,122.100501,
16903,122.100501,
16904,122.0415415,
16905,122.0415415,
16906,122.1299427,
16907,122.1299427,
16908,122.100501,
16909,122.1058478,
16910,122.0781977,
16911,122.0770212,
16912,122.1349449,
16913,122.106095,
16914,122.106095,
16915,122.104974,
16916,122.054535,
16917,122.0987668,
16918,122.1334951,
16919,122.1187179,
16920,122.1319087,
16921,122.1945053,
16922,122.2167028,
16923,122.1953689,
16924,122.1497119,
16925,122.0656749,
16926,122.1302965,
16927,122.1927198,
16928,122.1485457,
16929,122.1294831,
16930,122.129136,
16931,122.0778787,
16932,122.1377252,
16933,122.1155525,
16934,122.1168963,
16935,122.1155525,
16936,122.1047826,
16937,122.1345085,
16938,122.1550341,
16939,122.1389875,
16940,122.1047826,
16941,122.1746979,
16942,122.1562534,
16943,122.1771342,
16944,122.1101633,
16945,122.1305624,
16946,122.1089963,
16947,122.1294519,
16948,122.1294519,
16949,122.116876,
16950,122.14167,
16951,122.14167,
16952,122.1454675,
16953,122.1304143,
16954,122.1007898,
16955,122.1190562,
16956,122.1472498,
16957,122.1387782,
16958,122.155875,
16959,122.117589,
16960,122.117589,
16961,122.1354385,
16962,122.1386241,
16963,122.1472714,
16964,122.1650983,
16965,122.117589,
16966,122.1354385,
16967,122.1354385,
16968,122.1354385,
16969,122.1354385,
16970,122.1589079,
16971,122.0669951,
16972,122.1354385,
16973,122.0714355,
16974,122.0939698,
16975,122.0760192,
16976,122.0951751,
16977,122.0951751,
16978,122.0991736,
16979,122.0991736,
16980,122.1202359,
16981,122.166296,
16982,122.1364097,
16983,122.1364097,
16984,122.1788626,
16985,122.1733008,
16986,122.1407668,
16987,122.1584658,
16988,122.1794107,
16989,122.1574971,
16990,122.1438999,
16991,122.1862992,
16992,122.1492834,
16993,122.1701951,
16994,122.1050551,
16995,122.1050551,
16996,122.1087638,
16997,122.1364294,
16998,122.1142354,
16999,122.1704342,
17000,122.2121268,
17001,122.1916288,
17002,122.1711437,
17003,122.0868224,
17004,122.1385794,
17005,122.1299884,
17006,122.1302765,
17007,122.1719509,
17008,122.1497281,
17009,122.136997,
17010,122.1391145,
17011,122.1359815,
17012,122.1231183,
17013,122.1231183,
17014,122.0773038,
17015,122.1075751,
17016,122.0484748,
17017,122.0992593,
17018,122.1266593,
17019,122.1292164,
17020,122.099857,
17021,122.1205115,
17022,122.1400895,
17023,122.1570382,
17024,122.1570382,
17025,122.1531002,
17026,122.1389456,
17027,122.1476929,
17028,122.125806,
17029,122.13316,
17030,122.1540862,
17031,122.1635387,
17032,122.1159905,
17033,122.1298691,
17034,122.1599013,
17035,122.1059223,
17036,122.1494001,
17037,122.1143194,
17038,122.1651184,
17039,122.1651184,
17040,122.0100354,
17041,122.1391156,
17042,122.1212862,
17043,122.0989966,
17044,122.0785811,
17045,121.9735376,
17046,122.0704489,
17047,122.0498967,
17048,122.0249784,
17049,122.054058,
17050,122.0417647,
17051,122.0704489,
17052,122.0689671,
17053,122.0689671,
17054,122.04846,
17055,122.0689671,
17056,122.0689671,
17057,122.0331297,
17058,122.0389655,
17059,122.0345204,
17060,122.1099562,
17061,122.0798792,
17062,122.1462285,
17063,122.1108621,
17064,122.1685091,
17065,122.0869142,
17066,122.0760336,
17067,122.1540432,
17068,122.1419487,
17069,122.1419487,
17070,122.1419487,
17071,122.0740374,
17072,122.0920783,
17073,122.0920783,
17074,122.0963163,
17075,122.148969,
17076,122.0717543,
17077,122.0581126,
17078,122.0581126,
17079,122.1303042,
17080,122.113882,
17081,122.1156151,
17082,122.1171823,
17083,122.1211215,
17084,122.0582899,
17085,122.0623913,
17086,122.0704608,
17087,122.0074276,
17088,122.0302479,
17089,122.0935094,
17090,122.0431596,
17091,122.0302479,
17092,122.0302479,
17093,122.0302479,
17094,122.02186,
17095,122.0716613,
17096,122.0930105,
17097,122.0930105,
17098,122.0941606,
17099,122.0941606,
17100,122.1155525,
17101,122.0992464,
17102,122.1046306,
17103,122.0992464,
17104,122.0501358,
17105,121.9979611,
17106,122.0122184,
17107,122.0799815,
17108,122.0823482,
17109,122.0823482,
17110,122.0597267,
17111,121.9993279,
17112,122.0737773,
17113,122.1203371,
17114,122.0219916,
17115,122.016532,
17116,122.0264337,
17117,122.0184261,
17118,122.0416397,
17119,122.0459924,
17120,122.0636393,
17121,122.1518051,
17122,122.1514454,
17123,122.1514909,
17124,122.1554872,
17125,122.1254566,
17126,122.1626811,
17127,122.1424626,
17128,122.1933689,
17129,122.1928583,
17130,122.1812817,
17131,122.1591714,
17132,122.1503525,
17133,122.1278909,
17134,122.1204499,
17135,122.1555341,
17136,122.1565657,
17137,122.1865284,
17138,122.1085247,
17139,122.1307199,
17140,122.1072943,
17141,122.1424253,
17142,122.1072746,
17143,122.0988308,
17144,122.0988308,
17145,122.1276054,
17146,122.1565827,
17147,122.1612886,
17148,122.1457966,
17149,122.1457966,
17150,122.1105415,
17151,122.0835234,
17152,122.2106491,
17153,122.2115215,
17154,122.2115215,
17155,122.1423556,
17156,122.1423556,
17157,122.1119775,
17158,122.1127824,
17159,122.1116623,
17160,122.0054855,
17161,122.1068765,
17162,122.0879864,
17163,122.0770707,
17164,122.0770707,
17165,121.9861382,
17166,122.047087,
17167,122.0483985,
17168,122.0689803,
17169,122.0689803,
17170,122.0623429,
17171,122.090995,
17172,122.0992464,
17173,122.0992464,
17174,122.0992464,
17175,122.0787669,
17176,122.0839181,
17177,122.0628387,
17178,122.1063437,
17179,122.0614988,
17180,122.0614988,
17181,122.0614988,
17182,122.1087248,
17183,122.1062633,
17184,122.0629571,
17185,122.0161725,
17186,122.0208548,
17187,122.1099629,
17188,122.1099629,
17189,122.1015709,
17190,122.1017419,
17191,122.1017419,
17192,122.1017419,
17193,122.1261989,
17194,122.0569728,
17195,122.0804863,
17196,122.1027691,
17197,122.0569728,
17198,122.0861771,
17199,122.1013278,
17200,122.0568273,
17201,122.0919869,
17202,122.1230623,
17203,122.0831705,
17204,122.081732,
17205,122.0905246,
17206,122.0905246,
17207,122.1119673,
17208,122.0779916,
17209,122.0861771,
17210,122.0948828,
17211,122.0990573,
17212,122.0990573,
17213,122.0771645,
17214,122.0990573,
17215,122.0905246,
17216,122.1128416,
17217,122.1038421,
17218,122.1088524,
17219,122.0999292,
17220,122.0664067,
17221,122.1213488,
17222,122.1166588,
17223,122.1166588,
17224,122.0786187,
17225,122.1075751,
17226,122.1356064,
17227,122.1324422,
17228,122.1324422,
17229,122.0920783,
17230,122.0920783,
17231,122.0920783,
17232,122.1455325,
17233,122.1140968,
17234,122.1914364,
17235,122.1170692,
17236,122.1122877,
17237,122.1174451,
17238,122.0580022,
17239,122.0429452,
17240,122.0986962,
17241,122.1263463,
17242,122.1389593,
17243,122.1389593,
17244,122.0740374,
17245,122.0740374,
17246,122.0529264,
17247,122.0529264,
17248,122.0740374,
17249,122.103625,
17250,122.103625,
17251,122.1547592,
17252,122.0967973,
17253,122.0935661,
17254,122.1401053,
17255,122.1089844,
17256,122.1174451,
17257,122.1174451,
17258,122.1174451,
17259,122.1174451,
17260,122.060843,
17261,122.1060082,
17262,122.0420949,
17263,122.0463817,
17264,122.0662056,
17265,122.1485906,
17266,122.1485906,
17267,122.1304536,
17268,122.1004499,
17269,122.129422,
17270,122.1378397,
17271,122.1695689,
17272,122.1515751,
17273,122.1813927,
17274,122.1567501,
17275,122.1531647,
17276,122.1126514,
17277,122.1181687,
17278,122.1372565,
17279,122.1263765,
17280,122.0951643,
17281,122.055548,
17282,122.0903019,
17283,122.0608888,
17284,122.1142046,
17285,122.0709364,
17286,122.0625081,
17287,122.0919916,
17288,122.0963867,
17289,122.0728112,
17290,122.0668282,
17291,122.0905246,
17292,122.0905246,
17293,122.0905246,
17294,122.0850913,
17295,122.0837623,
17296,122.1119895,
17297,122.0919869,
17298,122.0516343,
17299,122.0951718,
17300,122.0779236,
17301,122.0779236,
17302,122.0959129,
17303,122.0835629,
17304,122.0889664,
17305,122.0889664,
17306,122.1064794,
17307,122.0879123,
17308,122.0670386,
17309,122.0752456,
17310,122.0948957,
17311,122.1172182,
17312,122.0951718,
17313,122.0724565,
17314,122.0948957,
17315,122.0948957,
17316,122.0951718,
17317,122.0951718,
17318,122.0639268,
17319,122.0639268,
17320,122.0726669,
17321,122.0949921,
17322,122.1174451,
17323,122.0860252,
17324,122.1174451,
17325,122.0786187,
17326,122.1174451,
17327,122.1174451,
17328,122.0786187,
17329,122.1367097,
17330,122.1384695,
17331,122.1174451,
17332,122.1405419,
17333,122.1059835,
17334,122.1391212,
17335,122.1612303,
17336,122.1629796,
17337,122.1615475,
17338,122.1543547,
17339,122.1091211,
17340,122.0065821,
17341,122.0565478,
17342,122.0566134,
17343,122.0948904,
17344,122.0905458,
17345,122.0905458,
17346,122.0905458,
17347,122.0514942,
17348,122.1733682,
17349,122.1609799,
17350,122.1819927,
17351,122.1401201,
17352,122.1222435,
17353,122.1139655,
17354,122.1139655,
17355,122.1139655,
17356,122.1128075,
17357,122.0962515,
17358,122.0851945,
17359,122.0905544,
17360,122.1068072,
17361,122.0553757,
17362,122.0405266,
17363,122.0622726,
17364,122.0920979,
17365,122.1002781,
17366,122.0949461,
17367,122.0946757,
17368,122.0946757,
17369,122.0863749,
17370,122.0477367,
17371,122.0559264,
17372,122.078368,
17373,122.0964941,
17374,122.1365341,
17375,122.0920783,
17376,122.0963117,
17377,122.0963117,
17378,122.10444,
17379,122.10444,
17380,122.1128416,
17381,122.10444,
17382,122.0711056,
17383,122.0711056,
17384,122.1359228,
17385,122.1507351,
17386,122.1047447,
17387,122.0724812,
17388,122.1200491,
17389,122.0905267,
17390,122.0905267,
17391,122.0865451,
17392,122.111428,
17393,122.111428,
17394,122.0767528,
17395,122.0961591,
17396,122.1394847,
17397,122.1394847,
17398,122.1298995,
17399,122.1298995,
17400,122.050012,
17401,122.0388189,
17402,122.0122765,
17403,122.0768905,
17404,122.0224133,
17405,122.0224133,
17406,122.0334913,
17407,122.0252534,
17408,122.0199102,
17409,122.0514364,
17410,122.0514364,
17411,122.0558906,
17412,122.0839733,
17413,122.0824644,
17414,122.0839181,
17415,122.0740374,
17416,122.1034471,
17417,122.0810912,
17418,122.080821,
17419,122.05581,
17420,122.0431596,
17421,122.0514662,
17422,122.0905246,
17423,122.0724565,
17424,122.0302185,
17425,122.0302185,
17426,122.061244,
17427,122.061244,
17428,122.0430077,
17429,122.0302185,
17430,122.0302185,
17431,122.0823368,
17432,122.0431596,
17433,122.0431596,
17434,122.108973,
17435,122.108973,
17436,122.1201101,
17437,122.1007416,
17438,122.0572947,
17439,122.0658232,
17440,122.0740374,
17441,122.0740374,
17442,122.0514662,
17443,122.0431596,
17444,122.0431596,
17445,122.0431596,
17446,122.0728112,
17447,122.0431596,
17448,122.0431596,
17449,122.0446624,
17450,122.0879224,
17451,122.0446624,
17452,122.1385026,
17453,122.2073267,
17454,122.1040105,
17455,122.1636079,
17456,122.1378231,
17457,122.1325156,
17458,122.1325156,
17459,122.1859962,
17460,122.1269023,
17461,122.0572912,
17462,122.0049443,
17463,122.0204895,
17464,121.9993954,
17465,121.7785608,
17466,121.6627034,
17467,121.809722,
17468,121.7433348,
17469,121.7731507,
17470,121.9642778,
17471,121.9938735,
17472,122.3641313,
17473,122.3759454,
17474,122.4522891,
17475,122.5091171,
17476,122.557501,
17477,122.5457183,
17478,122.5724652,
17479,122.6211982,
17480,122.6251191,
17481,122.620891,
17482,122.699331,
17483,122.7782694,
17484,122.806399,
17485,122.7614981,
17486,122.7296374,
17487,122.7490862,
17488,122.7254863,
17489,122.7067656,
17490,122.5892108,
17491,122.5240707,
17492,122.3056282,
17493,122.1937873,
17494,122.1544196,
17495,122.0437348,
17496,121.9937625,
17497,122.0053626,
17498,122.1138444,
17499,122.0413062,
17500,122.0023708,
17501,121.9143241,
17502,121.829586,
17503,121.8191285,
17504,121.8238315,
17505,121.8393686,
17506,121.8427863,
17507,121.9243115,
17508,121.8607615,
17509,121.9817673,
17510,121.9817673,
17511,122.0127893,
17512,122.0590498,
17513,122.0706655,
17514,122.0937972,
17515,122.2509133,
17516,122.3526343,
17517,122.3395829,
17518,122.3569281,
17519,122.4164882,
17520,122.417157,
17521,122.3763432,
17522,122.5039638,
17523,122.5514315,
17524,122.502598,
17525,122.6854819,
17526,122.6854819,
17527,122.7079569,
17528,122.7635599,
17529,122.803699,
17530,122.9971884,
17531,123.0250005,
17532,123.0311584,
17533,122.9837267,
17534,123.076683,
17535,123.0486081,
17536,123.088971,
17537,123.1104286,
17538,123.1339772,
17539,123.22197,
17540,123.2734648,
17541,123.2815038,
17542,123.4211573,
17543,123.4819623,
17544,123.5798564,
17545,123.5635687,
17546,123.6559723,
17547,123.761007,
17548,123.7576341,
17549,123.8274879,
17550,123.8602629,
17551,124.0121706,
17552,123.9940373,
17553,124.0210785,
17554,124.0655848,
17555,124.0278099,
17556,124.1079457,
17557,124.0643507,
17558,124.0724921,
17559,123.9499917,
17560,123.9246238,
17561,123.9146599,
17562,123.8352243,
17563,123.6244706,
17564,123.1767838,
17565,122.9262154,
17566,122.8109498,
17567,122.7710497,
17568,122.7827962,
17569,122.6601806,
17570,122.6257974,
17571,122.476635,
17572,122.4355501,
17573,122.2420596,
17574,122.066788,
17575,121.9530937,
17576,121.8795943,
17577,121.7535657,
17578,121.7974997,
17579,121.7773871,
17580,121.6487294,
17581,121.4944267,
17582,121.4853656,
17583,121.4800379,
17584,121.4380334,
17585,121.3893591,
17586,121.4541637,
17587,121.5150419,
17588,121.5348071,
17589,121.5856273,
17590,121.700956,
17591,121.8762522,
17592,121.8703619,
17593,122.1410106,
17594,122.294884,
17595,122.4177571,
17596,122.6553579,
17597,122.7189651,
17598,122.6583472,
17599,122.5568012,
17600,122.4556203,
17601,122.3921882,
17602,122.3447405,
17603,122.2978657,
17604,122.0391882,
17605,121.858416,
17606,121.9153035,
17607,121.9293736,
17608,121.9791991,
17609,121.9186172,
17610,121.8682081,
17611,121.8318241,
17612,121.7432198,
17613,121.7472407,
17614,121.7523722,
17615,121.7581602,
17616,122.0057116,
17617,122.1124304,
17618,122.1261075,
17619,122.1653524,
17620,122.1264389,
17621,122.1278699,
17622,122.1141727,
17623,122.1164127,
17624,122.0936524,
17625,121.9986035,
17626,121.9940403,
17627,122.0655742,
17628,121.9741862,
17629,121.9903171,
17630,121.9959166,
17631,121.9598272,
17632,121.9438106,
17633,121.9793764,
17634,121.9471368,
17635,121.9187619,
17636,121.8459869,
17637,121.8365209,
17638,121.8286179,
17639,121.8476233,
17640,121.868673,
17641,121.8713945,
17642,121.8801684,
17643,121.8173706,
17644,121.8554054,
17645,121.8351847,
17646,121.7830229,
17647,121.8011454,
17648,121.802906,
17649,121.8601503,
17650,121.8882274,
17651,121.8516134,
17652,121.8571338,
17653,121.841005,
17654,121.8513016,
17655,121.8325676,
17656,121.8354571,
17657,121.8179707,
17658,121.8062966,
17659,121.8053532,
17660,121.8011829,
17661,121.8892816,
17662,121.8020116,
17663,121.8196551,
17664,121.8068621,
17665,121.8059317,
17666,121.8280647,
17667,121.8090464,
17668,121.833051,
17669,121.8415425,
17670,121.8145962,
17671,121.8030917,
17672,121.813322,
17673,121.8201151,
17674,121.8321755,
17675,121.8415425,
17676,121.8059907,
17677,121.7639181,
17678,121.7821001,
17679,121.7705344,
17680,121.7967885,
17681,121.8355217,
17682,121.7335803,
17683,121.8379089,
17684,121.7497793,
17685,121.7374884,
17686,121.7593001,
17687,121.7525292,
17688,121.7003018,
17689,121.7154502,
17690,121.7154502,
17691,121.7916858,
17692,121.7473646,
17693,121.6914908,
17694,121.7590196,
17695,121.7341932,
17696,121.761101,
17697,121.7271146,
17698,121.7037796,
17699,121.6924898,
17700,121.7891191,
17701,121.7176817,
17702,121.6996303,
17703,121.7290323,
17704,121.7329901,
17705,121.7231453,
17706,121.7029624,
17707,121.6364449,
17708,121.641685,
17709,121.6534723,
17710,121.7050164,
17711,121.7050164,
17712,121.6926275,
17713,121.6956028,
17714,121.6910169,
17715,121.6845713,
17716,121.6931636,
17717,121.6799748,
17718,121.6611072,
17719,121.6809064,
17720,121.7153612,
17721,121.6749322,
17722,121.714907,
17723,121.7202255,
17724,121.7398244,
17725,121.7391379,
17726,121.7256954,
17727,121.7256954,
17728,121.7043274,
17729,121.7256954,
17730,121.714498,
17731,121.7928443,
17732,121.7593001,
17733,121.7410412,
17734,121.7206283,
17735,121.7160999,
17736,121.7588463,
17737,121.7832102,
17738,121.7978656,
17739,121.7602799,
17740,121.7493971,
17741,121.7480559,
17742,121.7007013,
17743,121.7178524,
17744,121.7341469,
17745,121.691105,
17746,121.7299723,
17747,121.79242,
17748,121.8101331,
17749,121.7955071,
17750,121.8066167,
17751,121.8066167,
17752,121.786652,
17753,121.8003991,
17754,121.8003991,
17755,121.8003991,
17756,121.7252252,
17757,121.7292253,
17758,121.6863685,
17759,121.666109,
17760,121.7378017,
17761,121.7356837,
17762,121.7135281,
17763,121.6533519,
17764,121.6778228,
17765,121.6742691,
17766,121.7004604,
17767,121.7510624,
17768,121.7367901,
17769,121.7407625,
17770,121.7808222,
17771,121.7587837,
17772,121.8104644,
17773,121.777918,
17774,121.7951361,
17775,121.7614084,
17776,121.7641585,
17777,121.7901,
17778,121.7807293,
17779,121.7188887,
17780,121.7634237,
17781,121.7634237,
17782,121.7551536,
17783,121.7534891,
17784,121.7784552,
17785,121.7780017,
17786,121.8136832,
17787,121.7954413,
17788,121.7179835,
17789,121.7169556,
17790,121.7219014,
17791,121.7036236,
17792,121.7036236,
17793,121.7021113,
17794,121.7021113,
17795,121.7063671,
17796,121.720686,
17797,121.6995072,
17798,121.6913727,
17799,121.7274769,
17800,121.7440233,
17801,121.7287983,
17802,121.7489384,
17803,121.7530289,
17804,121.7412062,
17805,121.7412062,
17806,121.7412062,
17807,121.739127,
17808,121.7272567,
17809,121.7682508,
17810,121.7085733,
17811,121.7109046,
17812,121.7388131,
17813,121.7181966,
17814,121.7541773,
17815,121.773306,
17816,121.7507418,
17817,121.7507418,
17818,121.7347104,
17819,121.7146847,
17820,121.6982199,
17821,121.7367528,
17822,121.7187621,
17823,121.7218782,
17824,121.7078803,
17825,121.7068353,
17826,121.7342563,
17827,121.7264189,
17828,121.7262891,
17829,121.7365775,
17830,121.7325048,
17831,121.6788291,
17832,121.6880131,
17833,121.6683913,
17834,121.6843116,
17835,121.6805305,
17836,121.6974341,
17837,121.7024755,
17838,121.6823881,
17839,121.6707952,
17840,121.7209329,
17841,121.6848733,
17842,121.7033902,
17843,121.7086859,
17844,121.7086859,
17845,121.7020138,
17846,121.7685169,
17847,121.7515586,
17848,121.6814369,
17849,121.7122752,
17850,121.7181808,
17851,121.7477422,
17852,121.6959594,
17853,121.7181808,
17854,121.6965329,
17855,121.710612,
17856,121.689939,
17857,121.689939,
17858,121.7084522,
17859,121.6980906,
17860,121.7122752,
17861,121.7063452,
17862,121.6921396,
17863,121.7743389,
17864,121.7576725,
17865,121.7292554,
17866,121.7292146,
17867,121.7165668,
17868,121.7353858,
17869,121.6796467,
17870,121.7648826,
17871,121.7357188,
17872,121.6990906,
17873,121.6990906,
17874,121.7375026,
17875,121.7999087,
17876,121.7502822,
17877,121.7420368,
17878,121.7894132,
17879,121.6395763,
17880,121.7436814,
17881,121.796249,
17882,121.8245066,
17883,121.7975857,
17884,121.7424335,
17885,121.771651,
17886,121.8141516,
17887,121.7915053,
17888,121.7640572,
17889,121.759073,
17890,121.7636456,
17891,121.7135117,
17892,121.7602701,
17893,121.7272131,
17894,121.7605054,
17895,121.7784958,
17896,121.7444079,
17897,121.7188127,
17898,121.7792091,
17899,121.7965892,
17900,121.7375384,
17901,121.7392643,
17902,121.7534747,
17903,121.758939,
17904,121.758939,
17905,121.7547976,
17906,121.7944522,
17907,121.7732309,
17908,121.78588,
17909,121.7547485,
17910,121.7377278,
17911,121.7179294,
17912,121.8161368,
17913,121.749212,
17914,121.749212,
17915,121.7662278,
17916,121.7679304,
17917,121.7882848,
17918,121.7953423,
17919,121.7831567,
17920,121.7654723,
17921,121.7706369,
17922,121.7787199,
17923,121.7619604,
17924,121.7429564,
17925,121.778157,
17926,121.7714487,
17927,121.7177213,
17928,121.7452337,
17929,121.742014,
17930,121.7802711,
17931,121.7871568,
17932,121.7786459,
17933,121.7782636,
17934,121.7912643,
17935,121.7855933,
17936,121.7855933,
17937,121.7294732,
17938,121.7503356,
17939,121.7542559,
17940,121.8124416,
17941,121.7687644,
17942,121.7486163,
17943,121.7285142,
17944,121.6901506,
17945,121.6828083,
17946,121.7562243,
17947,121.7649106,
17948,121.683231,
17949,121.69683,
17950,121.7161863,
17951,121.7451975,
17952,121.7302431,
17953,121.7099582,
17954,121.7285735,
17955,121.7313929,
17956,121.787695,
17957,121.7598898,
17958,121.7765514,
17959,121.7249648,
17960,121.7717659,
17961,121.7145416,
17962,121.7395662,
17963,121.7542583,
17964,121.7134385,
17965,121.7048167,
17966,121.7023924,
17967,121.7119203,
17968,121.7119203,
17969,121.7090804,
17970,121.7074511,
17971,121.7189772,
17972,121.677746,
17973,121.7084044,
17974,121.674124,
17975,121.7056599,
17976,121.6845937,
17977,121.7240756,
17978,121.6836289,
17979,121.670992,
17980,121.6989957,
17981,121.6435742,
17982,121.6726218,
17983,121.6711424,
17984,121.7144632,
17985,121.6897494,
17986,121.6795526,
17987,121.6580784,
17988,121.7487804,
17989,121.746572,
17990,121.7673922,
17991,121.7157114,
17992,121.729215,
17993,121.7447978,
17994,121.7705549,
17995,121.717696,
17996,121.812676,
17997,121.7268279,
17998,121.7154118,
17999,121.7304298,
18000,121.7774273,
18001,121.7660459,
18002,121.7682474,
18003,121.7299628,
18004,121.7375947,
18005,121.6937269,
18006,121.7295279,
18007,121.7275708,
18008,121.7275708,
18009,121.7235788,
18010,121.7219014,
18011,121.7256725,
18012,121.7363736,
18013,121.7343176,
18014,121.7343176,
18015,121.7343176,
18016,121.714108,
18017,121.6972243,
18018,121.6867268,
18019,121.7430347,
18020,121.7472837,
18021,121.7589858,
18022,121.7448263,
18023,121.7432729,
18024,121.6891969,
18025,121.7394815,
18026,121.7251956,
18027,121.7127709,
18028,121.7269923,
18029,121.7079673,
18030,121.6977771,
18031,121.7079673,
18032,121.7999533,
18033,121.7955809,
18034,121.7841365,
18035,121.7666108,
18036,121.7604089,
18037,121.7465407,
18038,121.7460733,
18039,121.7624777,
18040,121.7160575,
18041,121.7356438,
18042,121.7312657,
18043,121.7352959,
18044,121.8014071,
18045,121.7951361,
18046,121.748351,
18047,121.7514895,
18048,121.7480191,
18049,121.7596788,
18050,121.7809616,
18051,121.7832512,
18052,121.7680894,
18053,121.6811817,
18054,121.6843739,
18055,121.6693623,
18056,121.7110835,
18057,121.7422286,
18058,121.7438692,
18059,121.7537443,
18060,121.6657173,
18061,121.7079657,
18062,121.6800489,
18063,121.7869351,
18064,121.7619985,
18065,121.7514577,
18066,121.7252274,
18067,121.7559448,
18068,121.7359472,
18069,121.7694679,
18070,121.760855,
18071,121.7495619,
18072,121.730825,
18073,121.7466653,
18074,121.7024222,
18075,121.7246958,
18076,121.7004239,
18077,121.7092501,
18078,121.7303144,
18079,121.7409502,
18080,121.7782046,
18081,121.7698432,
18082,121.7611339,
18083,121.7569828,
18084,121.7611339,
18085,121.7437639,
18086,121.7437639,
18087,121.7298653,
18088,121.7391431,
18089,121.7407913,
18090,121.7393246,
18091,121.7224724,
18092,121.7794938,
18093,121.7275821,
18094,121.7140972,
18095,121.7452031,
18096,121.7452031,
18097,121.7378759,
18098,121.7378759,
18099,121.7066636,
18100,121.7066636,
18101,121.7401985,
18102,121.7531882,
18103,121.7676418,
18104,121.7564948,
18105,121.7151883,
18106,121.687752,
18107,121.7089647,
18108,121.7120973,
18109,121.7012973,
18110,121.6606158,
18111,121.7174742,
18112,121.6963396,
18113,121.681485,
18114,121.7074262,
18115,121.7270268,
18116,121.741132,
18117,121.7259046,
18118,121.7449523,
18119,121.761842,
18120,121.7306031,
18121,121.7405874,
18122,121.832581,
18123,121.8030097,
18124,121.7738365,
18125,121.754476,
18126,121.7438379,
18127,121.7246108,
18128,121.7442926,
18129,121.7250297,
18130,121.7500427,
18131,121.6730433,
18132,121.6768346,
18133,121.7142768,
18134,121.7215511,
18135,121.6201978,
18136,121.6319327,
18137,121.651517,
18138,121.660842,
18139,121.6490969,
18140,121.6763151,
18141,121.660842,
18142,121.6989525,
18143,121.6635963,
18144,121.6533123,
18145,121.6525735,
18146,121.7140044,
18147,121.7266449,
18148,121.7449864,
18149,121.6827534,
18150,121.6814254,
18151,121.6600422,
18152,121.6504185,
18153,121.6442241,
18154,121.6700754,
18155,121.646746,
18156,121.6800489,
18157,121.6786288,
18158,121.6786288,
18159,121.7451107,
18160,121.6977569,
18161,121.6771714,
18162,121.7021991,
18163,121.6824179,
18164,121.6824179,
18165,121.7161011,
18166,121.7331087,
18167,121.6982275,
18168,121.6982275,
18169,121.7183754,
18170,121.6982275,
18171,121.7000036,
18172,121.7000036,
18173,121.6365979,
18174,121.6819647,
18175,121.68103,
18176,121.7040628,
18177,121.7294732,
18178,121.715456,
18179,121.693442,
18180,121.7478534,
18181,121.7179613,
18182,121.6901788,
18183,121.7719093,
18184,121.7424021,
18185,121.7393149,
18186,121.7063043,
18187,121.692601,
18188,121.7122284,
18189,121.7133441,
18190,121.68025,
18191,121.7676889,
18192,121.732716,
18193,121.7712852,
18194,121.7712852,
18195,121.732716,
18196,121.7258627,
18197,121.712714,
18198,121.6993022,
18199,121.680457,
18200,121.7508765,
18201,121.7327061,
18202,121.7255967,
18203,121.7229079,
18204,121.7019787,
18205,121.7521479,
18206,121.761691,
18207,121.7858519,
18208,121.7996691,
18209,121.7834342,
18210,121.8061604,
18211,121.7775198,
18212,121.7397502,
18213,121.7750225,
18214,121.8049299,
18215,121.8398359,
18216,121.793085,
18217,121.7860313,
18218,121.7764491,
18219,121.7837949,
18220,121.7881131,
18221,121.7881131,
18222,121.7772122,
18223,121.8127215,
18224,121.7991397,
18225,121.7960916,
18226,121.7713711,
18227,121.793192,
18228,121.7358943,
18229,121.7208668,
18230,121.7093341,
18231,121.7422713,
18232,121.7378211,
18233,121.7600494,
18234,121.7726916,
18235,121.7613796,
18236,121.7514123,
18237,121.8033732,
18238,121.768371,
18239,121.8013059,
18240,121.7243116,
18241,121.7670795,
18242,121.7288853,
18243,121.7288853,
18244,121.7328473,
18245,121.7155955,
18246,121.6964512,
18247,121.7039139,
18248,121.7208762,
18249,121.7103705,
18250,121.7199808,
18251,121.6872959,
18252,121.6659462,
18253,121.6986921,
18254,121.7152468,
18255,121.693153,
18256,121.6976237,
18257,121.637963,
18258,121.65539,
18259,121.6703272,
18260,121.673703,
18261,121.6685625,
18262,121.753776,
18263,121.6575285,
18264,121.7240495,
18265,121.6772866,
18266,121.7313016,
18267,121.723947,
18268,121.7214399,
18269,121.7111014,
18270,121.7504761,
18271,121.7603716,
18272,121.6882393,
18273,121.7586731,
18274,121.7436414,
18275,121.7158477,
18276,121.6820385,
18277,121.7161011,
18278,121.7556787,
18279,121.7514123,
18280,121.7534336,
18281,121.7755312,
18282,121.7551736,
18283,121.7697989,
18284,121.786947,
18285,121.7337988,
18286,121.7092027,
18287,121.7669636,
18288,121.783435,
18289,121.7797472,
18290,121.7718973,
18291,121.7670839,
18292,121.7520328,
18293,121.76908,
18294,121.7550102,
18295,121.7500899,
18296,121.7486995,
18297,121.7699104,
18298,121.7699104,
18299,121.7355826,
18300,121.7568667,
18301,121.721076,
18302,121.7400449,
18303,121.7458568,
18304,121.7490856,
18305,121.7490856,
18306,121.703365,
18307,121.7240411,
18308,121.7275748,
18309,121.7403953,
18310,121.7159339,
18311,121.7605075,
18312,121.7837661,
18313,121.7104904,
18314,121.7007696,
18315,121.7013191,
18316,121.7536883,
18317,121.7449621,
18318,121.7536883,
18319,121.746078,
18320,121.7530881,
18321,121.7530881,
18322,121.7375323,
18323,121.7785915,
18324,121.7225986,
18325,121.7919647,
18326,121.811991,
18327,121.7919647,
18328,121.7962406,
18329,121.782853,
18330,121.770525,
18331,121.7799908,
18332,121.7519708,
18333,121.7349046,
18334,121.773542,
18335,121.7780017,
18336,121.81941,
18337,121.7731517,
18338,121.7551607,
18339,121.7299472,
18340,121.7404537,
18341,121.7428326,
18342,121.7470505,
18343,121.7616237,
18344,121.7137429,
18345,121.7137429,
18346,121.7817301,
18347,121.7817301,
18348,121.7912471,
18349,121.7930994,
18350,121.7919648,
18351,121.7767771,
18352,121.765995,
18353,121.7570181,
18354,121.757986,
18355,121.7646562,
18356,121.8184944,
18357,121.7535915,
18358,121.7563943,
18359,121.7627427,
18360,121.7167737,
18361,121.7167737,
18362,121.7301294,
18363,121.7133773,
18364,121.730794,
18365,121.7544113,
18366,121.7701502,
18367,121.6972714,
18368,121.7370496,
18369,121.755612,
18370,121.757199,
18371,121.7220056,
18372,121.6821744,
18373,121.6801583,
18374,121.7049612,
18375,121.732148,
18376,121.7260325,
18377,121.7217672,
18378,121.7049612,
18379,121.7120973,
18380,121.7506205,
18381,121.7596694,
18382,121.7186236,
18383,121.7186236,
18384,121.7465974,
18385,121.748808,
18386,121.7486251,
18387,121.7249391,
18388,121.7240213,
18389,121.7168653,
18390,121.700168,
18391,121.7429136,
18392,121.7045298,
18393,121.7087621,
18394,121.7276465,
18395,121.7251757,
18396,121.7201918,
18397,121.7145664,
18398,121.7314464,
18399,121.7483955,
18400,121.7145664,
18401,121.7145664,
18402,121.7145664,
18403,121.7631692,
18404,121.7432445,
18405,121.7176702,
18406,121.7154307,
18407,121.7154307,
18408,121.7447624,
18409,121.7189858,
18410,121.7003687,
18411,121.7016872,
18412,121.7249497,
18413,121.7635166,
18414,121.759186,
18415,121.740558,
18416,121.7478612,
18417,121.6985408,
18418,121.7066619,
18419,121.730178,
18420,121.7606963,
18421,121.7283277,
18422,121.7259422,
18423,121.7676471,
18424,121.7122284,
18425,121.7499028,
18426,121.7174891,
18427,121.7260199,
18428,121.7389962,
18429,121.7424136,
18430,121.7540091,
18431,121.7312012,
18432,121.7126208,
18433,121.6984393,
18434,121.6984393,
18435,121.7149046,
18436,121.7307404,
18437,121.7210884,
18438,121.7514559,
18439,121.7447465,
18440,121.7312012,
18441,121.7378637,
18442,121.708913,
18443,121.7444183,
18444,121.7784958,
18445,121.7239796,
18446,121.7337926,
18447,121.7278947,
18448,121.7290396,
18449,121.7165924,
18450,121.7207213,
18451,121.7568175,
18452,121.7527395,
18453,121.7270693,
18454,121.6997694,
18455,121.7027588,
18456,121.6929602,
18457,121.7172234,
18458,121.7311234,
18459,121.7178767,
18460,121.7541507,
18461,121.7267493,
18462,121.7723483,
18463,121.7479444,
18464,121.722949,
18465,121.7090919,
18466,121.7248061,
18467,121.7248061,
18468,121.7274305,
18469,121.7237449,
18470,121.7045097,
18471,121.7045097,
18472,121.6772277,
18473,121.6876002,
18474,121.6978699,
18475,121.6802059,
18476,121.6715952,
18477,121.6837784,
18478,121.7629456,
18479,121.730806,
18480,121.7916839,
18481,121.720922,
18482,121.7095527,
18483,121.7540064,
18484,121.7698352,
18485,121.6947492,
18486,121.6705472,
18487,121.7243499,
18488,121.7349441,
18489,121.7349441,
18490,121.7830461,
18491,121.7033661,
18492,121.7033661,
18493,121.7284128,
18494,121.7054731,
18495,121.698929,
18496,121.7137983,
18497,121.7137983,
18498,121.6997437,
18499,121.7135823,
18500,121.7150027,
18501,121.7231272,
18502,121.7401805,
18503,121.7367533,
18504,121.6870148,
18505,121.7518991,
18506,121.7433567,
18507,121.7181903,
18508,121.7111683,
18509,121.7152795,
18510,121.7152795,
18511,121.718018,
18512,121.7348806,
18513,121.7263046,
18514,121.7674108,
18515,121.7372599,
18516,121.7231318,
18517,121.7290644,
18518,121.7614067,
18519,121.7848297,
18520,121.7501613,
18521,121.7232094,
18522,121.7285816,
18523,121.7302498,
18524,121.7192854,
18525,121.6847322,
18526,121.6971286,
18527,121.7101889,
18528,121.7288346,
18529,121.7288346,
18530,121.7499276,
18531,121.745997,
18532,121.7288346,
18533,121.7642038,
18534,121.7285824,
18535,121.732511,
18536,121.732511,
18537,121.7469083,
18538,121.7288596,
18539,121.7449043,
18540,121.6870158,
18541,121.7582357,
18542,121.6904706,
18543,121.7047876,
18544,121.7047876,
18545,121.7047876,
18546,121.7141864,
18547,121.7310837,
18548,121.6904706,
18549,121.6735417,
18550,121.7125059,
18551,121.7586867,
18552,121.7022605,
18553,121.7262963,
18554,121.6468998,
18555,121.6296176,
18556,121.6734317,
18557,121.6899788,
18558,121.6961866,
18559,121.7332782,
18560,121.7315361,
18561,121.7319306,
18562,121.7173456,
18563,121.7383981,
18564,121.7442711,
18565,121.6992827,
18566,121.6711481,
18567,121.6500907,
18568,121.6500907,
18569,121.6618935,
18570,121.6618935,
18571,121.7304913,
18572,121.7453132,
18573,121.7216918,
18574,121.7102819,
18575,121.7272344,
18576,121.716379,
18577,121.7216918,
18578,121.7133526,
18579,121.7187942,
18580,121.700749,
18581,121.700749,
18582,121.700749,
18583,121.729255,
18584,121.7542088,
18585,121.7164254,
18586,121.7164254,
18587,121.7374164,
18588,121.7164254,
18589,121.7164254,
18590,121.7045477,
18591,121.7170284,
18592,121.6945329,
18593,121.7088648,
18594,121.7088648,
18595,121.7088648,
18596,121.6945329,
18597,121.6945329,
18598,121.6945329,
18599,121.6945329,
18600,121.6945702,
18601,121.7139634,
18602,121.7563344,
18603,121.7410632,
18604,121.7225759,
18605,121.716755,
18606,121.7461478,
18607,121.7376988,
18608,121.7316573,
18609,121.717034,
18610,121.6841659,
18611,121.7088781,
18612,121.6794198,
18613,121.6896311,
18614,121.454168,
18615,121.6045529,
18616,121.7114487,
18617,121.6863086,
18618,121.8863223,
18619,121.9094837,
18620,121.7896872,
18621,121.921,
18622,121.9295106,
18623,122.0326555,
18624,122.083458,
18625,122.0843291,
18626,122.0843291,
18627,122.0714494,
18628,122.0652279,
18629,122.1159374,
18630,122.1596629,
18631,122.1404885,
18632,122.1509775,
18633,122.2025476,
18634,122.2081798,
18635,122.197735,
18636,122.2418231,
18637,122.225005,
18638,122.1813166,
18639,122.2112859,
18640,122.2100109,
18641,122.2017954,
18642,122.2276781,
18643,122.2425221,
18644,122.2509027,
18645,122.2509027,
18646,122.2737044,
18647,122.2671571,
18648,122.2030823,
18649,122.1835886,
18650,122.1480181,
18651,122.1517025,
18652,122.1448289,
18653,122.1175642,
18654,122.1467187,
18655,122.036056,
18656,122.0059758,
18657,122.0192786,
18658,122.0737179,
18659,122.0775432,
18660,122.0301565,
18661,122.0150896,
18662,121.9769228,
18663,121.9341771,
18664,121.9171228,
18665,121.8877302,
18666,121.8998516,
18667,121.8203025,
18668,121.85147,
18669,121.7982426,
18670,121.8243303,
18671,121.8611168,
18672,121.8663999,
18673,121.9115689,
18674,121.8793267,
18675,121.8749979,
18676,121.9224568,
18677,121.9914829,
18678,122.1884821,
18679,122.1399336,
18680,122.1500608,
18681,122.2058367,
18682,122.2601117,
18683,122.2174154,
18684,122.2123474,
18685,122.3778259,
18686,122.4350907,
18687,122.5750211,
18688,122.7400162,
18689,122.728325,
18690,122.7299098,
18691,122.7415545,
18692,122.7356897,
18693,122.6999022,
18694,122.6684824,
18695,122.6882003,
18696,122.7881397,
18697,122.7638647,
18698,122.7719756,
18699,122.7719659,
18700,122.7736001,
18701,122.7469612,
18702,122.6301199,
18703,122.5305801,
18704,122.4666633,
18705,122.2699138,
18706,122.0005851,
18707,121.9231589,
18708,121.7813831,
18709,121.6419651,
18710,121.5646708,
18711,121.4304273,
18712,121.3257046,
18713,121.1942137,
18714,121.0789073,
18715,121.0774846,
18716,121.0034952,
18717,120.9129647,
18718,120.8695854,
18719,120.8323999,
18720,120.7545363,
18721,120.6885913,
18722,120.6155468,
18723,120.6439851,
18724,120.6561747,
18725,120.8174508,
18726,120.8635555,
18727,120.9762515,
18728,121.1050428,
18729,121.1457391,
18730,121.2518071,
18731,121.1879145,
18732,121.2178155,
18733,121.1124149,
18734,121.2908559,
18735,121.2628305,
18736,121.1706702,
18737,121.097842,
18738,120.9850112,
18739,120.9213723,
18740,120.9311154,
18741,120.8961264,
18742,120.9104531,
18743,120.9479518,
18744,120.9839957,
18745,121.1013562,
18746,121.2627772,
18747,121.4708825,
18748,121.5861825,
18749,121.8892478,
18750,122.0607759,
18751,122.1539668,
18752,122.4136557,
18753,122.4716997,
18754,122.5649787,
18755,122.6882698,
18756,122.6856718,
18757,122.7393654,
18758,122.6278765,
18759,122.5119078,
18760,122.4612484,
18761,122.4964453,
18762,122.4923142,
18763,122.4814396,
18764,122.4111398,
18765,122.4020518,
18766,122.4042854,
18767,122.4233806,
18768,122.4920802,
18769,122.5021097,
18770,122.6026425,
18771,122.6377787,
18772,122.6606775,
18773,122.7083834,
18774,122.6571526,
18775,122.5825333,
18776,122.5997002,
18777,122.5480835,
18778,122.5523746,
18779,122.6017324,
18780,122.5943981,
18781,122.6199857,
18782,122.6558172,
18783,122.6516168,
18784,122.5729958,
18785,122.6275428,
18786,122.6186322,
18787,122.6485205,
18788,122.6193195,
18789,122.6389237,
18790,122.6229537,
18791,122.652786,
18792,122.6898987,
18793,122.6859212,
18794,122.6710704,
18795,122.6725066,
18796,122.6534057,
18797,122.6686641,
18798,122.6783754,
18799,122.7443698,
18800,122.7060289,
18801,122.6279125,
18802,122.6434501,
18803,122.6687842,
18804,122.7067099,
18805,122.6535918,
18806,122.6659671,
18807,122.6549855,
18808,122.6821214,
18809,122.676443,
18810,122.7502464,
18811,122.69236,
18812,122.7464967,
18813,122.7377836,
18814,122.7905935,
18815,122.8433602,
18816,122.8433602,
18817,122.8228517,
18818,122.8221836,
18819,122.8573162,
18820,122.7805897,
18821,122.800313,
18822,122.7939446,
18823,122.7804085,
18824,122.7814032,
18825,122.8468163,
18826,122.8517723,
18827,122.8467279,
18828,122.8339786,
18829,122.8160344,
18830,122.8122424,
18831,122.8062952,
18832,122.8145722,
18833,122.8139448,
18834,122.849673,
18835,122.8501728,
18836,122.8819285,
18837,122.8503543,
18838,122.8197829,
18839,122.7810725,
18840,122.6938825,
18841,122.7081266,
18842,122.6961289,
18843,122.7212743,
18844,122.7167162,
18845,122.6964866,
18846,122.7194466,
18847,122.7582995,
18848,122.7130718,
18849,122.6594295,
18850,122.6645854,
18851,122.6509056,
18852,122.6656068,
18853,122.6316356,
18854,122.6380664,
18855,122.6177759,
18856,122.6309142,
18857,122.6577853,
18858,122.6434447,
18859,122.644588,
18860,122.646907,
18861,122.6235322,
18862,122.643831,
18863,122.6305131,
18864,122.6377655,
18865,122.6460222,
18866,122.6327118,
18867,122.6255523,
18868,122.6091856,
18869,122.6239416,
18870,122.6030058,
18871,122.6821188,
18872,122.6789501,
18873,122.6744865,
18874,122.6270688,
18875,122.6525519,
18876,122.6483375,
18877,122.6585557,
18878,122.6291936,
18879,122.623482,
18880,122.6341362,
18881,122.6493794,
18882,122.6479107,
18883,122.6579121,
18884,122.6698899,
18885,122.666371,
18886,122.6836953,
18887,122.6664434,
18888,122.6555057,
18889,122.6486029,
18890,122.6425796,
18891,122.6589935,
18892,122.6479805,
18893,122.6482832,
18894,122.6422757,
18895,122.6963331,
18896,122.6447476,
18897,122.6783742,
18898,122.6231066,
18899,122.7278765,
18900,122.648524,
18901,122.6761007,
18902,122.6726797,
18903,122.6890764,
18904,122.6948602,
18905,122.7114781,
18906,122.6951414,
18907,122.6693652,
18908,122.6592454,
18909,122.6592454,
18910,122.6552819,
18911,122.6821491,
18912,122.6589307,
18913,122.679571,
18914,122.6585653,
18915,122.6904667,
18916,122.6993247,
18917,122.6419098,
18918,122.6705675,
18919,122.7108317,
18920,122.7127035,
18921,122.6591121,
18922,122.667333,
18923,122.6869136,
18924,122.6774669,
18925,122.6620422,
18926,122.6855392,
18927,122.6518886,
18928,122.5930195,
18929,122.6424837,
18930,122.6501953,
18931,122.6520602,
18932,122.6663014,
18933,122.6663014,
18934,122.6632158,
18935,122.64019,
18936,122.6650033,
18937,122.6638636,
18938,122.6640307,
18939,122.6636788,
18940,122.6885461,
18941,122.6268609,
18942,122.6471392,
18943,122.6650421,
18944,122.6856969,
18945,122.6134684,
18946,122.5823735,
18947,122.6160482,
18948,122.6268303,
18949,122.6109449,
18950,122.601482,
18951,122.6663522,
18952,122.6676049,
18953,122.6881545,
18954,122.6562856,
18955,122.6482986,
18956,122.605906,
18957,122.6554718,
18958,122.6908016,
18959,122.6635677,
18960,122.6060328,
18961,122.5771964,
18962,122.5886857,
18963,122.6054303,
18964,122.6054303,
18965,122.6032052,
18966,122.5678552,
18967,122.5492508,
18968,122.5520351,
18969,122.63861,
18970,122.6034517,
18971,122.5661105,
18972,122.5762385,
18973,122.6534146,
18974,122.6322552,
18975,122.5979248,
18976,122.6113767,
18977,122.6298177,
18978,122.6161661,
18979,122.6220261,
18980,122.6498899,
18981,122.6897366,
18982,122.7003765,
18983,122.6544291,
18984,122.6525743,
18985,122.6171224,
18986,122.6648096,
18987,122.6234472,
18988,122.6360495,
18989,122.6360495,
18990,122.6360495,
18991,122.6287278,
18992,122.6242524,
18993,122.6242524,
18994,122.6436037,
18995,122.6495636,
18996,122.5781425,
18997,122.5974716,
18998,122.6150028,
18999,122.6150028,
19000,122.6187547,
19001,122.6187547,
19002,122.6347561,
19003,122.6176637,
19004,122.6219506,
19005,122.6534509,
19006,122.6564319,
19007,122.6821481,
19008,122.6821481,
19009,122.6862929,
19010,122.6615793,
19011,122.6610703,
19012,122.6407365,
19013,122.6604136,
19014,122.627562,
19015,122.6469975,
19016,122.6554254,
19017,122.6554254,
19018,122.6401521,
19019,122.6401521,
19020,122.6882976,
19021,122.6389237,
19022,122.691896,
19023,122.6565063,
19024,122.6615104,
19025,122.7171872,
19026,122.709071,
19027,122.7302082,
19028,122.7291514,
19029,122.6987078,
19030,122.7493642,
19031,122.8417437,
19032,122.8181803,
19033,122.7427449,
19034,122.7784325,
19035,122.7762579,
19036,122.7662612,
19037,122.7846335,
19038,122.7791606,
19039,122.7746943,
19040,122.765451,
19041,122.7428959,
19042,122.7397895,
19043,122.7349238,
19044,122.7448918,
19045,122.7508146,
19046,122.7226313,
19047,122.7664412,
19048,122.6857525,
19049,122.7105253,
19050,122.6662488,
19051,122.7050854,
19052,122.6757818,
19053,122.6902006,
19054,122.6592725,
19055,122.684269,
19056,122.6736166,
19057,122.6818012,
19058,122.6878523,
19059,122.7041069,
19060,122.6892007,
19061,122.7135738,
19062,122.704853,
19063,122.6854831,
19064,122.6133201,
19065,122.647041,
19066,122.6951782,
19067,122.6481116,
19068,122.5911586,
19069,122.6389514,
19070,122.6398691,
19071,122.650491,
19072,122.650491,
19073,122.6812293,
19074,122.6848263,
19075,122.6858173,
19076,122.6316683,
19077,122.670743,
19078,122.6861078,
19079,122.6861401,
19080,122.6763252,
19081,122.6643866,
19082,122.6571191,
19083,122.646817,
19084,122.6175468,
19085,122.5941785,
19086,122.6024961,
19087,122.6018537,
19088,122.7842106,
19089,122.8710715,
19090,122.9397521,
19091,123.0479631,
19092,123.0628158,
19093,123.2250404,
19094,123.4202624,
19095,123.4920814,
19096,123.4307404,
19097,123.6315473,
19098,123.5977238,
19099,123.504951,
19100,123.6724604,
19101,123.9480527,
19102,124.2338216,
19103,124.1588055,
19104,124.6648704,
19105,124.7815812,
19106,124.681898,
19107,124.5323822,
19108,124.4115018,
19109,124.1433668,
19110,124.0325077,
19111,124.0282193,
19112,124.1939171,
19113,124.138489,
19114,124.0880474,
19115,124.2299825,
19116,124.1872691,
19117,124.1819734,
19118,124.1318971,
19119,124.077167,
19120,124.3532493,
19121,124.3756456,
19122,124.1095256,
19123,124.3108932,
19124,124.1759084,
19125,124.1954344,
19126,124.476991,
19127,124.566055,
19128,124.6889549,
19129,124.7348016,
19130,124.9664941,
19131,125.3537688,
19132,125.713075,
19133,125.7563559,
19134,126.0132801,
19135,126.3378897,
19136,126.9276511,
19137,127.2634539,
19138,127.7340078,
19139,127.7910513,
19140,127.6818262,
19141,128.5567179,
19142,129.6758544,
19143,130.3209458,
19144,130.4485844,
19145,130.674517,
19146,131.2654324,
19147,131.3621637,
19148,131.6148941,
19149,131.9896235,
19150,132.4205418,
19151,132.3788737,
19152,132.840324,
19153,132.9119571,
19154,133.5252144,
19155,134.447872,
19156,134.592706,
19157,134.8495944,
19158,135.5642894,
19159,135.9574079,
19160,137.0619059,
19161,137.2007564,
19162,138.0334101,
19163,138.1536635,
19164,139.6082534,
19165,140.0885991,
19166,140.7766432,
19167,141.3439344,
19168,142.5946979,
19169,143.1440885,
19170,144.2879368,
19171,144.343513,
19172,144.8543424,
19173,144.8506219,
19174,145.0746496,
19175,145.3855545,
19176,145.54278,
19177,145.6553692,
19178,145.9073409,
19179,146.1999324,
19180,146.2112493,
19181,146.5957287,
19182,146.9805856,
19183,147.7018012,
19184,147.8225021,
19185,148.3747106,
19186,148.8968328,
19187,149.1935858,
19188,149.6746274,
19189,149.5147136,
19190,149.5501919,
19191,149.6706865,
19192,149.4599828,
19193,150.0563449,
19194,150.2827336,
19195,149.9289232,
19196,149.6796485,
19197,149.4759823,
19198,149.8567211,
19199,150.043937,
19200,150.4169118,
19201,150.6554724,
19202,150.7538909,
19203,151.2843298,
19204,152.0952694,
19205,152.4708147,
19206,152.8139543,
19207,153.4573822,
19208,154.5394775,
19209,155.0980763,
19210,155.3991483,
19211,155.7682555,
19212,156.3251962,
19213,157.2255763,
19214,158.1195309,
19215,159.1101413,
19216,159.6567919,
19217,161.178896,
19218,162.5528828,
19219,163.5429951,
19220,163.9845633,
19221,164.5341208,
19222,165.4048762,
19223,166.4752546,
19224,167.5174301,
19225,167.9440513,
19226,168.3502445,
19227,168.7759371,
19228,169.2173831,
19229,170.2551696,
19230,170.4269868,
19231,170.7493681,
19232,170.3642318,
19233,170.6991735,
19234,170.7061321,
19235,170.9064316,
19236,170.8915674,
19237,170.6330118,
19238,170.4923625,
19239,170.3160135,
19240,170.6382726,
19241,170.6464453,
19242,170.4628317,
19243,170.1096576,
19244,169.9910702,
19245,170.0622893,
19246,170.131448,
19247,169.8178293,
19248,168.82999,
19249,168.4716379,
19250,167.9014513,
19251,167.6354734,
19252,167.8549183,
19253,167.5598944,
19254,167.8115672,
19255,167.8217446,
19256,167.9086853,
19257,168.116134,
19258,168.3848119,
19259,168.564625,
19260,168.8735352,
19261,169.3225481,
19262,169.6652732,
19263,169.8720457,
19264,169.846332,
19265,170.0069685,
19266,170.4487119,
19267,170.7491209,
19268,171.262735,
19269,171.6287778,
19270,172.1059079,
19271,172.3227866,
19272,173.0428466,
19273,173.7169095,
19274,174.4421763,
19275,174.6698087,
19276,175.1372501,
19277,175.9407924,
19278,176.3874256,
19279,177.6905718,
19280,178.2467168,
19281,179.0563218,
19282,179.7489373,
19283,181.1944174,
19284,181.8247679,
19285,183.1041223,
19286,183.3358129,
19287,183.6994448,
19288,183.9509956,
19289,184.7174746,
19290,184.9858114,
19291,185.822508,
19292,186.6615502,
19293,187.1226112,
19294,187.5739017,
19295,188.0355428,
19296,188.3031839,
19297,188.2731361,
19298,188.2219626,
19299,188.2701828,
19300,188.6955518,
19301,188.9181538,
19302,189.3284362,
19303,189.9746902,
19304,190.1462002,
19305,190.4706778,
19306,191.0467103,
19307,191.637851,
19308,191.7351104,
19309,192.0544766,
19310,192.8082301,
19311,193.1931989,
19312,193.1625498,
19313,193.7510921,
19314,193.7590483,
19315,193.7773196,
19316,193.7021983,
19317,193.8516565,
19318,194.1128519,
19319,194.523684,
19320,194.9185506,
19321,195.8427998,
19322,195.9933145,
19323,196.568602,
19324,196.7242111,
19325,197.136496,
19326,197.2359141,
19327,197.2452216,
19328,197.6288924,
19329,197.1804232,
19330,197.1705636,
19331,197.3377943,
19332,197.2198305,
19333,197.3544071,
19334,197.5483169,
19335,198.1499925,
19336,198.1827917,
19337,198.6495095,
19338,199.0345555,
19339,199.0297906,
19340,199.0255697,
19341,198.8972511,
19342,198.7967484,
19343,198.7820546,
19344,199.2817071,
19345,199.191555,
19346,198.7820942,
19347,198.1198755,
19348,197.598818,
19349,197.4122806,
19350,197.0041176,
19351,196.5572801,
19352,195.5354373,
19353,194.7571473,
19354,194.6777929,
19355,193.865629,
19356,192.8461634,
19357,191.7878124,
19358,191.4879124,
19359,191.0444875,
19360,190.2852287,
19361,188.9181602,
19362,188.2443018,
19363,188.0680633,
19364,187.1874437,
19365,185.5329074,
19366,184.9257403,
19367,184.2984084,
19368,183.5076737,
19369,182.6092702,
19370,181.7521076,
19371,181.4005414,
19372,181.4901112,
19373,181.4523322,
19374,180.9406281,
19375,180.3762379,
19376,180.159632,
19377,179.9115581,
19378,179.3903231,
19379,178.858373,
19380,178.2677777,
19381,178.0147946,
19382,177.6988826,
19383,177.5895928,
19384,177.1815091,
19385,177.223397,
19386,176.5618607,
19387,175.8594166,
19388,175.8036126,
19389,175.4867532,
19390,174.6589963,
19391,173.8738993,
19392,173.4871676,
19393,173.2417106,
19394,172.3052186,
19395,171.0728799,
19396,170.0124367,
19397,169.2922415,
19398,168.0989542,
19399,166.6126169,
19400,165.3695631,
19401,164.9167895,
19402,164.5751713,
19403,163.4071207,
19404,162.1845175,
19405,161.8935975,
19406,161.188071,
19407,160.2827734,
19408,157.8297252,
19409,157.3127111,
19410,157.235965,
19411,156.7801736,
19412,155.1121487,
19413,153.1656724,
19414,152.4081585,
19415,151.4440745,
19416,149.4770812,
19417,148.9845476,
19418,148.9022155,
19419,149.0931744,
19420,148.0066238,
19421,147.2565393,
19422,146.5693346,
19423,145.9654158,
19424,145.4702663,
19425,144.4337181,
19426,144.3265154,
19427,143.8429674,
19428,143.9573296,
19429,143.6073048,
19430,143.5654219,
19431,143.6223514,
19432,143.3312641,
19433,142.9751573,
19434,143.0330157,
19435,142.753718,
19436,142.5493885,
19437,142.3606296,
19438,142.4326965,
19439,142.7191092,
19440,142.6362628,
19441,142.907758,
19442,143.3368306,
19443,143.5407742,
19444,143.3922717,
19445,143.0418079,
19446,142.7406823,
19447,142.3587797,
19448,142.0941764,
19449,141.9294396,
19450,141.5147085,
19451,141.7847197,
19452,141.3078126,
19453,141.0336145,
19454,140.9289893,
19455,140.8543454,
19456,141.0737519,
19457,141.0074116,
19458,140.9785555,
19459,140.9965816,
19460,140.973839,
19461,140.9938689,
19462,140.9463027,
19463,140.8868899,
19464,140.9053102,
19465,140.857292,
19466,140.8926903,
19467,140.7846837,
19468,140.7923577,
19469,140.6700992,
19470,140.636535,
19471,140.684784,
19472,140.6273734,
19473,140.6416479,
19474,140.6587937,
19475,140.6738535,
19476,140.6587937,
19477,140.6587937,
19478,140.6436058,
19479,140.6293175,
19480,140.6907856,
19481,140.7070391,
19482,140.6255498,
19483,140.6775696,
19484,140.6443701,
19485,140.6775696,
19486,140.715482,
19487,140.6610184,
19488,140.8043105,
19489,140.7870195,
19490,140.7751502,
19491,140.7555614,
19492,140.730606,
19493,140.654947,
19494,140.6794228,
19495,140.6417616,
19496,140.6665221,
19497,140.6607195,
19498,140.6497235,
19499,140.6779599,
19500,140.6357896,
19501,140.6615826,
19502,140.632154,
19503,140.632154,
19504,140.6293873,
19505,140.6136423,
19506,140.6621835,
19507,140.6611441,
19508,140.6611441,
19509,140.6611441,
19510,140.6612677,
19511,140.6581231,
19512,140.6722722,
19513,140.6686381,
19514,140.6686381,
19515,140.6752048,
19516,140.6792869,
19517,140.6818495,
19518,140.7106365,
19519,140.7288126,
19520,140.7208533,
19521,140.713228,
19522,140.6370874,
19523,140.6787968,
19524,140.6550621,
19525,140.6851624,
19526,140.670201,
19527,140.8395066,
19528,140.6500864,
19529,140.7948595,
19530,140.7948595,
19531,140.6881423,
19532,140.6849371,
19533,140.6905809,
19534,140.7035578,
19535,140.6960171,
19536,140.6915059,
19537,140.7132839,
19538,140.6879572,
19539,140.6942244,
19540,140.6606756,
19541,140.7300249,
19542,140.707603,
19543,140.6919863,
19544,140.6986984,
19545,140.7056957,
19546,140.6995273,
19547,140.6864212,
19548,140.7101834,
19549,140.695422,
19550,140.7087304,
19551,140.7167077,
19552,140.6387367,
19553,140.6387367,
19554,140.6806861,
19555,140.7103211,
19556,140.7074749,
19557,140.6822764,
19558,140.6438456,
19559,140.7242241,
19560,140.564397,
19561,140.7664709,
19562,140.5816464,
19563,140.7150308,
19564,140.7758885,
19565,140.724325,
19566,140.5256206,
19567,140.5278232,
19568,140.7052265,
19569,140.7052265,
19570,140.7188944,
19571,140.7188944,
19572,140.7014163,
19573,140.7245738,
19574,140.6928838,
19575,140.7327241,
19576,140.7289956,
19577,140.7289956,
19578,140.7289956,
19579,140.7478466,
19580,140.7069711,
19581,140.714766,
19582,140.714766,
19583,140.7185867,
19584,140.7416203,
19585,140.7248235,
19586,140.7248235,
19587,140.7248235,
19588,140.7438019,
19589,140.6923211,
19590,140.7281681,
19591,140.7647567,
19592,140.6999413,
19593,140.7330177,
19594,140.7517887,
19595,140.6336425,
19596,140.7882555,
19597,140.6392268,
19598,140.6764819,
19599,140.6474453,
19600,140.6474453,
19601,140.6474453,
19602,140.6481298,
19603,140.6247814,
19604,140.6600411,
19605,140.6491482,
19606,140.5896862,
19607,140.6862493,
19608,140.7185867,
19609,140.7230306,
19610,140.7106418,
19611,140.6207111,
19612,140.6171858,
19613,140.6171858,
19614,140.6171858,
19615,140.6239489,
19616,140.6239489,
19617,140.6239489,
19618,140.6018442,
19619,140.6378862,
19620,140.6604966,
19621,140.652867,
19622,140.6547777,
19623,140.707394,
19624,140.7414557,
19625,140.5814128,
19626,140.5930668,
19627,140.5950259,
19628,140.6932409,
19629,140.6134905,
19630,140.6134905,
19631,140.5924801,
19632,140.6155422,
19633,140.7618193,
19634,140.7535626,
19635,140.7202338,
19636,140.731943,
19637,140.7012405,
19638,140.7012405,
19639,140.7012405,
19640,140.5704604,
19641,140.5533794,
19642,140.6084225,
19643,140.7368974,
19644,140.7097139,
19645,140.6979933,
19646,140.7328676,
19647,140.7323672,
19648,140.7014103,
19649,140.6828547,
19650,140.7150716,
19651,140.7150716,
19652,140.680185,
19653,140.6750075,
19654,140.6750075,
19655,140.6923211,
19656,140.6923211,
19657,140.5106323,
19658,140.5106323,
19659,140.5106323,
19660,140.5018147,
19661,140.5143449,
19662,140.5177453,
19663,140.4914304,
19664,140.5389184,
19665,140.6056693,
19666,140.4945468,
19667,140.5486793,
19668,140.5103361,
19669,140.5185759,
19670,140.5380548,
19671,140.5050324,
19672,140.5089023,
19673,140.4727152,
19674,140.4835268,
19675,140.6302156,
19676,140.5257877,
19677,140.4900342,
19678,140.486898,
19679,140.526573,
19680,140.4920954,
19681,140.4974221,
19682,140.5514166,
19683,140.5791658,
19684,140.5624567,
19685,140.6140677,
19686,140.5922308,
19687,140.6099693,
19688,140.5982982,
19689,140.6139343,
19690,140.6163536,
19691,140.6471622,
19692,140.6230633,
19693,140.4962883,
19694,140.484401,
19695,140.534159,
19696,140.4688999,
19697,140.5245938,
19698,140.5245938,
19699,140.5525648,
19700,140.5422331,
19701,140.5838362,
19702,140.6341983,
19703,140.6013747,
19704,140.6166371,
19705,140.6166371,
19706,140.6289982,
19707,140.6274418,
19708,140.6104126,
19709,140.7953104,
19710,140.6361755,
19711,140.5694087,
19712,140.5545581,
19713,140.5789995,
19714,140.6682484,
19715,140.6571129,
19716,140.5201093,
19717,140.6097743,
19718,140.4229308,
19719,140.4330773,
19720,140.2896736,
19721,140.1357511,
19722,140.1443381,
19723,140.1801456,
19724,140.054806,
19725,139.9512728,
19726,139.7331233,
19727,139.7435148,
19728,139.676652,
19729,139.2140026,
19730,139.0231621,
19731,138.4934017,
19732,138.0227287,
19733,137.6123296,
19734,137.0680876,
19735,136.7607408,
19736,136.0726966,
19737,134.9088129,
19738,133.9251936,
19739,133.60231,
19740,133.0785483,
19741,132.700152,
19742,131.7440348,
19743,130.296012,
19744,129.747488,
19745,129.1769679,
19746,128.3834413,
19747,126.609097,
19748,125.4399631,
19749,124.5470873,
19750,123.8853746,
19751,123.3963842,
19752,121.042389,
19753,120.0397727,
19754,119.5467832,
19755,118.9978548,
19756,118.2620386,
19757,117.8000587,
19758,116.5406585,
19759,115.7306093,
19760,115.0436593,
19761,114.1066881,
19762,112.7598025,
19763,111.961618,
19764,111.3774376,
19765,111.4987196,
19766,110.5705946,
19767,109.3852732,
19768,108.8495762,
19769,107.6067718,
19770,107.4959956,
19771,106.4638335,
19772,105.5523779,
19773,104.9778197,
19774,104.8706648,
19775,104.3402654,
19776,102.9995459,
19777,102.4517317,
19778,102.0536282,
19779,101.8969976,
19780,101.1125014,
19781,100.5176753,
19782,99.86693656,
19783,99.17608998,
19784,98.54688114,
19785,98.0323691,
19786,97.51303919,
19787,97.18381636,
19788,96.99139707,
19789,97.919132,
19790,97.83651873,
19791,97.46186054,
19792,97.18703583,
19793,96.93954651,
19794,96.7303264,
19795,96.33673177,
19796,96.43479324,
19797,96.40147134,
19798,96.41441681,
19799,96.54085131,
19800,96.30912708,
19801,95.88521582,
19802,95.56283479,
19803,95.43611249,
19804,95.39868733,
19805,95.33534189,
19806,95.28196248,
19807,95.04714881,
19808,94.49062387,
19809,93.50886036,
19810,92.9448304,
19811,92.75305661,
19812,92.36793627,
19813,91.8001769,
19814,91.11920323,
19815,91.18498745,
19816,90.47210722,
19817,89.74585723,
19818,88.72034899,
19819,88.06387684,
19820,88.19547757,
19821,87.51004005,
19822,86.61262776,
19823,86.45327643,
19824,85.62475429,
19825,85.34227686,
19826,84.32471195,
19827,83.54836318,
19828,82.32233376,
19829,79.9802564,
19830,79.20659409,
19831,78.97019471,
19832,77.70020526,
19833,76.83458877,
19834,74.45807419,
19835,73.81963615,
19836,73.25695853,
19837,71.60203226,
19838,69.84728862,
19839,67.20496223,
19840,67.68449298,
19841,65.91789623,
19842,64.55463426,
19843,61.98128912,
19844,61.44678337,
19845,60.44633056,
19846,58.43343294,
19847,56.66418301,
19848,55.41625168,
19849,54.27142318,
19850,52.35952618,
19851,51.10813422,
19852,50.70352941,
19853,50.80069436,
19854,50.17376485,
19855,48.81640848,
19856,48.62337053,
19857,48.33504808,
19858,47.85313596,
19859,47.73580177,
19860,48.18467045,
19861,48.43658391,
19862,49.33258929,
19863,49.95377335,
19864,50.1657607,
19865,50.22264033,
19866,50.26838323,
19867,50.53591142,
19868,50.74372348,
19869,51.02474117,
19870,51.24192283,
19871,51.35165001,
19872,51.52883417,
19873,52.36201535,
19874,53.0050368,
19875,53.49377099,
19876,53.76118364,
19877,53.83110157,
19878,54.65164303,
19879,55.84287207,
19880,56.29480768,
19881,56.64743982,
19882,57.29558235,
19883,58.53538781,
19884,59.04871205,
19885,59.17679755,
19886,59.20777008,
19887,60.68841945,
19888,61.78416081,
19889,62.05771445,
19890,62.35952097,
19891,63.41214858,
19892,64.18196013,
19893,64.66291317,
19894,64.80844237,
19895,65.3208977,
19896,65.88564426,
19897,66.35258814,
19898,66.48386128,
19899,66.53541017,
19900,66.44488942,
19901,66.89996462,
19902,66.96652818,
19903,67.03814274,
19904,66.61117765,
19905,66.37402369,
19906,66.97394711,
19907,66.91801374,
19908,66.90067693,
19909,66.84683021,
19910,67.14730526,
19911,67.10004761,
19912,67.19418157,
19913,67.12495885,
19914,66.60609566,
19915,66.72579454,
19916,66.83780348,
19917,66.85441283,
19918,66.94489836,
19919,66.9284611,
19920,67.31931295,
19921,67.65498672,
19922,67.92014666,
19923,67.97025751,
19924,68.85093709,
19925,69.79356714,
19926,70.1026734,
19927,70.14522859,
19928,70.32240841,
19929,70.59015314,
19930,71.41132803,
19931,72.4360065,
19932,72.6952171,
19933,73.31107889,
19934,74.75446214,
19935,76.23123898,
19936,76.66670489,
19937,76.95848655,
19938,77.56820198,
19939,78.28670305,
19940,79.31038208,
19941,80.08792946,
19942,80.36427983,
19943,81.33459769,
19944,82.86536782,
19945,84.16299433,
19946,83.98438025,
19947,84.24883256,
19948,84.94027709,
19949,85.23355456,
19950,86.65828615,
19951,87.53072335,
19952,87.81528813,
19953,88.25032596,
19954,89.12394058,
19955,89.68826562,
19956,90.4348588,
19957,90.83570617,
19958,90.46883173,
19959,90.65447874,
19960,91.39634333,
19961,91.93554095,
19962,92.3878433,
19963,92.67128744,
19964,92.94930626,
19965,93.67749947,
19966,93.87442816,
19967,94.16878483,
19968,94.31194929,
19969,94.27366075,
19970,94.23373761,
19971,94.07914421,
19972,93.87967239,
19973,93.95947058,
19974,94.0236686,
19975,93.80665528,
19976,93.64757403,
19977,93.29684334,
19978,92.77168872,
19979,92.05701821,
19980,91.44515612,
19981,90.84160251,
19982,90.44512291,
19983,89.87057755,
19984,89.37205634,
19985,89.16371686,
19986,88.91181828,
19987,88.40449053,
19988,87.78503072,
19989,87.94653633,
19990,88.27498185,
19991,88.43191531,
19992,88.80492016,
19993,89.37033158,
19994,90.10839693,
19995,91.09404265,
19996,90.89172674,
19997,91.11685613,
19998,92.02561336,
19999,93.27342319,
20000,94.05415084,
20001,94.61480502,
20002,96.21624232,
20003,97.41339404,
20004,97.6088683,
20005,97.9256117,
20006,98.91485564,
20007,100.0395588,
20008,101.0002088,
20009,101.7701591,
20010,103.3461598,
20011,104.9691533,
20012,106.2172916,
20013,106.1904833,
20014,107.2033678,
20015,108.1589662,
20016,108.9026548,
20017,109.2788504,
20018,109.4010919,
20019,109.893957,
20020,110.0680576,
20021,110.1535612,
20022,110.3122763,
20023,109.6140504,
20024,109.4848498,
20025,109.4486332,
20026,109.8775376,
20027,110.2698228,
20028,110.7532587,
20029,111.5995135,
20030,112.1931424,
20031,112.4455887,
20032,112.8257676,
20033,113.8696109,
20034,114.4414434,
20035,115.0055849,
20036,115.632175,
20037,116.8660721,
20038,117.415124,
20039,117.7984596,
20040,117.9340275,
20041,118.7281578,
20042,119.812459,
20043,120.5999785,
20044,121.4859191,
20045,122.2563858,
20046,123.8666804,
20047,125.2361159,
20048,125.859407,
20049,127.0880728,
20050,129.4451553,
20051,130.3354347,
20052,131.4089113,
20053,133.4641788,
20054,135.258557,
20055,135.967799,
20056,137.8970584,
20057,139.7942037,
20058,140.8440428,
20059,141.6906952,
20060,142.0165564,
20061,143.3615429,
20062,144.1782109,
20063,145.7797743,
20064,145.8360293,
20065,145.8816048,
20066,145.9559804,
20067,146.2564323,
20068,145.9251871,
20069,145.933421,
20070,145.532406,
20071,145.1719378,
20072,145.0135972,
20073,144.7222469,
20074,144.5535711,
20075,143.7830757,
20076,143.0010715,
20077,143.3777079,
20078,143.2719174,
20079,142.8551408,
20080,141.96962,
20081,141.1962345,
20082,140.7015509,
20083,140.3353364,
20084,139.4473012,
20085,137.6904176,
20086,137.6179401,
20087,137.1001668,
20088,135.9150421,
20089,134.6893063,
20090,133.8078324,
20091,133.6852948,
20092,132.6022977,
20093,132.1220533,
20094,131.6440649,
20095,131.3891799,
20096,131.4498996,
20097,131.1935521,
20098,131.088369,
20099,130.9996031,
20100,131.0539591,
20101,131.0219755,
20102,131.0456771,
20103,131.1334881,
20104,131.1197177,
20105,131.1562792,
20106,131.068361,
20107,131.0770327,
20108,131.1265721,
20109,131.0766173,
20110,130.9879944,
20111,131.0897742,
20112,131.0685104,
20113,131.1480026,
20114,131.1629718,
20115,131.1216562,
20116,131.1786913,
20117,131.2074578,
20118,131.1934722,
20119,131.1464823,
20120,131.1648331,
20121,131.1648331,
20122,131.2134347,
20123,131.1457929,
20124,131.1596531,
20125,131.1737355,
20126,131.1180724,
20127,131.1199122,
20128,131.1199122,
20129,131.1131825,
20130,131.1131825,
20131,131.0891754,
20132,131.0958606,
20133,131.1131825,
20134,131.1131825,
20135,131.0990442,
20136,131.0983696,
20137,131.0816945,
20138,131.0748464,
20139,131.1022549,
20140,131.095729,
20141,131.0907424,
20142,131.1136912,
20143,131.0681003,
20144,131.1145346,
20145,131.0685961,
20146,131.0597211,
20147,131.031307,
20148,131.0320488,
20149,131.0703694,
20150,131.088716,
20151,131.082434,
20152,131.062317,
20153,131.0687196,
20154,131.0420257,
20155,131.0605473,
20156,131.055699,
20157,131.0844798,
20158,131.0448047,
20159,131.0367306,
20160,131.0680444,
20161,131.0847763,
20162,131.0798274,
20163,131.0692172,
20164,131.0692172,
20165,131.041468,
20166,131.0583083,
20167,131.0152444,
20168,131.015948,
20169,131.0134932,
20170,131.0160052,
20171,131.0280662,
20172,131.0423815,
20173,131.0319655,
20174,131.0426456,
20175,131.0550672,
20176,131.0411958,
20177,131.0077406,
20178,131.0245263,
20179,131.0321081,
20180,131.0103875,
20181,130.9239952,
20182,130.9664968,
20183,130.9204151,
20184,130.978437,
20185,130.9788155,
20186,130.997702,
20187,130.9933185,
20188,131.0467884,
20189,131.0732525,
20190,131.0891494,
20191,131.061212,
20192,131.0333286,
20193,131.0170148,
20194,131.0170148,
20195,131.0021501,
20196,131.0317214,
20197,131.014842,
20198,131.046677,
20199,131.0170148,
20200,131.0336931,
20201,131.0248757,
20202,131.008404,
20203,131.0062759,
20204,131.0064802,
20205,130.9820274,
20206,130.9987294,
20207,130.9897724,
20208,130.992762,
20209,131.0167565,
20210,130.9938024,
20211,131.0044883,
20212,130.9882867,
20213,130.9586468,
20214,130.9399525,
20215,130.9399525,
20216,130.9204925,
20217,130.8878134,
20218,130.9159675,
20219,130.9319707,
20220,130.9544573,
20221,130.949927,
20222,130.9435942,
20223,130.9772483,
20224,130.9835066,
20225,130.989419,
20226,130.9484883,
20227,130.9322411,
20228,130.9400032,
20229,130.9504359,
20230,130.9276217,
20231,130.9094471,
20232,130.8777338,
20233,130.89335,
20234,130.9174482,
20235,130.8848734,
20236,130.8985678,
20237,130.8941055,
20238,130.8997556,
20239,130.9089568,
20240,130.9072203,
20241,130.8916176,
20242,130.9348922,
20243,130.9107322,
20244,130.9174482,
20245,130.9069135,
20246,130.8986297,
20247,130.896691,
20248,130.9021887,
20249,130.8815192,
20250,130.8815192,
20251,130.8815192,
20252,130.8795205,
20253,130.9178919,
20254,130.8987758,
20255,130.8872994,
20256,130.9120437,
20257,130.8960316,
20258,130.8710931,
20259,130.867632,
20260,130.8151895,
20261,130.8151895,
20262,130.8323516,
20263,130.8409924,
20264,130.8407392,
20265,130.8767391,
20266,130.8651698,
20267,130.8685292,
20268,130.8592405,
20269,130.8468488,
20270,130.8629253,
20271,130.8071438,
20272,130.8179896,
20273,130.8170711,
20274,130.8170711,
20275,130.8111989,
20276,130.8073051,
20277,130.7995319,
20278,130.8259916,
20279,130.8167723,
20280,130.8255904,
20281,130.8581174,
20282,130.8436876,
20283,130.8615404,
20284,130.8626034,
20285,130.8626034,
20286,130.891604,
20287,130.8631603,
20288,130.8402365,
20289,130.8629563,
20290,130.8446056,
20291,130.8610671,
20292,130.8609314,
20293,130.8313744,
20294,130.8675088,
20295,130.8916456,
20296,130.8919177,
20297,130.9038275,
20298,130.8730601,
20299,130.869169,
20300,130.9009352,
20301,130.8453312,
20302,130.875717,
20303,130.891257,
20304,130.8808844,
20305,130.988673,
20306,130.8901284,
20307,130.5825538,
20308,130.4868846,
20309,130.2981111,
20310,129.9335833,
20311,129.5922177,
20312,129.3942323,
20313,129.1997361,
20314,128.8928043,
20315,128.7260179,
20316,128.1884763,
20317,127.9490385,
20318,127.6880679,
20319,127.0383031,
20320,126.5662412,
20321,126.1924497,
20322,125.0742274,
20323,124.2084748,
20324,123.7841257,
20325,123.1530544,
20326,122.6857974,
20327,121.7937338,
20328,120.4085888,
20329,119.8628155,
20330,119.4925427,
20331,119.0115262,
20332,118.2474155,
20333,116.8177869,
20334,115.9167509,
20335,115.4604202,
20336,113.8044471,
20337,112.6598592,
20338,110.4764037,
20339,110.3276976,
20340,109.3180862,
20341,107.2081014,
20342,106.3267302,
20343,105.3913878,
20344,105.1395528,
20345,103.5812353,
20346,101.7013182,
20347,100.0774872,
20348,99.84791713,
20349,98.47836842,
20350,97.31938201,
20351,95.99653656,
20352,95.06314936,
20353,94.53996359,
20354,92.97165195,
20355,90.95400016,
20356,89.3591194,
20357,88.60048865,
20358,87.95105796,
20359,86.07328136,
20360,84.74950096,
20361,84.59307099,
20362,83.37536146,
20363,81.2256089,
20364,80.46455459,
20365,79.7658667,
20366,79.12097576,
20367,77.65217306,
20368,76.06161535,
20369,75.18478539,
20370,75.1194021,
20371,74.34352754,
20372,73.33217394,
20373,72.67471498,
20374,73.05356601,
20375,72.74558969,
20376,72.0155455,
20377,71.54588889,
20378,71.30945034,
20379,70.7190297,
20380,70.02367944,
20381,69.50934861,
20382,68.71322855,
20383,68.59441028,
20384,68.33449358,
20385,67.52710779,
20386,67.67362577,
20387,67.41408963,
20388,67.71146354,
20389,67.56995649,
20390,67.74392161,
20391,67.43201189,
20392,67.42815949,
20393,67.85223499,
20394,68.44273603,
20395,68.88803414,
20396,69.46635326,
20397,69.59515385,
20398,70.50479258,
20399,71.75411687,
20400,72.21342888,
20401,72.78064847,
20402,73.5358307,
20403,75.20463306,
20404,76.59637544,
20405,76.77306629,
20406,77.98526935,
20407,79.53968003,
20408,81.06965655,
20409,81.97346027,
20410,82.37367797,
20411,83.14261149,
20412,85.32461987,
20413,87.03409422,
20414,87.33923474,
20415,89.00849971,
20416,91.28641686,
20417,92.02747625,
20418,93.03114409,
20419,94.08677673,
20420,96.12307883,
20421,96.98127042,
20422,97.93337445,
20423,99.46636641,
20424,101.6734564,
20425,102.8539175,
20426,103.7625358,
20427,106.1508291,
20428,108.1208555,
20429,109.0255438,
20430,110.4541629,
20431,113.0652707,
20432,113.298677,
20433,114.5398106,
20434,115.2630074,
20435,116.3049848,
20436,116.7713087,
20437,117.3351875,
20438,119.0448195,
20439,120.4149146,
20440,121.4799133,
20441,122.1722884,
20442,123.1132449,
20443,124.8294584,
20444,126.3150485,
20445,127.2490459,
20446,128.271497,
20447,130.3987752,
20448,131.7229433,
20449,132.5414209,
20450,133.3410478,
20451,135.1276507,
20452,136.3766892,
20453,137.2280665,
20454,137.9897618,
20455,139.1657903,
20456,140.2556229,
20457,140.5890277,
20458,140.668837,
20459,141.6262535,
20460,143.1800636,
20461,143.7166831,
20462,144.02506,
20463,144.6116899,
20464,145.2456252,
20465,145.3666409,
20466,145.047463,
20467,144.7580295,
20468,144.9899983,
20469,145.3678436,
20470,145.5352074,
20471,145.4563052,
20472,145.4778908,
20473,145.429224,
20474,145.303305,
20475,144.954552,
20476,144.9873423,
20477,145.4861879,
20478,145.8137185,
20479,146.2376718,
20480,146.3464687,
20481,146.7757055,
20482,147.0961597,
20483,147.1579739,
20484,148.0856528,
20485,148.5850583,
20486,149.0728886,
20487,149.5630507,
20488,150.4346886,
20489,151.3844946,
20490,151.4389791,
20491,151.9387549,
20492,152.8531957,
20493,153.0231076,
20494,153.4077656,
20495,153.5309456,
20496,153.7766884,
20497,153.843289,
20498,153.5354943,
20499,153.1015506,
20500,153.051571,
20501,153.9367317,
20502,153.776623,
20503,153.5473292,
20504,153.0015862,
20505,152.6752564,
20506,152.3913145,
20507,151.389926,
20508,150.4388372,
20509,149.5816712,
20510,149.5980127,
20511,148.9014466,
20512,147.4435399,
20513,146.5241384,
20514,145.9821161,
20515,145.4447468,
20516,144.6407743,
20517,143.7966678,
20518,143.3283843,
20519,143.0936473,
20520,142.4187162,
20521,140.3316351,
20522,140.2193379,
20523,139.339231,
20524,138.1818898,
20525,136.7924176,
20526,135.8256061,
20527,135.2984441,
20528,134.2267388,
20529,132.4095014,
20530,131.8247161,
20531,131.2917409,
20532,130.8491814,
20533,129.9261007,
20534,128.8214775,
20535,127.3689011,
20536,126.1633728,
20537,125.8177091,
20538,124.1578083,
20539,122.8695162,
20540,122.0982063,
20541,121.9432464,
20542,121.1360252,
20543,118.7107046,
20544,117.0850034,
20545,115.9559505,
20546,114.6237781,
20547,111.5264659,
20548,110.00272,
20549,109.1699099,
20550,107.9217366,
20551,105.0971009,
20552,102.934165,
20553,102.247841,
20554,100.9617702,
20555,98.31230815,
20556,96.05807311,
20557,95.84780859,
20558,93.37974623,
20559,90.65713262,
20560,89.08721602,
20561,88.80722395,
20562,85.8751624,
20563,83.35025207,
20564,82.35238852,
20565,81.6944822,
20566,78.60044097,
20567,75.98730384,
20568,75.31522861,
20569,73.96756565,
20570,71.61184924,
20571,69.3823702,
20572,68.68277959,
20573,67.44362798,
20574,63.84647418,
20575,62.7414787,
20576,61.5795565,
20577,61.14279647,
20578,59.11934483,
20579,57.97703132,
20580,57.13876807,
20581,56.80475127,
20582,56.60387594,
20583,55.49142747,
20584,54.90490933,
20585,54.62905837,
20586,53.83122973,
20587,52.23905419,
20588,51.33715118,
20589,50.90771932,
20590,50.71861452,
20591,49.66875346,
20592,48.59775914,
20593,47.67112872,
20594,47.07987389,
20595,46.22595279,
20596,45.36670617,
20597,44.91248313,
20598,44.99814512,
20599,44.53044639,
20600,43.95761687,
20601,43.35021881,
20602,42.95583764,
20603,42.14559676,
20604,41.88586656,
20605,41.57432912,
20606,41.20304587,
20607,40.79158247,
20608,40.5431275,
20609,40.26665627,
20610,39.65081047,
20611,39.4821587,
20612,39.22650783,
20613,39.41507932,
20614,39.91433242,
20615,40.08501412,
20616,40.68708255,
20617,41.67113682,
20618,42.28874097,
20619,42.41109431,
20620,42.67164221,
20621,43.8061784,
20622,44.98034762,
20623,45.89050724,
20624,46.15745943,
20625,47.95909487,
20626,49.82728816,
20627,50.72935196,
20628,51.4969307,
20629,52.47129037,
20630,54.45190348,
20631,56.48196504,
20632,57.02811167,
20633,58.98958438,
20634,61.15167702,
20635,61.42931982,
20636,61.83019878,
20637,63.79489153,
20638,65.65909051,
20639,66.36872565,
20640,66.74311156,
20641,67.69176739,
20642,69.1370737,
20643,70.15061182,
20644,70.33074818,
20645,71.85941388,
20646,73.22981103,
20647,74.28410349,
20648,74.66470031,
20649,74.44851373,
20650,74.84142865,
20651,76.73872454,
20652,78.0352294,
20653,78.44571406,
20654,80.54063887,
20655,82.86990683,
20656,83.61870023,
20657,83.84662398,
20658,85.76600731,
20659,87.72262829,
20660,88.8865532,
20661,89.38304175,
20662,91.57363791,
20663,93.32749502,
20664,94.5829792,
20665,95.19584159,
20666,97.25424182,
20667,99.49709533,
20668,100.3109221,
20669,101.1857713,
20670,102.7849703,
20671,103.7783976,
20672,104.4858221,
20673,105.0504115,
20674,106.5615552,
20675,107.4145721,
20676,107.8978773,
20677,108.9076002,
20678,109.763913,
20679,110.5139432,
20680,110.7450606,
20681,111.0358104,
20682,112.4125304,
20683,113.5683695,
20684,114.3275847,
20685,114.9994069,
20686,116.7180563,
20687,117.9320558,
20688,118.388028,
20689,119.701339,
20690,121.2546375,
20691,122.0046634,
20692,122.574319,
20693,123.981358,
20694,125.6368216,
20695,125.9994852,
20696,126.5153507,
20697,127.4743163,
20698,129.4536627,
20699,130.9579955,
20700,131.0623483,
20701,132.8548393,
20702,134.0165866,
20703,135.2646174,
20704,135.3696036,
20705,135.7549785,
20706,138.2068568,
20707,139.8756925,
20708,140.5606798,
20709,141.7108577,
20710,143.1004393,
20711,145.0642627,
20712,145.294087,
20713,146.1987983,
20714,146.6176843,
20715,147.8342639,
20716,149.6048287,
20717,149.7067811,
20718,150.1489614,
20719,150.6883825,
20720,150.9781575,
20721,151.1916127,
20722,150.7707352,
20723,151.2152035,
20724,152.2144754,
20725,152.4379886,
20726,152.6494256,
20727,153.3492046,
20728,154.1111009,
20729,154.6469279,
20730,154.8497353,
20731,155.5409434,
20732,156.4617525,
20733,157.2343646,
20734,157.5984518,
20735,158.5686244,
20736,159.3603027,
20737,159.4302572,
20738,159.713415,
20739,160.3865826,
20740,161.6223649,
20741,162.3526486,
20742,163.1333325,
20743,164.2304852,
20744,165.626047,
20745,165.598931,
20746,165.8057229,
20747,166.8322384,
20748,167.9215357,
20749,168.8020065,
20750,169.0642651,
20751,169.4617791,
20752,169.6930872,
20753,169.9207696,
20754,169.8643756,
20755,169.4798802,
20756,169.6943816,
20757,169.9982772,
20758,170.4064865,
20759,170.3067159,
20760,169.9471413,
20761,169.9639569,
20762,169.9058321,
20763,169.1143296,
20764,168.5598195,
20765,168.2781435,
20766,168.5617109,
20767,168.1058263,
20768,167.4107483,
20769,166.2854198,
20770,165.9114425,
20771,165.2033864,
20772,163.7400715,
20773,162.6087185,
20774,162.0237108,
20775,161.5079416,
20776,159.9991228,
20777,158.7452545,
20778,158.0589346,
20779,157.122753,
20780,155.6093792,
20781,154.1325575,
20782,153.0211476,
20783,152.424792,
20784,150.5777063,
20785,148.5699959,
20786,147.843228,
20787,147.0789969,
20788,145.6043098,
20789,144.072447,
20790,142.873022,
20791,142.4647072,
20792,140.764378,
20793,138.7954429,
20794,136.767069,
20795,136.5250967,
20796,135.361203,
20797,132.7012994,
20798,130.0868944,
20799,129.6398368,
20800,129.1445449,
20801,127.5590492,
20802,125.4858788,
20803,124.70036,
20804,123.4973452,
20805,122.4184054,
20806,120.6336951,
20807,118.7890003,
20808,117.9968639,
20809,117.9171493,
20810,116.1995105,
20811,113.9830902,
20812,112.0836216,
20813,112.1337702,
20814,111.2830439,
20815,110.1655253,
20816,107.8244715,
20817,107.1611712,
20818,106.4264934,
20819,105.3075766,
20820,103.0953805,
20821,101.1129831,
20822,100.4615358,
20823,99.9914981,
20824,98.11596376,
20825,97.59779044,
20826,96.69507096,
20827,96.6390284,
20828,96.04564493,
20829,94.92515596,
20830,93.15016099,
20831,92.30371492,
20832,91.79349994,
20833,90.99898512,
20834,88.97954046,
20835,87.89952355,
20836,87.76571028,
20837,87.07475197,
20838,85.71424711,
20839,83.49507106,
20840,82.93934656,
20841,82.14557166,
20842,80.90830073,
20843,78.36869043,
20844,76.85892082,
20845,76.43492473,
20846,75.40616624,
20847,74.18440768,
20848,72.27380611,
20849,71.59437558,
20850,71.39411816,
20851,69.51676457,
20852,66.58496262,
20853,65.50502232,
20854,64.64374793,
20855,62.60385957,
20856,60.2528014,
20857,58.72775646,
20858,58.04172845,
20859,57.04826588,
20860,55.28160348,
20861,53.48932058,
20862,52.19890366,
20863,52.33408482,
20864,50.72935316,
20865,49.03482853,
20866,46.77374021,
20867,46.83425954,
20868,46.03716248,
20869,43.80506425,
20870,42.31516727,
20871,41.15770969,
20872,40.25646671,
20873,38.67886104,
20874,36.74013786,
20875,35.49853115,
20876,34.7067416,
20877,33.73097967,
20878,32.09601704,
20879,29.70089868,
20880,29.67190758,
20881,28.28820725,
20882,27.01769959,
20883,26.20281037,
20884,25.59294453,
20885,25.62857378,
20886,24.68043411,
20887,23.5909159,
20888,22.68941248,
20889,22.23899408,
20890,21.87848699,
20891,20.00836316,
20892,18.73925946,
20893,18.08053058,
20894,17.77692649,
20895,17.72346709,
20896,16.72316509,
20897,16.13646759,
20898,15.7980122,
20899,15.68088608,
20900,15.95686439,
20901,16.26082803,
20902,16.70972345,
20903,16.91897628,
20904,17.30706227,
20905,18.16544688,
20906,19.2897282,
20907,19.53288343,
20908,20.05206897,
20909,21.5928501,
20910,23.21685508,
20911,24.05814551,
20912,24.50704197,
20913,26.17882808,
20914,28.20400617,
20915,29.50578797,
20916,29.96700296,
20917,31.56329312,
20918,33.94819331,
20919,35.97856904,
20920,36.95894769,
20921,37.95492808,
20922,39.61483708,
20923,41.80690241,
20924,42.29045123,
20925,43.4198944,
20926,45.02301642,
20927,47.1805834,
20928,48.36647005,
20929,48.55009136,
20930,49.44331651,
20931,50.31403585,
20932,51.10025963,
20933,51.19616081,
20934,51.79066203,
20935,51.89981629,
20936,51.96603834,
20937,52.03622929,
20938,52.10964796,
20939,52.17757204,
20940,52.25611475,
20941,52.13996999,
20942,52.47598561,
20943,52.4461374,
20944,52.52911398,
20945,52.47251,
20946,52.41953933,
20947,52.63079742,
20948,52.58149108,
20949,52.46253812,
20950,52.47087154,
20951,52.83025709,
20952,52.70509184,
20953,52.88116132,
20954,52.44692877,
20955,52.77037717,
20956,52.57021925,
20957,52.69517246,
20958,52.67054214,
20959,52.64688309,
20960,52.77587499,
20961,52.64072673,
20962,52.6610981,
20963,52.6626419,
20964,52.76235702,
20965,52.75546513,
20966,52.75560271,
20967,52.75560271,
20968,52.82101147,
20969,52.85166371,
20970,52.87372829,
20971,52.84314706,
20972,52.89484532,
20973,52.84314706,
20974,52.82760552,
20975,52.94419248,
20976,52.94419248,
20977,52.91300985,
20978,52.92233026,
20979,52.89937689,
20980,52.76808396,
20981,52.8006873,
20982,53.19269402,
20983,53.19148899,
20984,53.18550073,
20985,53.21172658,
20986,53.24908914,
20987,53.18550073,
20988,53.18550073,
20989,53.19738558,
20990,53.26097651,
20991,53.26097651,
20992,53.40120517,
20993,53.37753345,
20994,53.40624498,
20995,53.46056837,
20996,53.48047449,
20997,53.48047449,
20998,53.46020188,
20999,53.51136497,
21000,53.42717732,
21001,53.41948795,
21002,53.26109659,
21003,53.26109659,
21004,53.16764676,
21005,53.16764676,
21006,53.40774209,
21007,53.4555921,
21008,53.3035993,
21009,53.27978269,
21010,53.25655771,
21011,53.29014366,
21012,53.55982756,
21013,53.3036706,
21014,53.15371772,
21015,53.2513409,
21016,53.30286273,
21017,53.20006228,
21018,53.17679117,
21019,53.30908395,
21020,53.49795158,
21021,53.55132615,
21022,53.59373099,
21023,53.5801231,
21024,53.52085776,
21025,53.5801231,
21026,53.37547275,
21027,53.41773706,
21028,53.63322108,
21029,53.63322108,
21030,53.60495897,
21031,53.29383227,
21032,53.46032772,
21033,53.35751796,
21034,53.57966351,
21035,53.51133995,
21036,53.54562409,
21037,53.70366753,
21038,53.70366753,
21039,53.65518975,
21040,53.61196152,
21041,53.60466313,
21042,53.57353594,
21043,53.57353594,
21044,53.57353594,
21045,53.57353594,
21046,53.67263602,
21047,53.61702916,
21048,53.68004355,
21049,53.68004355,
21050,53.64921615,
21051,53.4508135,
21052,53.43183832,
21053,53.6356285,
21054,53.6356285,
21055,53.69719031,
21056,53.6356285,
21057,53.72045733,
21058,53.72045733,
21059,53.76219747,
21060,53.57963061,
21061,53.45278607,
21062,53.53941264,
21063,53.6063827,
21064,53.50174188,
21065,53.61883106,
21066,53.39123555,
21067,53.35577067,
21068,53.35752264,
21069,53.33532401,
21070,53.56004272,
21071,53.56004272,
21072,53.59438343,
21073,53.59438343,
21074,53.67718343,
21075,53.54611816,
21076,53.52039624,
21077,53.51865002,
21078,53.64312602,
21079,53.70433276,
21080,53.66068071,
21081,53.71340699,
21082,53.73299215,
21083,53.70686337,
21084,53.71932465,
21085,53.7989311,
21086,53.64616802,
21087,53.6412388,
21088,53.6859397,
21089,53.74577651,
21090,53.71117245,
21091,53.71117245,
21092,53.76632751,
21093,53.76632751,
21094,53.76632751,
21095,53.79543998,
21096,53.82820408,
21097,53.82820408,
21098,53.85741996,
21099,53.85741996,
21100,53.85741996,
21101,53.89187765,
21102,53.63744165,
21103,53.8113164,
21104,53.8113164,
21105,53.7643081,
21106,53.76632751,
21107,53.61017137,
21108,53.76632751,
21109,53.76632751,
21110,53.7491896,
21111,53.80158994,
21112,53.80158994,
21113,53.72339467,
21114,53.80158994,
21115,53.80158994,
21116,53.79480428,
21117,53.77288453,
21118,53.72337874,
21119,53.69450167,
21120,53.81491913,
21121,53.83041038,
21122,53.86301309,
21123,53.86301309,
21124,53.88713287,
21125,53.88713287,
21126,53.94795214,
21127,53.94795214,
21128,53.94795214,
21129,53.90146307,
21130,53.92108462,
21131,54.04701259,
21132,54.03221558,
21133,53.68102813,
21134,53.81908161,
21135,53.50640739,
21136,54.01908295,
21137,54.39242519,
21138,54.33521259,
21139,54.77714691,
21140,55.03896084,
21141,55.86627615,
21142,56.04613262,
21143,56.7908215,
21144,57.477098,
21145,58.1339991,
21146,58.77833626,
21147,59.39816568,
21148,59.35038783,
21149,59.75639806,
21150,60.26757921,
21151,60.73921223,
21152,61.30319628,
21153,62.44406,
21154,62.57083982,
21155,63.119162,
21156,63.84184572,
21157,64.5724953,
21158,65.3401113,
21159,65.57309189,
21160,65.34083875,
21161,65.22059679,
21162,65.26501469,
21163,65.71904164,
21164,66.29580513,
21165,66.49601165,
21166,67.21405885,
21167,67.57889372,
21168,68.05034015,
21169,68.51785126,
21170,68.93016702,
21171,69.73457407,
21172,70.31100779,
21173,70.70037894,
21174,70.70945655,
21175,71.43385398,
21176,71.95757279,
21177,72.17096965,
21178,72.27289418,
21179,72.16288506,
21180,71.72935081,
21181,71.1681694,
21182,70.51707636,
21183,70.4162163,
21184,70.27145173,
21185,69.64220329,
21186,68.67294263,
21187,68.36800153,
21188,67.92045008,
21189,67.26050375,
21190,66.63046209,
21191,65.8464119,
21192,65.3477369,
21193,64.9307897,
21194,64.27689993,
21195,63.61852447,
21196,62.96464949,
21197,62.63119634,
21198,62.3476469,
21199,61.5437564,
21200,60.63203292,
21201,59.83187152,
21202,59.46780804,
21203,58.85105802,
21204,57.65282446,
21205,56.45871936,
21206,55.81498556,
21207,55.37035835,
21208,54.2718373,
21209,53.4408965,
21210,52.92976305,
21211,52.53904121,
21212,52.02458718,
21213,51.23541273,
21214,50.13896392,
21215,49.50388921,
21216,48.72487761,
21217,47.56728819,
21218,47.15638446,
21219,46.65423514,
21220,46.70273401,
21221,46.12831776,
21222,45.59118307,
21223,44.87751873,
21224,44.66921706,
21225,44.24885178,
21226,43.92845879,
21227,43.80381494,
21228,43.73652414,
21229,43.20473973,
21230,42.80867212,
21231,42.90662632,
21232,42.56334581,
21233,42.16384235,
21234,41.86618922,
21235,41.63073526,
21236,41.50412545,
21237,40.66942016,
21238,39.79715558,
21239,39.28220424,
21240,38.5425086,
21241,37.9605047,
21242,36.92796283,
21243,35.65402352,
21244,35.59928215,
21245,35.24738675,
21246,34.0680842,
21247,33.26546655,
21248,32.62203409,
21249,31.92041605,
21250,31.42454399,
21251,30.04838554,
21252,28.39696419,
21253,27.96000411,
21254,27.29747986,
21255,25.6007199,
21256,24.20779276,
21257,23.08170145,
21258,22.89741269,
21259,21.68934259,
21260,20.22416371,
21261,18.76299046,
21262,18.13875773,
21263,17.37672384,
21264,15.64942121,
21265,15.20592486,
21266,14.26441551,
21267,14.19330821,
21268,12.59593724,
21269,10.71259615,
21270,10.38060566,
21271,9.371238026,
21272,8.089153165,
21273,6.951705017,
21274,6.453945279,
21275,5.986854643,
21276,6.162007063,
21277,6.548603782,
21278,7.215739783,
21279,7.430870695,
21280,8.313886532,
21281,9.801545532,
21282,10.87785648,
21283,11.82631163,
21284,12.72456312,
21285,14.23091605,
21286,16.28540861,
21287,17.880002,
21288,18.44197569,
21289,20.17412135,
21290,21.3286727,
21291,22.1637239,
21292,22.59614403,
21293,24.00540696,
21294,25.45333788,
21295,26.58949316,
21296,27.46246539,
21297,29.47332877,
21298,31.25765488,
21299,32.03603868,
21300,32.19212182,
21301,34.7084456,
21302,36.58342995,
21303,37.23129555,
21304,38.3477148,
21305,40.7016337,
21306,42.73170618,
21307,43.06915239,
21308,44.55670391,
21309,46.58793406,
21310,48.39811696,
21311,49.15466268,
21312,50.28162549,
21313,52.81900099,
21314,55.06306019,
21315,55.68309575,
21316,56.37853399,
21317,58.29612686,
21318,60.82992874,
21319,61.91578231,
21320,62.61265492,
21321,64.14926842,
21322,66.7533034,
21323,68.33490118,
21324,69.1403115,
21325,70.86445777,
21326,72.33764779,
21327,73.54204738,
21328,74.58688734,
21329,77.07335949,
21330,78.2250453,
21331,79.32012064,
21332,80.00566871,
21333,81.75265626,
21334,83.71785562,
21335,84.28559215,
21336,86.22278432,
21337,87.78451572,
21338,89.85798879,
21339,90.52511493,
21340,92.01126392,
21341,94.45581314,
21342,96.09825493,
21343,96.99494449,
21344,98.62492908,
21345,100.9268832,
21346,101.7563797,
21347,102.3449066,
21348,104.182788,
21349,105.6994967,
21350,106.836911,
21351,107.5761639,
21352,108.178639,
21353,109.2902108,
21354,110.3597847,
21355,110.5321357,
21356,111.1872666,
21357,112.7823268,
21358,113.989541,
21359,114.7041367,
21360,115.6779538,
21361,117.4446478,
21362,118.645116,
21363,119.2467982,
21364,120.4685079,
21365,122.1846124,
21366,123.2352837,
21367,124.4001148,
21368,125.4982291,
21369,127.6666054,
21370,129.6642126,
21371,130.214967,
21372,131.71882,
21373,133.216172,
21374,135.0601864,
21375,135.5194443,
21376,136.2362981,
21377,138.2779641,
21378,140.0529054,
21379,140.7293989,
21380,140.956548,
21381,141.7868832,
21382,143.0658955,
21383,144.8934533,
21384,145.155156,
21385,145.7649144,
21386,145.8357679,
21387,146.1705472,
21388,146.6976609,
21389,146.3691598,
21390,146.3869981,
21391,146.4385236,
21392,147.2653382,
21393,147.4875153,
21394,147.8333645,
21395,148.7514852,
21396,149.4138965,
21397,149.4062074,
21398,149.4817157,
21399,150.1807999,
21400,150.8454613,
21401,150.8424499,
21402,150.9670866,
21403,150.8587219,
21404,150.6797417,
21405,150.6659443,
21406,149.8944935,
21407,149.1677727,
21408,149.117797,
21409,149.4025935,
21410,149.0413374,
21411,148.5406467,
21412,148.1863926,
21413,148.4096325,
21414,148.5000095,
21415,148.5347258,
21416,148.5725468,
21417,148.5409621,
21418,148.1688941,
21419,147.754682,
21420,147.6232934,
21421,146.9495616,
21422,146.2734257,
21423,145.8014909,
21424,145.6000768,
21425,144.7167178,
21426,144.1480774,
21427,144.1472601,
21428,144.0628614,
21429,143.7908637,
21430,143.446895,
21431,143.4109208,
21432,143.546414,
21433,143.2039621,
21434,142.7918578,
21435,142.4063932,
21436,141.5794233,
21437,140.5768293,
21438,140.4001384,
21439,139.8475343,
21440,138.5591273,
21441,137.4129027,
21442,136.7535795,
21443,135.644704,
21444,134.1358315,
21445,133.4447415,
21446,133.0407637,
21447,132.1315725,
21448,130.4750751,
21449,129.7123407,
21450,129.2786252,
21451,127.6516068,
21452,125.7064395,
21453,125.3488261,
21454,124.8011042,
21455,123.8827631,
21456,122.3060587,
21457,121.634949,
21458,121.1304265,
21459,120.6350075,
21460,118.7323225,
21461,117.5620856,
21462,116.2207679,
21463,116.0741607,
21464,113.5702795,
21465,112.3051496,
21466,110.7022689,
21467,110.1865872,
21468,108.6971786,
21469,106.3914102,
21470,104.7248873,
21471,104.0135312,
21472,102.9523976,
21473,100.9170878,
21474,99.18792636,
21475,97.35062519,
21476,97.22537768,
21477,94.74712335,
21478,92.61623338,
21479,91.04687152,
21480,90.66845229,
21481,88.85013958,
21482,86.36394966,
21483,86.0823656,
21484,86.10812543,
21485,85.76873202,
21486,85.00139583,
21487,84.37372563,
21488,82.4487132,
21489,80.81271036,
21490,80.77461887,
21491,80.22344443,
21492,79.82403828,
21493,79.42009528,
21494,78.48551888,
21495,78.19071615,
21496,78.35172919,
21497,78.39972178,
21498,77.84112557,
21499,77.53745596,
21500,77.42714142,
21501,77.67870175,
21502,77.73843258,
21503,77.53878919,
21504,77.48511971,
21505,77.04201596,
21506,77.09561855,
21507,77.27023898,
21508,77.38228983,
21509,77.48892603,
21510,77.15181602,
21511,76.79689747,
21512,76.2986627,
21513,75.93361894,
21514,75.88331296,
21515,75.70426631,
21516,75.31000538,
21517,75.06009733,
21518,74.70488978,
21519,74.08524322,
21520,73.94439574,
21521,74.06805236,
21522,74.42067399,
21523,74.74424267,
21524,74.85084055,
21525,75.22572811,
21526,75.43618163,
21527,75.5413634,
21528,75.74218337,
21529,76.65526783,
21530,77.28270775,
21531,77.69204279,
21532,78.06553683,
21533,78.36304089,
21534,78.88796897,
21535,79.29510623,
21536,79.56752655,
21537,79.66540127,
21538,79.95593255,
21539,79.71564914,
21540,79.9936768,
21541,80.05621507,
21542,80.52137867,
21543,80.67815679,
21544,80.5912877,
21545,80.77919007,
21546,80.28025607,
21547,80.55063016,
21548,80.40339562,
21549,80.20968248,
21550,79.96266572,
21551,80.00276772,
21552,79.97747636,
21553,80.25305596,
21554,80.30966365,
21555,79.93811439,
21556,80.02174867,
21557,79.82296073,
21558,80.46373307,
21559,81.24295388,
21560,81.58970321,
21561,82.56961945,
21562,83.39619433,
21563,84.03293191,
21564,84.46443117,
21565,84.92685326,
21566,85.23372699,
21567,86.12566086,
21568,86.40114441,
21569,86.61021516,
21570,87.1054162,
21571,86.90090449,
21572,86.89385285,
21573,87.30759315,
21574,86.89230931,
21575,86.9289784,
21576,87.3395041,
21577,87.423847,
21578,87.16322213,
21579,87.52908508,
21580,87.82846399,
21581,87.73662395,
21582,87.90360593,
21583,87.95573253,
21584,88.15638661,
21585,88.45666338,
21586,88.39345163,
21587,88.58727733,
21588,88.61495317,
21589,88.61850154,
21590,88.43385403,
21591,88.5345283,
21592,88.56271188,
21593,88.59638036,
21594,88.70552954,
21595,88.65696622,
21596,88.94310242,
21597,88.936158,
21598,88.73001419,
21599,88.77896747,
21600,89.12137,
21601,88.95237413,
21602,88.97713317,
21603,89.01700013,
21604,89.1759519,
21605,89.27153979,
21606,89.18145887,
21607,89.12061142,
21608,89.26373443,
21609,89.20062706,
21610,89.21178351,
21611,89.11105724,
21612,89.17568079,
21613,89.27774792,
21614,89.27565316,
21615,89.2448166,
21616,89.0524127,
21617,89.05411615,
21618,89.08758412,
21619,89.00515098,
21620,89.39918014,
21621,89.63965238,
21622,89.454121,
21623,89.56836013,
21624,89.57648252,
21625,89.39466427,
21626,89.44434924,
21627,89.37865641,
21628,89.71268413,
21629,89.7559438,
21630,89.75354924,
21631,89.53967486,
21632,89.60063511,
21633,89.60063511,
21634,89.65563449,
21635,89.93126343,
21636,89.93126343,
21637,89.9227664,
21638,89.9227664,
21639,89.9288071,
21640,89.97126376,
21641,89.94773862,
21642,89.85941965,
21643,89.6479523,
21644,89.6479523,
21645,90.00931694,
21646,89.99073162,
21647,89.99667361,
21648,89.92811489,
21649,89.9778299,
21650,90.0204431,
21651,89.75210938,
21652,90.03603907,
21653,89.81298165,
21654,89.96341754,
21655,89.77737932,
21656,89.82825207,
21657,89.83755601,
21658,89.81067745,
21659,89.68825314,
21660,89.83869981,
21661,89.84847675,
21662,89.94204427,
21663,90.00693995,
21664,90.09731999,
21665,90.10550594,
21666,89.95406529,
21667,89.95421311,
21668,89.88986661,
21669,89.99455147,
21670,89.94957464,
21671,90.0006159,
21672,89.83792352,
21673,89.85111394,
21674,90.00991839,
21675,89.94334453,
21676,89.87144354,
21677,89.86469274,
21678,90.12581308,
21679,90.1061724,
21680,89.82550989,
21681,89.79831572,
21682,89.79831572,
21683,89.79831572,
21684,89.80291985,
21685,89.80291985,
21686,89.90578613,
21687,89.8447648,
21688,89.90573521,
21689,89.89980014,
21690,89.89059402,
21691,89.86570667,
21692,89.80421521,
21693,89.80421521,
21694,89.68471667,
21695,89.66736188,
21696,89.83855865,
21697,89.85501365,
21698,89.8976243,
21699,89.84524523,
21700,89.81702866,
21701,89.90556329,
21702,89.92180594,
21703,89.90694353,
21704,90.14796142,
21705,90.08973985,
21706,89.89889255,
21707,89.95068167,
21708,89.96091306,
21709,90.09170363,
21710,89.66984065,
21711,90.15360135,
21712,90.1405455,
21713,90.06219169,
21714,89.89824266,
21715,89.89824266,
21716,89.9383086,
21717,89.88866088,
21718,90.18868726,
21719,90.0747504,
21720,89.9430723,
21721,90.08276233,
21722,90.06563462,
21723,90.16159682,
21724,90.12722469,
21725,89.97271842,
21726,90.17274331,
21727,90.19651785,
21728,90.02840936,
21729,90.01947137,
21730,90.05274378,
21731,90.07862954,
21732,90.17708241,
21733,90.86000046,
21734,91.12261365,
21735,91.27744234,
21736,91.99881636,
21737,92.21425694,
21738,92.46256923,
21739,92.67960815,
21740,93.06747,
21741,93.86451443,
21742,93.81915367,
21743,94.42225832,
21744,94.59941216,
21745,94.93913822,
21746,95.40240653,
21747,96.10753824,
21748,96.47757267,
21749,96.96748241,
21750,96.97758962,
21751,97.72262009,
21752,97.65235201,
21753,97.74854843,
21754,97.89785545,
21755,98.77771705,
21756,98.87577323,
21757,99.92293027,
21758,100.3829056,
21759,100.7058369,
21760,101.4954812,
21761,102.7796717,
21762,103.7353389,
21763,104.5794976,
21764,104.8768853,
21765,103.7730226,
21766,104.1899221,
21767,103.5708974,
21768,103.6489325,
21769,102.8011553,
21770,102.9292758,
21771,103.2123718,
21772,103.2070814,
21773,103.2127642,
21774,102.0291384,
21775,102.3806594,
21776,102.089607,
21777,101.9563498,
21778,102.218038,
21779,102.8473088,
21780,101.378536,
21781,101.4819656,
21782,101.706804,
21783,101.2076928,
21784,101.5670791,
21785,101.5757933,
21786,101.5383578,
21787,101.3733776,
21788,101.3154446,
21789,101.1472509,
21790,101.5089871,
21791,101.2804499,
21792,101.4246964,
21793,101.494779,
21794,101.2482899,
21795,101.106299,
21796,100.8425758,
21797,100.5478163,
21798,100.3152993,
21799,99.85092371,
21800,99.35263133,
21801,98.99989115,
21802,98.54524921,
21803,98.23105337,
21804,97.91783455,
21805,97.56953185,
21806,97.41278672,
21807,97.24334423,
21808,97.1308918,
21809,96.7062722,
21810,96.12225499,
21811,95.63425598,
21812,95.15822774,
21813,94.76245854,
21814,94.20678704,
21815,93.82413818,
21816,93.88205346,
21817,93.73536088,
21818,93.73246914,
21819,93.1246626,
21820,93.19177566,
21821,92.85361587,
21822,92.65695086,
21823,91.92613924,
21824,91.49683942,
21825,91.20246118,
21826,90.79370375,
21827,90.6626273,
21828,90.07279653,
21829,89.62862566,
21830,89.33044098,
21831,88.81178998,
21832,88.70669149,
21833,88.6490084,
21834,88.73235644,
21835,88.64944614,
21836,88.65472591,
21837,88.54951922,
21838,88.3421951,
21839,88.38083891,
21840,88.16647614,
21841,88.09392218,
21842,87.56336142,
21843,87.45906542,
21844,87.30708304,
21845,87.02423372,
21846,86.21453111,
21847,85.87556287,
21848,85.44309865,
21849,85.09375575,
21850,84.7288043,
21851,84.252475,
21852,83.59717968,
21853,83.17580701,
21854,83.02260055,
21855,82.45662902,
21856,81.60467105,
21857,80.70985638,
21858,80.476803,
21859,79.66165636,
21860,79.69483781,
21861,79.78939105,
21862,79.186187,
21863,78.54551085,
21864,78.89570758,
21865,78.60801855,
21866,77.3989266,
21867,77.93119113,
21868,77.20817214,
21869,77.10516084,
21870,76.01643223,
21871,75.67813278,
21872,75.220209,
21873,74.56348074,
21874,74.0226481,
21875,72.91922541,
21876,72.70837867,
21877,72.10137293,
21878,71.44133945,
21879,71.60800404,
21880,70.5237794,
21881,69.64531094,
21882,70.9089136,
21883,69.94724537,
21884,69.99090489,
21885,70.8526772,
21886,70.52482402,
21887,70.23830028,
21888,70.80348775,
21889,70.94415532,
21890,71.16169786,
21891,71.56781959,
21892,71.99127408,
21893,72.55592753,
21894,72.32291547,
21895,72.75610894,
21896,72.85003871,
21897,73.31467638,
21898,73.6395277,
21899,73.86911954,
21900,73.7379589,
21901,73.89623299,
21902,74.39097346,
21903,74.47198749,
21904,74.7534026,
21905,75.36887886,
21906,75.76041043,
21907,76.19808902,
21908,76.36664905,
21909,76.99104183,
21910,77.36857043,
21911,77.48979677,
21912,77.87531867,
21913,78.29397338,
21914,78.53962592,
21915,78.72559973,
21916,78.87961706,
21917,79.05801056,
21918,79.3829033,
21919,79.28407309,
21920,79.40798001,
21921,79.50965315,
21922,79.29142077,
21923,79.27992406,
21924,79.34658697,
21925,79.48302265,
21926,79.35332057,
21927,79.32874437,
21928,79.405693,
21929,79.4581495,
21930,79.45787564,
21931,79.44436519,
21932,79.43572263,
21933,79.4719682,
21934,79.47054568,
21935,79.51476601,
21936,79.47575678,
21937,79.52788032,
21938,79.73616895,
21939,79.7544095,
21940,79.78301398,
21941,79.8366726,
21942,79.73670424,
21943,79.67547255,
21944,79.64462595,
21945,79.63763167,
21946,79.6164409,
21947,79.64851468,
21948,79.69988622,
21949,79.69993796,
21950,79.7951495,
21951,79.81059427,
21952,79.82747458,
21953,79.77099366,
21954,79.78399789,
21955,79.78229067,
21956,79.72402625,
21957,79.71784594,
21958,79.81811269,
21959,79.81799742,
21960,79.84878475,
21961,79.88101574,
21962,79.90374707,
21963,79.83077084,
21964,79.82828768,
21965,79.8018286,
21966,79.9005702,
21967,79.89281547,
21968,79.87169697,
21969,79.93618382,
21970,79.93618382,
21971,79.93531079,
21972,79.91704649,
21973,79.95219268,
21974,79.88718531,
21975,80.0118514,
21976,79.94659667,
21977,79.96048426,
21978,79.99042651,
21979,79.97777679,
21980,80.01523153,
21981,79.8500764,
21982,79.96635875,
21983,79.99681838,
21984,80.01562323,
21985,79.99032748,
21986,80.05025457,
21987,79.81721004,
21988,79.74485279,
21989,79.70328234,
21990,79.66201196,
21991,79.69805088,
21992,79.71692794,
21993,79.85607761,
21994,79.86344115,
21995,79.81362847,
21996,79.81745949,
21997,79.66018402,
21998,79.7610733,
21999,79.83697681,
22000,79.81745949,
22001,79.81745949,
22002,79.81745949,
22003,79.81745949,
22004,79.81745949,
22005,79.81902697,
22006,79.72322613,
22007,79.74668383,
22008,79.75202817,
22009,79.69130158,
22010,79.64420658,
22011,79.73214709,
22012,79.73214709,
22013,79.73213731,
22014,79.79160247,
22015,79.8314212,
22016,79.83521872,
22017,79.78425895,
22018,79.79687209,
22019,79.87240012,
22020,79.73221702,
22021,79.77266405,
22022,79.73876841,
22023,79.76914518,
22024,79.7754603,
22025,79.79871453,
22026,79.79871453,
22027,79.79871453,
22028,79.80228544,
22029,79.77626714,
22030,79.72975406,
22031,79.84586825,
22032,79.88244313,
22033,79.66715198,
22034,79.80375763,
22035,79.77989683,
22036,79.76843409,
22037,79.66828776,
22038,79.8153063,
22039,79.81810367,
22040,79.77812298,
22041,79.74447758,
22042,79.78175484,
22043,79.74183521,
22044,79.79976135,
22045,79.83359921,
22046,79.87339398,
22047,79.76226952,
22048,79.7944479,
22049,79.73478332,
22050,79.73478332,
22051,79.73478332,
22052,79.62493917,
22053,79.58372873,
22054,79.60010205,
22055,79.66463825,
22056,79.75643158,
22057,79.53517645,
22058,79.64216825,
22059,79.61777228,
22060,79.65450747,
22061,79.52158484,
22062,79.62402801,
22063,79.65211012,
22064,79.64432197,
22065,79.64432197,
22066,79.62472442,
22067,79.57618974,
22068,79.58488539,
22069,79.64873101,
22070,79.77333419,
22071,79.77853867,
22072,79.67714035,
22073,79.72202638,
22074,79.57359235,
22075,79.7317622,
22076,79.57873589,
22077,79.57873589,
22078,79.57873589,
22079,79.70335506,
22080,79.46974137,
22081,79.58319838,
22082,79.5231964,
22083,79.59554384,
22084,79.51371332,
22085,79.55641429,
22086,79.5926759,
22087,79.59389704,
22088,79.60519277,
22089,79.61019334,
22090,79.6332939,
22091,79.62277431,
22092,79.65206522,
22093,79.59983899,
22094,79.58097035,
22095,79.57522724,
22096,79.60622936,
22097,79.62484414,
22098,79.62277518,
22099,79.62277518,
22100,79.60776049,
22101,79.62316412,
22102,79.63765402,
22103,79.61701791,
22104,79.59951824,
22105,79.65305407,
22106,79.56090662,
22107,79.60044477,
22108,79.60044477,
22109,79.60044477,
22110,79.6374086,
22111,79.60044477,
22112,79.6374086,
22113,79.60044477,
22114,79.59494166,
22115,79.56894993,
22116,79.62622679,
22117,79.62622679,
22118,79.6258532,
22119,79.66801413,
22120,79.61117708,
22121,79.72787375,
22122,79.67602807,
22123,79.69173701,
22124,79.5794215,
22125,79.48282292,
22126,79.53432958,
22127,79.54246744,
22128,79.72475529,
22129,79.64167665,
22130,79.64167665,
22131,79.76442051,
22132,79.76442051,
22133,79.73606865,
22134,79.73606865,
22135,79.73606865,
22136,79.75888585,
22137,79.75888585,
22138,79.75888585,
22139,79.76240624,
22140,79.54196703,
22141,79.5054482,
22142,79.59383815,
22143,79.69648647,
22144,79.70738084,
22145,79.67212423,
22146,79.89886455,
22147,80.0401945,
22148,80.20466367,
22149,80.33181045,
22150,80.65111172,
22151,80.8249087,
22152,81.07438315,
22153,81.5198052,
22154,81.67723986,
22155,81.68607116,
22156,81.89796774,
22157,82.3526207,
22158,83.05216433,
22159,83.63883922,
22160,84.07404978,
22161,84.37344053,
22162,84.97476917,
22163,85.27555749,
22164,85.9694685,
22165,86.04149425,
22166,87.02158818,
22167,87.30772697,
22168,87.68775269,
22169,88.31754286,
22170,88.94152393,
22171,89.50174497,
22172,90.08037227,
22173,90.40753938,
22174,91.26912948,
22175,91.70674193,
22176,92.05528045,
22177,92.7126598,
22178,93.35542,
22179,93.70431226,
22180,94.0416694,
22181,95.10965511,
22182,95.57316176,
22183,96.4193887,
22184,97.64681438,
22185,98.6083801,
22186,99.24652448,
22187,99.86982949,
22188,100.2292279,
22189,101.5869506,
22190,102.8090431,
22191,104.1947436,
22192,105.4256744,
22193,106.6908365,
22194,108.011358,
22195,109.7243056,
22196,110.5704932,
22197,111.3994271,
22198,111.8458229,
22199,113.6126322,
22200,115.0178537,
22201,115.6047775,
22202,116.83882,
22203,118.8256246,
22204,120.8664645,
22205,121.7956635,
22206,122.5397918,
22207,123.7066586,
22208,124.2780531,
22209,125.9137515,
22210,126.5534724,
22211,127.7689457,
22212,128.0384864,
22213,127.9230366,
22214,128.134225,
22215,128.5976543,
22216,128.5768831,
22217,128.4958371,
22218,128.5459835,
22219,128.1436151,
22220,128.1590647,
22221,128.2295233,
22222,128.2334103,
22223,128.1415844,
22224,127.8907344,
22225,127.9355474,
22226,127.7879805,
22227,127.2704863,
22228,127.0053194,
22229,126.4744675,
22230,126.0766364,
22231,125.5298855,
22232,125.531849,
22233,125.3149546,
22234,124.796097,
22235,124.5632822,
22236,124.5053417,
22237,124.1782034,
22238,123.817775,
22239,123.1668921,
22240,122.6157638,
22241,122.3222996,
22242,121.8637464,
22243,121.2278842,
22244,121.3188571,
22245,121.0086653,
22246,121.0181878,
22247,120.711242,
22248,120.2147612,
22249,119.9170855,
22250,119.699586,
22251,119.7054186,
22252,119.2202507,
22253,118.691905,
22254,118.5452312,
22255,118.1445974,
22256,117.8602751,
22257,117.3659233,
22258,116.9077962,
22259,116.5151876,
22260,115.4921733,
22261,114.7405058,
22262,114.2158647,
22263,113.7784331,
22264,113.8783349,
22265,113.4926069,
22266,112.4388084,
22267,111.5068993,
22268,110.2390856,
22269,109.9237003,
22270,109.1712996,
22271,107.7438561,
22272,106.6039901,
22273,105.9752916,
22274,105.2158888,
22275,104.3780815,
22276,102.704305,
22277,101.5840037,
22278,100.8526548,
22279,100.434937,
22280,99.83346162,
22281,98.26036628,
22282,96.71067639,
22283,95.53452825,
22284,95.51747161,
22285,94.63121936,
22286,92.49536154,
22287,91.03830271,
22288,89.95119617,
22289,89.11410599,
22290,87.95122608,
22291,86.29111103,
22292,85.45322588,
22293,84.99465873,
22294,83.96417438,
22295,83.04642888,
22296,81.68279997,
22297,81.08686636,
22298,80.43677985,
22299,79.99083292,
22300,79.28316614,
22301,77.64557339,
22302,76.47872011,
22303,76.40037481,
22304,75.27107943,
22305,74.18508645,
22306,72.69996764,
22307,71.87234,
22308,71.22476269,
22309,70.41017689,
22310,69.50158426,
22311,68.95920084,
22312,68.63451575,
22313,68.72314243,
22314,66.34748113,
22315,66.16665286,
22316,65.83553905,
22317,66.20379891,
22318,66.53982572,
22319,65.11732996,
22320,65.38330211,
22321,64.73916723,
22322,63.90255935,
22323,63.18685836,
22324,62.62630316,
22325,62.42499656,
22326,62.32273285,
22327,62.65739893,
22328,63.36375387,
22329,63.14045533,
22330,63.6156551,
22331,63.90665474,
22332,64.0255324,
22333,64.31788891,
22334,64.48830984,
22335,64.68437574,
22336,64.71051129,
22337,64.75839642,
22338,64.76683874,
22339,65.26917691,
22340,65.6758623,
22341,65.56388663,
22342,65.78465517,
22343,66.01992281,
22344,66.24022706,
22345,66.43375157,
22346,66.48871074,
22347,66.65152238,
22348,66.83983004,
22349,67.16305558,
22350,67.71420621,
22351,68.01216105,
22352,68.18818333,
22353,68.31227011,
22354,68.42760615,
22355,68.71319549,
22356,68.90664509,
22357,68.92035459,
22358,69.08405901,
22359,69.32739163,
22360,69.94918366,
22361,70.26198396,
22362,70.42886663,
22363,70.7515112,
22364,71.63001445,
22365,72.51126812,
22366,73.29051694,
22367,73.64378673,
22368,74.70975118,
22369,75.98557542,
22370,77.14450431,
22371,77.9212423,
22372,79.22270508,
22373,80.45575051,
22374,81.21998148,
22375,81.50068282,
22376,81.91262743,
22377,82.18066794,
22378,83.68722225,
22379,85.36347096,
22380,87.06731321,
22381,88.29893086,
22382,89.16115104,
22383,90.580917,
22384,92.90365834,
22385,94.1350194,
22386,95.03852498,
22387,96.65633464,
22388,99.36600359,
22389,100.426512,
22390,101.5810573,
22391,103.9524144,
22392,106.2963095,
22393,107.5105644,
22394,107.9328688,
22395,110.1298413,
22396,112.4063924,
22397,113.4837806,
22398,114.0040769,
22399,116.7981766,
22400,119.9659969,
22401,121.0101268,
22402,121.7127759,
22403,124.6417758,
22404,126.9410892,
22405,128.3041285,
22406,129.1182578,
22407,129.9488979,
22408,131.3546846,
22409,132.5309119,
22410,132.7079477,
22411,133.0184525,
22412,133.558972,
22413,133.9483851,
22414,133.9847567,
22415,134.1486929,
22416,133.5948448,
22417,133.7793806,
22418,133.7151526,
22419,133.6835977,
22420,133.4449668,
22421,133.1617141,
22422,133.1838823,
22423,132.5780293,
22424,132.4720277,
22425,132.3752325,
22426,131.8378716,
22427,131.7301674,
22428,131.9591234,
22429,132.306569,
22430,132.382883,
22431,131.6229271,
22432,131.8747369,
22433,131.7506347,
22434,131.475027,
22435,131.0777615,
22436,130.558422,
22437,130.6785261,
22438,130.7460043,
22439,130.7210877,
22440,130.5185469,
22441,130.1916599,
22442,129.6092555,
22443,129.1139294,
22444,128.9949955,
22445,129.3410988,
22446,128.9541132,
22447,128.4875353,
22448,128.3329088,
22449,128.0213762,
22450,127.2055847,
22451,127.5033541,
22452,127.4861446,
22453,127.4626855,
22454,126.9532092,
22455,126.3994399,
22456,126.6109288,
22457,126.4843531,
22458,126.5007716,
22459,126.4907166,
22460,126.5407515,
22461,126.5923313,
22462,126.6833988,
22463,126.6986623,
22464,126.873648,
22465,126.5619052,
22466,126.2208743,
22467,126.3850545,
22468,126.329625,
22469,126.4044626,
22470,126.2132142,
22471,126.0160596,
22472,125.5817245,
22473,125.76228,
22474,125.0861353,
22475,124.3804116,
22476,123.6290597,
22477,123.4871059,
22478,122.926268,
22479,121.9984744,
22480,121.005543,
22481,120.379814,
22482,119.6127964,
22483,118.6923762,
22484,117.4818884,
22485,116.7754864,
22486,116.1416288,
22487,114.3669614,
22488,113.6491923,
22489,112.6554182,
22490,112.119352,
22491,110.6751762,
22492,109.2937454,
22493,108.6187184,
22494,108.1243638,
22495,107.0808463,
22496,106.2499396,
22497,105.9758283,
22498,105.7050619,
22499,104.9092925,
22500,103.9349382,
22501,103.1987361,
22502,102.6867738,
22503,101.6263176,
22504,101.7284595,
22505,101.8709403,
22506,101.479454,
22507,100.1401221,
22508,97.96879838,
22509,97.47888388,
22510,98.05872429,
22511,97.21375382,
22512,97.68285848,
22513,96.26661914,
22514,95.3894534,
22515,96.22032307,
22516,94.80028301,
22517,95.03538621,
22518,94.49546304,
22519,93.4712912,
22520,92.68097216,
22521,92.70175913,
22522,92.81239957,
22523,92.85998091,
22524,92.65332997,
22525,92.59389208,
22526,92.55528905,
22527,92.70117638,
22528,92.61528445,
22529,92.28674786,
22530,91.27248258,
22531,90.27491993,
22532,89.40531123,
22533,89.46284567,
22534,89.19263078,
22535,89.21844177,
22536,89.67314277,
22537,89.8906639,
22538,88.66458777,
22539,88.60563256,
22540,87.59854935,
22541,87.56604528,
22542,87.96481533,
22543,88.12712626,
22544,88.40235745,
22545,89.06872822,
22546,88.46570681,
22547,88.81874751,
22548,88.859548,
22549,88.49489868,
22550,88.30782216,
22551,88.24633402,
22552,88.05305103,
22553,87.3784449,
22554,87.19794463,
22555,87.06159157,
22556,85.97376545,
22557,85.38637994,
22558,84.6973696,
22559,84.44486136,
22560,83.75447517,
22561,83.50718237,
22562,83.57880925,
22563,83.30851831,
22564,83.01331832,
22565,83.02059329,
22566,82.76060614,
22567,82.63163122,
22568,82.6211444,
22569,82.8075728,
22570,83.01015696,
22571,83.0109531,
22572,83.13958633,
22573,83.29491542,
22574,83.44872728,
22575,83.54287579,
22576,83.7717062,
22577,84.29388857,
22578,84.64006937,
22579,84.93409067,
22580,85.94360435,
22581,86.64191469,
22582,87.29039535,
22583,87.71291602,
22584,88.30824703,
22585,89.07122264,
22586,90.18869863,
22587,90.81084887,
22588,91.294769,
22589,92.12776019,
22590,93.30950505,
22591,94.03985526,
22592,95.08156524,
22593,95.78319308,
22594,96.3130585,
22595,97.44884974,
22596,98.70807742,
22597,99.15253913,
22598,99.65088679,
22599,99.64942072,
22600,100.3425735,
22601,100.9117214,
22602,101.4427421,
22603,102.5400337,
22604,102.524518,
22605,102.3871638,
22606,101.814522,
22607,102.2583841,
22608,103.1596607,
22609,102.3535517,
22610,102.4519813,
22611,102.327669,
22612,102.4203799,
22613,102.7762148,
22614,102.8678853,
22615,103.4400542,
22616,104.2201055,
22617,104.2728227,
22618,103.6603765,
22619,103.9116962,
22620,102.2514998,
22621,103.5932376,
22622,102.3061465,
22623,101.7074672,
22624,101.5523219,
22625,101.1490296,
22626,100.5883649,
22627,101.6767156,
22628,102.0422564,
22629,102.0014805,
22630,101.7103876,
22631,102.7709856,
22632,103.2277687,
22633,103.0523823,
22634,103.6404808,
22635,103.4505323,
22636,103.7150952,
22637,104.2362283,
22638,105.020935,
22639,105.4972231,
22640,105.271822,
22641,106.0734467,
22642,105.3981122,
22643,105.6576875,
22644,106.5146129,
22645,106.0353437,
22646,106.6534854,
22647,106.6798714,
22648,106.8684804,
22649,106.7254041,
22650,107.1112995,
22651,106.6549545,
22652,106.6786784,
22653,106.2773907,
22654,105.9786311,
22655,105.8020563,
22656,105.7099135,
22657,105.4761571,
22658,105.1383844,
22659,104.8600802,
22660,105.0395839,
22661,104.8406615,
22662,104.6248791,
22663,104.7054802,
22664,104.8373519,
22665,105.0133762,
22666,104.5659283,
22667,104.5388919,
22668,104.5125559,
22669,104.5368931,
22670,104.452151,
22671,104.2997229,
22672,103.6700905,
22673,103.0187697,
22674,102.6631461,
22675,102.3846955,
22676,101.9445953,
22677,101.544827,
22678,101.4239106,
22679,101.5979516,
22680,101.7774964,
22681,102.1313735,
22682,102.1920981,
22683,102.5486211,
22684,102.8153621,
22685,102.8205418,
22686,102.9004303,
22687,103.1770534,
22688,102.8789029,
22689,102.7423334,
22690,102.4599926,
22691,102.3788484,
22692,102.1493251,
22693,101.9512078,
22694,102.015511,
22695,101.9128586,
22696,102.2355416,
22697,102.5075055,
22698,102.336793,
22699,102.340672,
22700,102.8551434,
22701,103.4128676,
22702,104.0369466,
22703,104.4493119,
22704,104.7314753,
22705,105.1176738,
22706,105.6705655,
22707,105.3323217,
22708,105.4313703,
22709,105.5982077,
22710,105.1498021,
22711,104.8528852,
22712,105.0341386,
22713,104.9404106,
22714,104.5985287,
22715,103.9584419,
22716,103.1996925,
22717,103.0726639,
22718,102.8703432,
22719,102.6846046,
22720,102.4253289,
22721,101.8022423,
22722,101.2636822,
22723,101.0258765,
22724,100.7167642,
22725,100.3975403,
22726,100.4710955,
22727,99.54499976,
22728,99.22931102,
22729,99.42902358,
22730,99.62674717,
22731,99.23643381,
22732,97.91584222,
22733,98.14668104,
22734,97.46857987,
22735,97.41527083,
22736,97.30666729,
22737,97.03976011,
22738,96.0454499,
22739,95.64148042,
22740,95.17247931,
22741,95.52921331,
22742,93.74509095,
22743,91.10535323,
22744,89.69466004,
22745,88.06498142,
22746,88.32948265,
22747,88.42372373,
22748,87.64089442,
22749,87.56817581,
22750,85.77530003,
22751,84.69598046,
22752,83.68605927,
22753,80.79314765,
22754,80.04164977,
22755,79.12847697,
22756,77.74081711,
22757,76.78301542,
22758,75.79275147,
22759,75.44529101,
22760,76.22768356,
22761,75.09363243,
22762,75.34007103,
22763,75.13857919,
22764,75.53722099,
22765,75.50982138,
22766,75.71828183,
22767,76.27705549,
22768,76.0429947,
22769,75.76705646,
22770,76.11638188,
22771,75.96441093,
22772,75.8869386,
22773,75.95510349,
22774,76.9520465,
22775,77.29633568,
22776,77.54401976,
22777,78.24089537,
22778,78.55514128,
22779,79.17899217,
22780,79.62513949,
22781,79.97606494,
22782,80.06637458,
22783,80.53733446,
22784,81.24483215,
22785,81.65284021,
22786,81.53390188,
22787,82.3876819,
22788,83.16640311,
22789,83.23766149,
22790,84.17346862,
22791,84.93740718,
22792,85.54201521,
22793,85.96152183,
22794,86.26280738,
22795,86.82201899,
22796,87.31846656,
22797,87.44847933,
22798,88.13970077,
22799,88.04099415,
22800,88.09444276,
22801,88.00803729,
22802,88.50274418,
22803,88.76110283,
22804,88.76975924,
22805,88.83824629,
22806,88.93735906,
22807,88.8901652,
22808,88.92380974,
22809,89.05819535,
22810,89.15947086,
22811,89.19913,
22812,89.22346135,
22813,89.16854085,
22814,89.2101595,
22815,89.12925672,
22816,89.21723849,
22817,89.12547108,
22818,89.16049299,
22819,89.25335598,
22820,89.13366727,
22821,89.08869231,
22822,89.10161421,
22823,89.16571291,
22824,89.15329166,
22825,89.19447174,
22826,89.16879142,
22827,89.06277464,
22828,88.98711778,
22829,89.11888085,
22830,89.18043711,
22831,89.1698067,
22832,89.1698067,
22833,89.10067411,
22834,89.04031572,
22835,89.09127073,
22836,89.1216407,
22837,89.16858321,
22838,89.15222535,
22839,89.13351671,
22840,89.16974131,
22841,89.14597135,
22842,89.14969206,
22843,89.22191429,
22844,89.22737317,
22845,89.35983549,
22846,89.32120121,
22847,89.26640819,
22848,89.22273314,
22849,89.22273314,
22850,89.29746148,
22851,89.28329169,
22852,89.27461794,
22853,89.19357388,
22854,89.25325344,
22855,89.10131196,
22856,89.11119987,
22857,89.38819406,
22858,89.33517197,
22859,89.36744695,
22860,89.26899418,
22861,89.32858662,
22862,89.20783758,
22863,89.31440208,
22864,89.19645126,
22865,89.30634263,
22866,89.29223934,
22867,89.39331327,
22868,89.3983495,
22869,89.29198543,
22870,89.33241672,
22871,89.32767908,
22872,89.35073089,
22873,89.38143008,
22874,89.45515236,
22875,89.40431228,
22876,89.41855491,
22877,89.44717945,
22878,89.37895701,
22879,89.3786197,
22880,89.35783534,
22881,89.38846886,
22882,89.3837219,
22883,89.3837219,
22884,89.48307891,
22885,89.37168512,
22886,89.45798551,
22887,89.55852021,
22888,89.47611201,
22889,89.34406858,
22890,89.35163607,
22891,89.42390242,
22892,89.4884138,
22893,89.53349125,
22894,89.53349125,
22895,89.59803359,
22896,89.59803359,
22897,89.5220746,
22898,89.42147197,
22899,89.4009145,
22900,89.46649248,
22901,89.48939871,
22902,89.41121944,
22903,89.41121944,
22904,89.41121944,
22905,89.41121944,
22906,89.45573241,
22907,89.4127707,
22908,89.45449929,
22909,89.46225999,
22910,89.36293873,
22911,89.47032311,
22912,89.45534828,
22913,89.4491333,
22914,89.46118069,
22915,89.40241171,
22916,89.3902093,
22917,89.35068764,
22918,89.49307724,
22919,89.56699312,
22920,89.46221485,
22921,89.51480618,
22922,89.38597372,
22923,89.4525117,
22924,89.4102577,
22925,89.4916745,
22926,89.55856483,
22927,89.52565278,
22928,89.41075101,
22929,89.55163551,
22930,89.55378497,
22931,89.631718,
22932,89.61601688,
22933,89.54185823,
22934,89.53735541,
22935,89.62101226,
22936,89.76929179,
22937,89.74861801,
22938,89.49457048,
22939,89.67243817,
22940,89.65150624,
22941,90.3907221,
22942,90.49171266,
22943,90.69554605,
22944,91.12467346,
22945,91.40549171,
22946,92.11551337,
22947,92.71084461,
22948,93.08228369,
22949,93.54252219,
22950,94.44221916,
22951,94.57661094,
22952,94.35201738,
22953,94.93835063,
22954,95.57279918,
22955,95.48324559,
22956,96.58327331,
22957,96.33481862,
22958,96.54560503,
22959,96.97308363,
22960,97.5001532,
22961,98.2205239,
22962,98.82562052,
22963,98.6818732,
22964,98.43195412,
22965,99.38270039,
22966,99.81194626,
22967,99.37662568,
22968,99.04425413,
22969,99.79447882,
22970,100.16118,
22971,99.47138116,
22972,99.08795678,
22973,99.11007699,
22974,98.27267134,
22975,98.42210149,
22976,98.88519442,
22977,98.12702597,
22978,98.31491948,
22979,98.33745127,
22980,97.91339437,
22981,98.18461969,
22982,97.91641895,
22983,97.96089818,
22984,98.35836064,
22985,98.3197087,
22986,98.27124731,
22987,98.73390953,
22988,98.59283245,
22989,98.68787252,
22990,98.49831922,
22991,98.76919308,
22992,98.70264359,
22993,98.32944836,
22994,98.07944578,
22995,97.96109288,
22996,97.91051433,
22997,97.70915597,
22998,97.69312762,
22999,97.49293113,
23000,97.44924385,
23001,97.5048961,
23002,97.1674765,
23003,97.60738786,
23004,97.48025288,
23005,97.30889221,
23006,97.18433135,
23007,97.04946984,
23008,97.04420019,
23009,97.12592545,
23010,97.2334215,
23011,97.19365868,
23012,97.44542676,
23013,97.31607753,
23014,97.02088149,
23015,96.79995714,
23016,96.49147397,
23017,95.78808433,
23018,95.68114388,
23019,95.87118539,
23020,95.03013116,
23021,94.3643348,
23022,93.73056364,
23023,93.27558967,
23024,92.3932673,
23025,91.95742442,
23026,91.30531347,
23027,90.63054207,
23028,90.2527006,
23029,89.68269773,
23030,88.64592673,
23031,87.66257259,
23032,87.48579319,
23033,87.38247423,
23034,86.50794046,
23035,86.06908019,
23036,85.26699895,
23037,84.77482975,
23038,85.39722231,
23039,85.28935434,
23040,85.28262824,
23041,84.77977416,
23042,84.73729735,
23043,83.70652911,
23044,82.95430888,
23045,83.33047317,
23046,84.62557492,
23047,83.56113835,
23048,84.15072562,
23049,84.01148784,
23050,84.37851101,
23051,83.98002161,
23052,83.20613534,
23053,82.98440669,
23054,83.60753512,
23055,83.91110531,
23056,83.9425536,
23057,82.80153154,
23058,82.57683322,
23059,81.51303236,
23060,81.11192834,
23061,81.9174005,
23062,82.49724064,
23063,82.58325548,
23064,82.47895619,
23065,81.57274996,
23066,81.00402934,
23067,81.3306357,
23068,81.52143146,
23069,82.17596891,
23070,81.80091531,
23071,81.67692623,
23072,82.27997102,
23073,82.42051522,
23074,82.30969166,
23075,82.5247591,
23076,82.40900185,
23077,82.64160203,
23078,83.02193008,
23079,83.94332149,
23080,84.09688155,
23081,84.12721395,
23082,84.53602037,
23083,84.7930459,
23084,84.8703204,
23085,85.02524591,
23086,84.88507634,
23087,85.04425933,
23088,85.35023488,
23089,85.12216565,
23090,85.43430504,
23091,85.46172103,
23092,85.39704246,
23093,85.45782473,
23094,85.50794638,
23095,85.49723143,
23096,85.97289225,
23097,86.39476567,
23098,86.51723182,
23099,86.86305076,
23100,86.9501682,
23101,86.91970309,
23102,87.24475002,
23103,87.32416632,
23104,87.43634667,
23105,87.6858829,
23106,87.92937557,
23107,88.56634079,
23108,89.153646,
23109,89.80346619,
23110,90.69215307,
23111,91.22086639,
23112,91.47903141,
23113,91.95231512,
23114,92.84006734,
23115,93.34642433,
23116,93.67713034,
23117,94.96333993,
23118,95.20238669,
23119,95.36736697,
23120,96.13236163,
23121,96.6407893,
23122,97.25865551,
23123,97.26253979,
23124,97.97878035,
23125,98.01072301,
23126,99.4913018,
23127,99.93049846,
23128,100.4986574,
23129,100.9208924,
23130,100.8979081,
23131,101.8115122,
23132,102.0596316,
23133,101.7868633,
23134,102.4368119,
23135,102.9179581,
23136,102.7863719,
23137,103.2003922,
23138,103.3352902,
23139,103.2263405,
23140,103.2410745,
23141,103.7688273,
23142,103.6389887,
23143,103.7280408,
23144,103.6753664,
23145,103.6890298,
23146,103.8369269,
23147,103.9901879,
23148,104.3292679,
23149,103.6900407,
23150,103.574121,
23151,103.0259425,
23152,102.8032168,
23153,103.410846,
23154,103.4284917,
23155,103.3582125,
23156,103.2191872,
23157,103.8300709,
23158,102.5492291,
23159,103.272262,
23160,103.2874358,
23161,103.1711308,
23162,103.5545776,
23163,103.2955221,
23164,103.4585189,
23165,103.3119292,
23166,103.8782943,
23167,103.2656511,
23168,103.3995166,
23169,102.9666672,
23170,103.9932852,
23171,104.5462581,
23172,103.8628608,
23173,103.0843405,
23174,102.88898,
23175,102.4168023,
23176,102.6558758,
23177,102.1254354,
23178,101.5698088,
23179,101.5405861,
23180,101.4357507,
23181,101.6204275,
23182,101.6090487,
23183,101.1582803,
23184,101.3807697,
23185,101.7492463,
23186,101.8342387,
23187,101.8809771,
23188,101.3238671,
23189,101.0322695,
23190,101.1565709,
23191,100.8575782,
23192,100.8405322,
23193,100.7577105,
23194,100.7358889,
23195,100.6586807,
23196,100.8064755,
23197,100.9057361,
23198,100.9822547,
23199,100.6958912,
23200,100.7339728,
23201,100.7661275,
23202,100.7413975,
23203,100.7201952,
23204,101.034442,
23205,100.9518242,
23206,100.7208564,
23207,100.8126686,
23208,100.7527762,
23209,100.6427806,
23210,100.2876683,
23211,100.1305554,
23212,99.70256044,
23213,98.91020362,
23214,98.33499013,
23215,97.84570589,
23216,97.18634155,
23217,96.91367622,
23218,96.35761458,
23219,96.1330962,
23220,96.47369098,
23221,95.39298618,
23222,95.20924649,
23223,95.12998829,
23224,94.57722656,
23225,94.81910865,
23226,94.4677491,
23227,93.48304375,
23228,93.24495009,
23229,93.01979253,
23230,92.22436441,
23231,91.84924395,
23232,91.39474553,
23233,90.27984947,
23234,89.7609781,
23235,88.9945416,
23236,88.27137166,
23237,86.53696,
23238,85.56082236,
23239,85.28183052,
23240,85.17766277,
23241,85.15242936,
23242,84.66192985,
23243,84.48725066,
23244,82.31235139,
23245,81.93436854,
23246,81.24115761,
23247,80.36990964,
23248,79.48705468,
23249,77.00068758,
23250,76.09852383,
23251,75.97172914,
23252,75.97081193,
23253,76.70742269,
23254,75.93923954,
23255,74.36123979,
23256,74.53184063,
23257,74.37365951,
23258,74.82191183,
23259,74.59793444,
23260,74.70786547,
23261,75.04983344,
23262,75.10574408,
23263,75.25708025,
23264,75.46081465,
23265,75.866918,
23266,76.0967609,
23267,76.08876368,
23268,76.12464908,
23269,76.2321853,
23270,76.2590443,
23271,76.03459542,
23272,75.8342847,
23273,75.89045422,
23274,75.6574971,
23275,75.76043369,
23276,75.67088435,
23277,75.36235215,
23278,75.09764703,
23279,75.02877156,
23280,75.4073254,
23281,75.22617944,
23282,75.20064488,
23283,75.7434484,
23284,76.07843397,
23285,76.39310262,
23286,76.58804903,
23287,77.14569063,
23288,77.18865817,
23289,77.6085435,
23290,77.67676835,
23291,78.27086702,
23292,78.52697914,
23293,78.68003781,
23294,78.8774825,
23295,78.82295665,
23296,78.77167099,
23297,78.59549326,
23298,78.26168335,
23299,78.19001915,
23300,78.57210265,
23301,78.89815174,
23302,79.17038594,
23303,79.10514615,
23304,79.29170294,
23305,79.5066827,
23306,79.90912647,
23307,80.23510107,
23308,80.75781096,
23309,80.67237845,
23310,81.09545134,
23311,81.31530709,
23312,81.40440519,
23313,81.82213896,
23314,82.49994342,
23315,82.63564488,
23316,83.01930686,
23317,83.37167776,
23318,83.08540204,
23319,84.24976624,
23320,84.98723675,
23321,85.72297249,
23322,86.49028278,
23323,86.95404047,
23324,88.14382098,
23325,89.65188581,
23326,90.68597476,
23327,91.19099645,
23328,91.95927992,
23329,93.24161663,
23330,94.74354453,
23331,95.16823643,
23332,96.09286126,
23333,96.42288914,
23334,96.92678102,
23335,96.80606122,
23336,97.02279696,
23337,97.62319899,
23338,97.75385832,
23339,98.22975881,
23340,98.1132047,
23341,98.5835288,
23342,99.34565181,
23343,100.2415609,
23344,100.9208803,
23345,101.5031089,
23346,102.1237712,
23347,102.7426087,
23348,102.752736,
23349,103.3184713,
23350,103.8562866,
23351,104.2026086,
23352,104.621149,
23353,104.7765031,
23354,104.9106299,
23355,104.9609574,
23356,105.2130045,
23357,105.4600547,
23358,105.4659404,
23359,105.4846286,
23360,105.5563377,
23361,105.6650217,
23362,105.668037,
23363,105.743293,
23364,105.7972518,
23365,105.8473388,
23366,105.7124108,
23367,105.878877,
23368,105.9708857,
23369,106.0007065,
23370,105.8918901,
23371,105.9755519,
23372,105.9341418,
23373,105.8940209,
23374,106.1178668,
23375,106.1025891,
23376,105.9338011,
23377,105.8077161,
23378,106.016777,
23379,106.0062453,
23380,105.9750167,
23381,105.9195751,
23382,105.9772474,
23383,106.0620271,
23384,106.006256,
23385,106.0145923,
23386,106.1115348,
23387,106.014578,
23388,106.2743574,
23389,106.2123279,
23390,106.2199095,
23391,106.2809659,
23392,106.2340353,
23393,106.2845332,
23394,106.1415686,
23395,106.3213069,
23396,106.4911327,
23397,106.4117623,
23398,106.5088575,
23399,106.6009386,
23400,106.3322258,
23401,106.2824802,
23402,106.3424167,
23403,106.3528943,
23404,106.3645514,
23405,106.2500622,
23406,106.5202259,
23407,106.4638098,
23408,106.5913865,
23409,106.4595325,
23410,106.4131859,
23411,106.3921531,
23412,106.4508634,
23413,106.4243295,
23414,106.3621562,
23415,106.4403568,
23416,106.5560176,
23417,106.5205609,
23418,106.7217127,
23419,106.402566,
23420,106.5447078,
23421,106.1740395,
23422,106.2587513,
23423,106.3859057,
23424,106.5204466,
23425,106.5605761,
23426,106.6027437,
23427,106.5340187,
23428,106.5273395,
23429,106.7304243,
23430,106.5068359,
23431,106.5651733,
23432,106.7496885,
23433,106.7002383,
23434,106.778521,
23435,106.6743,
23436,106.7238318,
23437,106.7238318,
23438,106.7632457,
23439,106.7527239,
23440,106.6787626,
23441,106.5971894,
23442,106.638669,
23443,106.654736,
23444,106.6841618,
23445,106.5725347,
23446,106.6418057,
23447,106.4873411,
23448,106.5436407,
23449,106.6445163,
23450,106.6732911,
23451,106.7234057,
23452,106.7796687,
23453,106.773104,
23454,106.7186381,
23455,106.7628802,
23456,106.6623029,
23457,106.7575513,
23458,106.7598865,
23459,106.6052219,
23460,106.5282506,
23461,106.5011089,
23462,106.6156769,
23463,106.4419263,
23464,106.5006472,
23465,106.5169529,
23466,106.4622532,
23467,106.3891091,
23468,106.4320528,
23469,106.4431839,
23470,106.5169825,
23471,106.576768,
23472,106.3701872,
23473,106.4194068,
23474,106.478653,
23475,106.5216157,
23476,106.537419,
23477,106.5647755,
23478,106.3240898,
23479,106.3294712,
23480,106.6236417,
23481,106.6333187,
23482,106.5625982,
23483,106.557841,
23484,106.557841,
23485,106.6009221,
23486,106.557841,
23487,106.6009521,
23488,106.6009221,
23489,106.5785088,
23490,106.5194147,
23491,106.5785088,
23492,106.4763202,
23493,106.6080125,
23494,106.556069,
23495,106.556069,
23496,106.449044,
23497,106.2820321,
23498,106.2397079,
23499,106.3478097,
23500,106.3896498,
23501,106.2395635,
23502,106.6260495,
23503,106.3649492,
23504,106.372462,
23505,106.3458184,
23506,106.4054452,
23507,106.5239385,
23508,106.5027403,
23509,106.4657745,
23510,106.3952532,
23511,106.3441908,
23512,106.3112034,
23513,106.3499116,
23514,106.7278844,
23515,106.7078541,
23516,106.4486172,
23517,106.2967764,
23518,106.5690401,
23519,106.7514279,
23520,107.2051181,
23521,106.8032366,
23522,107.3124904,
23523,107.2743301,
23524,107.2877579,
23525,107.7648382,
23526,108.5503305,
23527,109.0725104,
23528,109.0130966,
23529,109.5988338,
23530,108.8381913,
23531,109.017774,
23532,108.9780305,
23533,109.5297015,
23534,109.6156269,
23535,110.290704,
23536,110.5191027,
23537,110.3823427,
23538,111.9033658,
23539,111.9993413,
23540,112.0156828,
23541,111.811373,
23542,112.1176607,
23543,111.6730788,
23544,111.1567646,
23545,111.1253362,
23546,111.1875133,
23547,110.9449936,
23548,110.9741152,
23549,110.5018158,
23550,110.4641271,
23551,110.0088727,
23552,109.9285383,
23553,109.6645097,
23554,109.6865855,
23555,109.5391084,
23556,109.2798481,
23557,109.550067,
23558,109.2895601,
23559,109.0209106,
23560,108.8122328,
23561,108.4786789,
23562,108.1498145,
23563,108.2688054,
23564,107.9363572,
23565,107.7387623,
23566,107.5755766,
23567,107.2593346,
23568,107.3895048,
23569,106.8233378,
23570,106.7688303,
23571,106.259951,
23572,105.9780002,
23573,105.9826107,
23574,105.7616747,
23575,105.7859409,
23576,105.9531204,
23577,105.4450023,
23578,104.8984972,
23579,104.8746024,
23580,104.5580686,
23581,104.1644595,
23582,103.4342298,
23583,102.7796611,
23584,102.5464419,
23585,101.9571849,
23586,101.126046,
23587,100.3101712,
23588,99.58855598,
23589,98.86829578,
23590,98.03657522,
23591,96.65065721,
23592,95.89041812,
23593,95.39460503,
23594,95.1335715,
23595,94.68365731,
23596,93.90784709,
23597,93.34284857,
23598,93.13195919,
23599,93.05173873,
23600,92.94562493,
23601,92.38911522,
23602,91.05906195,
23603,90.3319119,
23604,90.98105342,
23605,90.62798833,
23606,89.17425132,
23607,88.7401375,
23608,89.78408029,
23609,89.2591298,
23610,89.00527784,
23611,88.4203188,
23612,88.82382128,
23613,88.50934356,
23614,88.31058011,
23615,87.95056947,
23616,88.00056961,
23617,88.19021937,
23618,88.27175199,
23619,88.51814013,
23620,88.47814468,
23621,88.42848317,
23622,88.31936208,
23623,87.6044565,
23624,87.8743162,
23625,87.86128777,
23626,88.29307803,
23627,88.04411267,
23628,88.2155749,
23629,88.31238887,
23630,88.23291471,
23631,88.1715589,
23632,88.77288634,
23633,88.85767215,
23634,88.23381842,
23635,88.14523465,
23636,87.98468957,
23637,87.91100462,
23638,87.67579111,
23639,88.19831414,
23640,88.76489508,
23641,88.92602824,
23642,89.28550983,
23643,89.81923927,
23644,90.63471426,
23645,90.62570095,
23646,90.98548915,
23647,91.32810867,
23648,91.37300315,
23649,91.60503029,
23650,91.41207959,
23651,91.24246978,
23652,91.44819277,
23653,91.66744941,
23654,91.84238634,
23655,91.94778359,
23656,92.16777817,
23657,92.48603591,
23658,92.73809735,
23659,92.92871842,
23660,92.84203419,
23661,93.08838827,
23662,93.44909603,
23663,93.64265731,
23664,94.14895121,
23665,94.51002415,
23666,95.00487404,
23667,95.22970954,
23668,95.45944365,
23669,95.32165865,
23670,95.36029753,
23671,95.63380878,
23672,96.38903488,
23673,96.6134079,
23674,96.72901495,
23675,96.84631182,
23676,97.11872697,
23677,97.90477056,
23678,98.41259573,
23679,98.82634803,
23680,99.05603362,
23681,99.12432157,
23682,99.10874228,
23683,99.19542746,
23684,99.15781435,
23685,99.00121127,
23686,99.19947821,
23687,99.05454,
23688,99.35261739,
23689,99.45537917,
23690,99.60894117,
23691,99.70844313,
23692,99.77630836,
23693,99.98210261,
23694,100.3139747,
23695,100.5664133,
23696,100.8712407,
23697,100.7589883,
23698,101.1477335,
23699,101.3787376,
23700,101.5749627,
23701,102.0381937,
23702,102.3888166,
23703,102.2209997,
23704,102.3365767,
23705,102.5943537,
23706,102.3002286,
23707,102.6374738,
23708,102.5606766,
23709,102.5730398,
23710,102.6220532,
23711,102.7048442,
23712,102.6421363,
23713,102.5965889,
23714,102.7004657,
23715,102.6983577,
23716,102.7873283,
23717,102.7789094,
23718,102.6093672,
23719,102.5866942,
23720,102.5809379,
23721,102.810304,
23722,102.9386231,
23723,102.7910671,
23724,102.7001366,
23725,102.7274487,
23726,102.6246695,
23727,102.7987616,
23728,102.9226763,
23729,102.7834353,
23730,103.0230974,
23731,103.0653549,
23732,103.1317593,
23733,103.1143262,
23734,102.9739193,
23735,103.0313899,
23736,103.1231855,
23737,103.0288955,
23738,103.0442923,
23739,103.0845961,
23740,103.0724453,
23741,103.0794634,
23742,103.0325122,
23743,103.0801112,
23744,103.0237474,
23745,103.1474346,
23746,103.1795062,
23747,103.0434458,
23748,103.018769,
23749,102.9158903,
23750,102.9158903,
23751,102.8995665,
23752,102.983645,
23753,103.1625713,
23754,103.2105345,
23755,103.3167523,
23756,103.1337237,
23757,103.1487847,
23758,103.0812906,
23759,103.2021348,
23760,102.9324651,
23761,103.0993073,
23762,103.0984216,
23763,103.1183548,
23764,103.0493097,
23765,103.0493097,
23766,103.1079153,
23767,103.3413398,
23768,103.1533797,
23769,103.3231583,
23770,103.1381667,
23771,103.3339476,
23772,103.1426958,
23773,103.1643031,
23774,103.1795497,
23775,103.1795497,
23776,103.1478287,
23777,103.0661959,
23778,103.2270666,
23779,103.2078418,
23780,103.3145338,
23781,103.3309269,
23782,103.1976151,
23783,103.2115239,
23784,103.1967656,
23785,103.1688562,
23786,103.0440197,
23787,102.9105605,
23788,103.2839384,
23789,103.3778941,
23790,103.3760889,
23791,103.0263878,
23792,103.1922901,
23793,103.2493281,
23794,103.2167458,
23795,102.9485114,
23796,102.9611575,
23797,103.0766783,
23798,103.1781636,
23799,103.1947173,
23800,103.0943708,
23801,103.036331,
23802,103.1783049,
23803,103.2170382,
23804,103.3698746,
23805,103.6938191,
23806,104.0106213,
23807,103.8977017,
23808,104.3320933,
23809,104.7606327,
23810,105.0275575,
23811,105.4659814,
23812,106.1511407,
23813,105.8419567,
23814,105.8481419,
23815,106.3321804,
23816,106.8348024,
23817,106.776821,
23818,106.8499051,
23819,107.702705,
23820,107.8859435,
23821,108.3760892,
23822,108.5381218,
23823,109.3201016,
23824,110.0421992,
23825,110.3501642,
23826,110.2752296,
23827,110.2228738,
23828,110.2015236,
23829,110.865497,
23830,110.7555703,
23831,109.9245445,
23832,110.1173637,
23833,111.019687,
23834,109.9646685,
23835,110.7655062,
23836,110.394653,
23837,110.9155616,
23838,111.2312257,
23839,111.4870395,
23840,111.4515546,
23841,111.6840364,
23842,111.5880951,
23843,110.9291583,
23844,110.919454,
23845,111.0012406,
23846,110.7766781,
23847,110.5959644,
23848,110.8240013,
23849,110.5554493,
23850,110.4983597,
23851,110.5296497,
23852,110.3067592,
23853,110.5717567,
23854,110.5144663,
23855,110.4285415,
23856,109.7943959,
23857,109.8713954,
23858,109.5286244,
23859,109.5667932,
23860,109.3432257,
23861,109.1895977,
23862,108.9948718,
23863,108.8070615,
23864,108.5966318,
23865,108.4983225,
23866,108.3100739,
23867,108.336216,
23868,108.4312783,
23869,108.445125,
23870,108.377495,
23871,108.3458817,
23872,108.1760728,
23873,107.7877155,
23874,107.3887225,
23875,107.1424845,
23876,106.7969991,
23877,106.6221879,
23878,106.297172,
23879,105.8338572,
23880,105.2668608,
23881,105.0033015,
23882,104.7320819,
23883,104.0817863,
23884,103.8612641,
23885,103.2474097,
23886,102.9789679,
23887,102.2172563,
23888,101.9011654,
23889,101.2501388,
23890,100.9096197,
23891,100.1932331,
23892,99.7142508,
23893,99.42194553,
23894,98.54806506,
23895,97.84511369,
23896,97.42060017,
23897,97.18304391,
23898,97.67324011,
23899,97.51022132,
23900,96.83449765,
23901,96.40454301,
23902,96.34885364,
23903,96.32371142,
23904,96.71151179,
23905,96.06287873,
23906,95.71522101,
23907,95.24779771,
23908,95.65177185,
23909,96.26027965,
23910,95.31111577,
23911,94.42398052,
23912,94.36210092,
23913,95.04828618,
23914,95.96547227,
23915,94.44035253,
23916,95.24506582,
23917,94.9170162,
23918,94.75765788,
23919,95.48304174,
23920,95.53484107,
23921,94.85907385,
23922,94.04485767,
23923,93.48190203,
23924,92.8445089,
23925,92.11789262,
23926,92.5488925,
23927,91.60193985,
23928,90.71425978,
23929,90.60889762,
23930,91.18315632,
23931,91.10581979,
23932,90.842733,
23933,90.39341319,
23934,90.35859676,
23935,89.90548537,
23936,90.00008601,
23937,90.42702329,
23938,90.60884064,
23939,90.6505333,
23940,90.64732471,
23941,90.95809999,
23942,91.07778001,
23943,91.13383949,
23944,91.72032268,
23945,91.93832242,
23946,92.1445293,
23947,92.22984907,
23948,92.39516463,
23949,92.74780502,
23950,93.26127468,
23951,93.35298956,
23952,93.63867818,
23953,93.87933405,
23954,94.18697754,
23955,94.28213765,
23956,94.55821034,
23957,94.89822154,
23958,95.34197471,
23959,95.49201033,
23960,96.02326992,
23961,96.74737654,
23962,97.14341379,
23963,97.55115933,
23964,98.10870765,
23965,98.85838923,
23966,99.32481823,
23967,100.5619278,
23968,101.5802485,
23969,103.1361277,
23970,103.4359064,
23971,104.1611377,
23972,106.1204827,
23973,107.2562851,
23974,108.4189231,
23975,108.8102454,
23976,109.9928575,
23977,110.6488286,
23978,111.1356617,
23979,111.1840486,
23980,112.0098975,
23981,112.0819217,
23982,111.9827015,
23983,114.4914001,
23984,114.1074185,
23985,114.6601984,
23986,115.0785908,
23987,116.5753045,
23988,117.6457014,
23989,118.0782962,
23990,118.6212014,
23991,118.4032911,
23992,118.6409559,
23993,120.1658893,
23994,120.9085297,
23995,121.7178446,
23996,122.2396543,
23997,124.6645141,
23998,126.4671441,
23999,126.6543791,
24000,127.7648324,
24001,129.3523205,
24002,130.363286,
24003,130.8852026,
24004,132.2345259,
24005,132.4966108,
24006,133.1647024,
24007,134.0293636,
24008,134.5756559,
24009,135.0292578,
24010,135.2888238,
24011,135.5107237,
24012,136.5488847,
24013,136.6437024,
24014,136.788565,
24015,136.8282146,
24016,136.5996405,
24017,136.6849489,
24018,136.1884096,
24019,135.5261616,
24020,134.9908854,
24021,134.9051895,
24022,134.6340035,
24023,134.5268814,
24024,134.0022756,
24025,132.9721802,
24026,132.7925266,
24027,132.5739229,
24028,131.8484733,
24029,131.6792015,
24030,131.0344588,
24031,130.5147628,
24032,129.9250752,
24033,129.1404544,
24034,128.4868517,
24035,127.746251,
24036,126.6251148,
24037,126.2201925,
24038,125.5702993,
24039,124.7302719,
24040,122.2256129,
24041,121.4691754,
24042,120.6376746,
24043,119.7258366,
24044,118.2317945,
24045,116.9349226,
24046,116.2405485,
24047,114.1221479,
24048,112.4356806,
24049,111.77065,
24050,111.0653161,
24051,110.543444,
24052,109.6045951,
24053,109.0222673,
24054,108.9777526,
24055,107.7153781,
24056,107.1487846,
24057,106.4501166,
24058,105.6564194,
24059,104.3910931,
24060,103.7744902,
24061,103.174151,
24062,101.6849398,
24063,100.2408144,
24064,99.276249,
24065,98.13184997,
24066,97.10846116,
24067,95.79209015,
24068,94.56023704,
24069,94.61935394,
24070,94.37884832,
24071,92.73444672,
24072,92.32907006,
24073,90.29947798,
24074,90.19739259,
24075,90.2967168,
24076,90.14295977,
24077,90.10662416,
24078,88.81876579,
24079,88.89823342,
24080,88.04520138,
24081,88.48146654,
24082,87.44579221,
24083,86.8584825,
24084,86.54490004,
24085,85.07989645,
24086,84.08698505,
24087,84.11182813,
24088,83.74531362,
24089,83.37437112,
24090,82.73613659,
24091,81.27662484,
24092,80.94757891,
24093,80.41558269,
24094,79.14140893,
24095,78.62333168,
24096,78.44667597,
24097,77.50063355,
24098,76.85608152,
24099,76.51111485,
24100,76.42547709,
24101,76.2308612,
24102,76.14919755,
24103,76.04924574,
24104,75.89939735,
24105,75.69067065,
24106,75.68174945,
24107,75.4877092,
24108,75.22756143,
24109,75.13706261,
24110,75.19469265,
24111,75.12258954,
24112,74.88381349,
24113,74.70711454,
24114,74.32618611,
24115,74.07097806,
24116,73.99312239,
24117,73.89035967,
24118,73.84858768,
24119,73.78247934,
24120,73.76029133,
24121,73.46157285,
24122,73.58157128,
24123,73.62330215,
24124,73.64958799,
24125,73.64958799,
24126,73.68916693,
24127,73.67945756,
24128,73.65752651,
24129,73.649076,
24130,73.69410129,
24131,73.641795,
24132,73.64578673,
24133,73.60866155,
24134,73.67436499,
24135,73.73987701,
24136,73.73987701,
24137,73.72694017,
24138,73.72138974,
24139,73.68258053,
24140,73.69183121,
24141,73.73145787,
24142,73.71445279,
24143,73.71445279,
24144,73.67524954,
24145,73.4367032,
24146,73.52331453,
24147,73.48716644,
24148,73.53940325,
24149,73.4887546,
24150,73.43009409,
24151,73.41408818,
24152,73.32864141,
24153,73.20669163,
24154,73.17924255,
24155,73.24427973,
24156,73.21838238,
24157,73.1004621,
24158,73.04185636,
24159,73.10425069,
24160,73.12249795,
24161,73.04294218,
24162,72.96913282,
24163,72.99807763,
24164,72.96716654,
24165,73.04159942,
24166,73.21922957,
24167,73.16744609,
24168,73.19321864,
24169,73.17961152,
24170,73.19240582,
24171,73.2330736,
24172,73.27161185,
24173,73.27348249,
24174,73.25976472,
24175,73.2266741,
24176,73.25593755,
24177,73.30090267,
24178,73.26812918,
24179,73.28320112,
24180,73.23591122,
24181,73.26594263,
24182,73.2415936,
24183,73.22031379,
24184,73.22031379,
24185,73.22846002,
24186,73.23897178,
24187,73.17769899,
24188,73.22106142,
24189,73.22106142,
24190,73.20387204,
24191,73.19386287,
24192,73.19108388,
24193,73.18921915,
24194,73.18439044,
24195,73.18439044,
24196,73.16208159,
24197,73.15321011,
24198,73.1103246,
24199,73.12448026,
24200,73.07750181,
24201,73.07520486,
24202,73.09717177,
24203,73.08776947,
24204,73.06172539,
24205,73.12000988,
24206,72.96539012,
24207,72.96246936,
24208,72.9166187,
24209,73.0190593,
24210,73.0190593,
24211,73.00063484,
24212,72.97537695,
24213,72.91853784,
24214,72.95132442,
24215,72.97254321,
24216,72.99763279,
24217,72.95105596,
24218,72.99763279,
24219,73.01785276,
24220,73.03700518,
24221,73.00580254,
24222,73.03700518,
24223,72.98391607,
24224,72.9746294,
24225,72.87982715,
24226,72.81598127,
24227,73.02075386,
24228,73.08984879,
24229,73.12503524,
24230,73.20690467,
24231,73.33700122,
24232,73.59876209,
24233,73.6942742,
24234,73.94405146,
24235,74.15410674,
24236,74.32523621,
24237,74.84868121,
24238,75.52271676,
24239,75.84453616,
24240,76.43822703,
24241,76.95111331,
24242,77.64267145,
24243,78.02262536,
24244,78.35809109,
24245,78.779972,
24246,79.25317512,
24247,79.37819147,
24248,79.51566159,
24249,79.94212191,
24250,80.04966953,
24251,80.52117901,
24252,80.74612494,
24253,80.68230556,
24254,81.09953562,
24255,80.31038759,
24256,81.45825655,
24257,82.59522493,
24258,83.58175991,
24259,84.41303551,
24260,85.09816086,
24261,85.68011382,
24262,88.64087993,
24263,88.9166007,
24264,89.08040012,
24265,90.06915836,
24266,91.47546227,
24267,92.01593544,
24268,93.10823031,
24269,94.30359637,
24270,95.59015435,
24271,97.21627861,
24272,98.66496237,
24273,99.62851652,
24274,100.4486216,
24275,101.9978862,
24276,103.756657,
24277,104.4525713,
24278,105.8605493,
24279,108.3015284,
24280,108.9423959,
24281,110.2723807,
24282,111.7793254,
24283,113.9728712,
24284,115.2429143,
24285,116.3001686,
24286,117.8494676,
24287,119.7473983,
24288,121.6355004,
24289,122.8206285,
24290,125.2066377,
24291,127.4548326,
24292,127.4378546,
24293,129.1432304,
24294,130.2629973,
24295,131.2130971,
24296,131.8165174,
24297,132.3464072,
24298,132.5819724,
24299,133.0340438,
24300,132.9446534,
24301,133.2924449,
24302,133.9988637,
24303,134.3234455,
24304,133.8470348,
24305,134.0691919,
24306,133.9652062,
24307,133.7764145,
24308,133.5225276,
24309,132.8253975,
24310,132.4461371,
24311,132.0466743,
24312,131.7434806,
24313,131.8073488,
24314,131.5921358,
24315,131.2018228,
24316,131.2022408,
24317,130.674674,
24318,130.4761376,
24319,129.6914859,
24320,129.5808227,
24321,128.5332092,
24322,128.2460538,
24323,128.1317225,
24324,127.2275209,
24325,126.9377634,
24326,126.6458174,
24327,126.8474748,
24328,126.2382145,
24329,125.6661325,
24330,124.3452919,
24331,122.9225231,
24332,122.9917518,
24333,122.1985662,
24334,121.1746475,
24335,120.4536773,
24336,119.8638988,
24337,118.8764014,
24338,117.7380365,
24339,116.6585582,
24340,115.4276592,
24341,114.775138,
24342,112.9996768,
24343,111.9109231,
24344,111.3683043,
24345,110.3564826,
24346,108.5968971,
24347,107.2002285,
24348,106.9503313,
24349,105.6183026,
24350,104.2454198,
24351,103.9720129,
24352,103.4202705,
24353,103.5776855,
24354,104.05811,
24355,103.3545706,
24356,103.2565441,
24357,102.8886464,
24358,101.8471839,
24359,100.6784792,
24360,101.0986531,
24361,101.4584779,
24362,100.0662469,
24363,100.4771426,
24364,100.4007505,
24365,101.1695987,
24366,100.7473389,
24367,100.5395185,
24368,99.78429437,
24369,100.4338386,
24370,100.7464232,
24371,100.6262118,
24372,100.261156,
24373,100.1423101,
24374,100.1729395,
24375,100.7488888,
24376,100.7317279,
24377,101.2159279,
24378,101.3254084,
24379,101.2476133,
24380,101.0982536,
24381,100.7680902,
24382,100.2342357,
24383,99.63390163,
24384,99.66448096,
24385,99.63658568,
24386,99.65694277,
24387,99.19731988,
24388,99.13764943,
24389,99.26214826,
24390,99.04741573,
24391,98.73598216,
24392,98.6913508,
24393,98.40564042,
24394,98.29056943,
24395,98.36615884,
24396,98.56523656,
24397,98.57590093,
24398,98.2232168,
24399,97.76724263,
24400,97.68695277,
24401,97.84031948,
24402,98.32514336,
24403,98.78669764,
24404,98.98790876,
24405,99.21639146,
24406,100.0837682,
24407,100.8069469,
24408,101.4568091,
24409,101.7855278,
24410,102.8033083,
24411,104.1428999,
24412,105.3391597,
24413,105.4786115,
24414,106.3524647,
24415,107.6538822,
24416,108.3021254,
24417,108.8879951,
24418,109.438917,
24419,110.306378,
24420,110.9275359,
24421,112.6645394,
24422,112.7535848,
24423,113.6741405,
24424,113.066773,
24425,113.4375892,
24426,113.543734,
24427,114.0704264,
24428,115.4014242,
24429,115.7475978,
24430,116.523345,
24431,116.8441288,
24432,116.6575639,
24433,117.6314984,
24434,118.1036937,
24435,118.7480313,
24436,118.5130447,
24437,118.6443226,
24438,118.6685525,
24439,118.8332318,
24440,118.6911472,
24441,118.7732891,
24442,118.6033199,
24443,118.6850656,
24444,119.6776783,
24445,121.218864,
24446,121.7397348,
24447,122.7770301,
24448,123.4714477,
24449,123.951313,
24450,124.6760267,
24451,125.2039884,
24452,125.1049996,
24453,124.4042503,
24454,124.964973,
24455,124.0625469,
24456,124.3800848,
24457,124.9581119,
24458,125.6667261,
24459,125.6606549,
24460,125.3246017,
24461,125.4220882,
24462,125.7868279,
24463,125.4902906,
24464,126.2404568,
24465,126.7631636,
24466,126.3827199,
24467,126.2207612,
24468,126.3563147,
24469,126.1713885,
24470,126.2474986,
24471,125.2148981,
24472,125.4597173,
24473,125.4330777,
24474,125.3981563,
24475,126.5350225,
24476,126.0965837,
24477,126.0957262,
24478,125.3912257,
24479,125.7889535,
24480,125.3288571,
24481,125.7585251,
24482,125.9511175,
24483,125.4259883,
24484,125.3478544,
24485,125.0105362,
24486,124.9364414,
24487,125.2761533,
24488,125.3903206,
24489,125.5387321,
24490,125.1880768,
24491,124.8645943,
24492,125.4254357,
24493,125.4261968,
24494,125.8470444,
24495,125.7541639,
24496,125.777593,
24497,125.6519368,
24498,125.9469862,
24499,126.653639,
24500,127.266221,
24501,127.7670277,
24502,128.3034062,
24503,128.7594839,
24504,128.7901114,
24505,129.2102812,
24506,128.9009572,
24507,129.3210811,
24508,129.2094764,
24509,129.0975336,
24510,129.1746447,
24511,129.3130011,
24512,129.387239,
24513,129.5915062,
24514,129.2650479,
24515,129.1457799,
24516,129.0893486,
24517,128.9156087,
24518,128.7550495,
24519,128.5009418,
24520,128.3346328,
24521,128.500957,
24522,128.5974874,
24523,128.6319792,
24524,128.8169677,
24525,129.0231583,
24526,129.1951854,
24527,129.170536,
24528,129.2669852,
24529,129.0829985,
24530,128.7822692,
24531,128.7678818,
24532,128.5321456,
24533,127.5299677,
24534,127.1299735,
24535,126.2891921,
24536,126.1220814,
24537,125.9382491,
24538,125.6703185,
24539,125.5867595,
24540,125.3009649,
24541,124.5122582,
24542,124.1912741,
24543,123.904021,
24544,123.808262,
24545,122.823737,
24546,122.7922237,
24547,120.9668553,
24548,120.0536917,
24549,118.714023,
24550,118.3177015,
24551,117.8680587,
24552,116.6300004,
24553,115.3258112,
24554,114.9815892,
24555,113.7343969,
24556,112.9517539,
24557,112.2421988,
24558,111.4026881,
24559,109.9533864,
24560,108.8171194,
24561,107.6836906,
24562,106.2878156,
24563,105.4210998,
24564,104.0964619,
24565,104.5995378,
24566,104.5092375,
24567,103.5782313,
24568,103.05173,
24569,102.2357912,
24570,100.5017316,
24571,99.49722875,
24572,98.6738442,
24573,96.52530596,
24574,96.60975689,
24575,95.99903242,
24576,95.14943886,
24577,95.81904752,
24578,95.34401241,
24579,95.8079142,
24580,95.33781985,
24581,94.37990208,
24582,95.01445117,
24583,94.09549723,
24584,93.32179847,
24585,93.21634946,
24586,92.77199824,
24587,92.32837227,
24588,91.84676887,
24589,92.11916292,
24590,91.75606193,
24591,91.45665909,
24592,91.18975413,
24593,90.35960898,
24594,89.93536703,
24595,88.60368783,
24596,87.37060126,
24597,87.16347412,
24598,86.42267824,
24599,85.99722177,
24600,85.59173031,
24601,85.19834582,
24602,84.83645562,
24603,83.78349232,
24604,83.15821926,
24605,82.85445665,
24606,82.15956709,
24607,81.36520646,
24608,80.67963405,
24609,80.47340594,
24610,80.37650198,
24611,79.86305261,
24612,79.1233172,
24613,79.18378257,
24614,79.09115682,
24615,79.48663194,
24616,79.57615989,
24617,79.5913101,
24618,79.58537763,
24619,79.47005735,
24620,79.56157687,
24621,79.60940086,
24622,79.87514882,
24623,80.38896458,
24624,80.83933495,
24625,81.6786879,
24626,81.90596148,
24627,82.63806165,
24628,82.90647365,
24629,83.77948673,
24630,84.52523117,
24631,85.33515747,
24632,85.4108155,
24633,85.86622052,
24634,86.97465375,
24635,87.82538286,
24636,88.1283463,
24637,88.45881936,
24638,88.38922841,
24639,89.84189636,
24640,90.57084782,
24641,90.08375876,
24642,90.50363734,
24643,89.88461964,
24644,91.24178285,
24645,92.57919613,
24646,93.70639111,
24647,93.65867992,
24648,94.88141724,
24649,95.83801303,
24650,96.87443376,
24651,98.16489086,
24652,98.56911634,
24653,99.65808766,
24654,100.3442392,
24655,101.3427246,
24656,101.9597457,
24657,102.9850184,
24658,103.1225433,
24659,103.6250994,
24660,102.6737242,
24661,102.996541,
24662,103.3160587,
24663,103.5101555,
24664,103.4325488,
24665,103.3226344,
24666,103.8769941,
24667,103.4729403,
24668,103.9271289,
24669,104.807739,
24670,104.6037699,
24671,104.942007,
24672,105.4822826,
24673,105.2106373,
24674,105.0713681,
24675,105.4113938,
24676,105.7151028,
24677,105.9618372,
24678,106.2956964,
24679,106.7148553,
24680,107.1934584,
24681,107.7675301,
24682,108.0893136,
24683,108.3564236,
24684,109.1822668,
24685,109.6297254,
24686,110.133759,
24687,110.6850645,
24688,111.2930592,
24689,112.0109742,
24690,112.1412515,
24691,112.5667486,
24692,112.5903884,
24693,112.8763765,
24694,113.4206571,
24695,113.5360638,
24696,113.89336,
24697,114.1842624,
24698,114.0394201,
24699,114.1629092,
24700,114.1010821,
24701,114.2837278,
24702,114.1922169,
24703,114.2449928,
24704,114.2072116,
24705,114.1594957,
24706,113.6990969,
24707,113.4843111,
24708,113.3622432,
24709,112.9574853,
24710,112.4464674,
24711,112.4481798,
24712,111.7927534,
24713,111.1753281,
24714,110.5265053,
24715,109.9731276,
24716,109.3670334,
24717,109.1694077,
24718,108.9435049,
24719,108.7923375,
24720,108.6024675,
24721,108.3349427,
24722,108.6336951,
24723,108.5452528,
24724,108.2966755,
24725,108.5572701,
24726,108.7245688,
24727,108.6865787,
24728,108.9196128,
24729,109.5715537,
24730,110.1365733,
24731,110.0610833,
24732,110.6086116,
24733,111.0959831,
24734,111.6058462,
24735,112.0452915,
24736,111.7063375,
24737,111.9823174,
24738,111.734024,
24739,111.9903316,
24740,112.5754503,
24741,112.2759458,
24742,112.7843047,
24743,113.4606118,
24744,113.69208,
24745,113.9773098,
24746,113.9267015,
24747,113.9138287,
24748,113.6499407,
24749,113.6004395,
24750,113.626095,
24751,113.4863789,
24752,113.435301,
24753,113.2031272,
24754,113.1528548,
24755,113.4820541,
24756,113.3562816,
24757,113.4521418,
24758,113.1912565,
24759,112.9473855,
24760,112.9274651,
24761,112.8734706,
24762,112.9416419,
24763,112.8131421,
24764,112.5308273,
24765,112.6365579,
24766,112.6335318,
24767,112.5229546,
24768,112.4979581,
24769,112.1688473,
24770,111.8753776,
24771,112.4238973,
24772,112.5375018,
24773,112.3180892,
24774,112.4755426,
24775,112.5183485,
24776,112.6268197,
24777,113.0025685,
24778,113.084124,
24779,112.9955847,
24780,113.0079442,
24781,112.9167978,
24782,112.8965215,
24783,112.8072962,
24784,112.8723103,
24785,112.7827051,
24786,112.808367,
24787,112.8458277,
24788,112.7036747,
24789,112.7200001,
24790,112.6346656,
24791,112.5790709,
24792,112.4255266,
24793,112.0382554,
24794,111.8692696,
24795,111.6144799,
24796,111.2068501,
24797,111.3478497,
24798,111.1372679,
24799,111.1386282,
24800,110.9951935,
24801,111.4120619,
24802,111.3736458,
24803,110.9788134,
24804,111.4353188,
24805,111.6990072,
24806,111.1572038,
24807,110.6429995,
24808,109.4994467,
24809,108.7664366,
24810,108.5745006,
24811,107.9345672,
24812,107.4729976,
24813,106.9261088,
24814,107.6054372,
24815,106.2314163,
24816,105.8891656,
24817,105.0989538,
24818,103.4195618,
24819,102.951733,
24820,101.7103676,
24821,100.9256471,
24822,100.1250278,
24823,97.92141234,
24824,97.08166072,
24825,97.36974584,
24826,96.42228372,
24827,95.41666909,
24828,94.46757633,
24829,92.74857635,
24830,92.63500202,
24831,92.18340123,
24832,91.0203144,
24833,89.69316914,
24834,88.74104707,
24835,88.79017208,
24836,88.25087781,
24837,89.07231503,
24838,87.67767581,
24839,86.75995261,
24840,86.04064919,
24841,85.68677065,
24842,85.01834305,
24843,84.65471285,
24844,84.27129971,
24845,82.26004936,
24846,80.61695941,
24847,79.98896656,
24848,80.78549427,
24849,79.54108511,
24850,79.20010857,
24851,80.32127823,
24852,79.6665891,
24853,79.7902581,
24854,78.3845073,
24855,77.77676595,
24856,77.18725885,
24857,77.26053146,
24858,76.70998053,
24859,76.68368659,
24860,76.16532207,
24861,75.76053121,
24862,74.87956512,
24863,75.25565351,
24864,74.82286034,
24865,75.03342139,
24866,75.19358239,
24867,74.89717607,
24868,75.05283656,
24869,74.75305278,
24870,74.32473209,
24871,74.54203357,
24872,73.50721615,
24873,73.41304039,
24874,72.76684698,
24875,71.86338958,
24876,71.13958375,
24877,71.03771037,
24878,70.68601543,
24879,70.58280371,
24880,71.43231108,
24881,71.12289234,
24882,70.34564225,
24883,69.94806788,
24884,69.44969865,
24885,68.8971774,
24886,68.3092678,
24887,68.24548292,
24888,68.33302118,
24889,68.34420844,
24890,68.45169818,
24891,68.28325476,
24892,68.28617523,
24893,68.49525462,
24894,68.28143236,
24895,68.15509719,
24896,68.17283645,
24897,68.54718716,
24898,69.13387904,
24899,69.04470973,
24900,69.29158626,
24901,69.7551484,
24902,70.64787037,
24903,71.37107512,
24904,71.73280133,
24905,72.59645079,
24906,73.4013915,
24907,74.49778269,
24908,75.80641906,
24909,76.0002499,
24910,76.5131699,
24911,77.35378526,
24912,78.19591389,
24913,79.04118537,
24914,79.76089212,
24915,80.19835635,
24916,80.91612309,
24917,82.54461094,
24918,83.83696375,
24919,84.44334347,
24920,84.88429013,
24921,86.32705044,
24922,87.18702588,
24923,87.34222097,
24924,87.86477201,
24925,87.70675851,
24926,89.44436172,
24927,90.65972184,
24928,91.53360403,
24929,92.72516719,
24930,93.54263349,
24931,95.09300813,
24932,96.6460592,
24933,98.23165903,
24934,98.60009963,
24935,100.1762662,
24936,103.3436629,
24937,104.3321566,
24938,105.2632704,
24939,106.7462355,
24940,108.6800177,
24941,110.341397,
24942,111.3931018,
24943,113.8596155,
24944,114.5850631,
24945,115.4479274,
24946,116.1511149,
24947,117.1316477,
24948,119.6268465,
24949,120.5325985,
24950,121.4952985,
24951,123.5521504,
24952,125.4948825,
24953,126.4776638,
24954,127.4437006,
24955,128.3829048,
24956,129.7889653,
24957,130.7633251,
24958,130.4392323,
24959,131.7402355,
24960,133.1805135,
24961,133.384925,
24962,133.7812147,
24963,134.5386394,
24964,135.5215215,
24965,135.5411872,
24966,135.4544542,
24967,135.4761675,
24968,135.6414647,
24969,135.5612297,
24970,135.322399,
24971,134.9072017,
24972,134.3420037,
24973,134.0183741,
24974,133.4180606,
24975,132.4093708,
24976,131.8551762,
24977,131.6799058,
24978,131.5281265,
24979,131.447748,
24980,130.7453798,
24981,130.3313003,
24982,129.7392519,
24983,129.1412651,
24984,128.6222642,
24985,127.8295997,
24986,127.1484116,
24987,126.418907,
24988,125.9754941,
24989,125.2399847,
24990,125.3687076,
24991,123.9041412,
24992,122.2935603,
24993,121.9783121,
24994,121.1200172,
24995,119.8273283,
24996,117.4758673,
24997,116.0579508,
24998,114.7358042,
24999,113.8672369,
25000,111.7217418,
25001,110.2997745,
25002,108.9330685,
25003,107.9277982,
25004,105.6165282,
25005,103.2247647,
25006,102.4081768,
25007,101.2764411,
25008,99.55288608,
25009,97.54104908,
25010,96.97135874,
25011,95.67334597,
25012,93.48684079,
25013,91.59048542,
25014,91.43956993,
25015,89.9745745,
25016,88.44733214,
25017,87.98580067,
25018,86.827959,
25019,86.23712643,
25020,84.51836475,
25021,83.85248946,
25022,82.82066333,
25023,82.77792051,
25024,81.22495099,
25025,80.65539962,
25026,78.91003465,
25027,77.87850425,
25028,76.86893726,
25029,74.89439337,
25030,73.76971868,
25031,73.70059382,
25032,73.72117464,
25033,72.89154475,
25034,73.57618624,
25035,72.75052577,
25036,72.43192185,
25037,71.31199405,
25038,71.44713383,
25039,70.64716044,
25040,68.7714773,
25041,69.44256755,
25042,69.41900612,
25043,69.30701515,
25044,68.37720405,
25045,68.69215153,
25046,68.83221588,
25047,68.70560697,
25048,68.00891861,
25049,68.37840601,
25050,68.2826215,
25051,68.87492304,
25052,69.10706788,
25053,69.43245041,
25054,69.44170525,
25055,70.35077794,
25056,70.65185622,
25057,71.15448546,
25058,71.91685132,
25059,71.90172739,
25060,72.06847209,
25061,72.11033307,
25062,72.46611307,
25063,73.00014254,
25064,73.14166518,
25065,73.08028242,
25066,73.80976269,
25067,74.83446315,
25068,75.78201138,
25069,76.39975133,
25070,76.70099567,
25071,78.01774279,
25072,78.9072242,
25073,79.78089864,
25074,80.13084099,
25075,80.87446956,
25076,83.27728168,
25077,84.31641303,
25078,85.06048578,
25079,85.66280552,
25080,87.20498886,
25081,89.56050944,
25082,90.32645937,
25083,91.56279407,
25084,94.4727388,
25085,96.34038929,
25086,97.13259556,
25087,98.39399175,
25088,100.5407913,
25089,103.0025411,
25090,103.2413051,
25091,103.7473653,
25092,107.1651489,
25093,108.9917846,
25094,109.9612434,
25095,110.9590895,
25096,112.1581907,
25097,114.338008,
25098,115.7436985,
25099,115.1800996,
25100,117.3799316,
25101,119.0101457,
25102,119.3498218,
25103,119.6622184,
25104,120.0691759,
25105,120.2874004,
25106,119.9990817,
25107,120.7665977,
25108,119.9503806,
25109,120.2754752,
25110,120.8668541,
25111,121.0330396,
25112,120.946867,
25113,121.093504,
25114,121.1371401,
25115,120.814486,
25116,120.6858756,
25117,119.384021,
25118,119.178654,
25119,119.2993454,
25120,119.5798084,
25121,119.3286521,
25122,119.5334314,
25123,119.5784234,
25124,119.5628229,
25125,119.8861263,
25126,119.8955764,
25127,119.7076021,
25128,119.4335481,
25129,119.4127923,
25130,119.5659402,
25131,119.8537023,
25132,120.2128754,
25133,120.1995661,
25134,120.2499694,
25135,120.3717762,
25136,120.6385417,
25137,120.7899899,
25138,120.7454046,
25139,120.5556862,
25140,120.2221255,
25141,120.0864501,
25142,119.8135109,
25143,119.3413095,
25144,119.286518,
25145,118.8953202,
25146,118.6049228,
25147,118.1763702,
25148,117.2270713,
25149,116.2879939,
25150,116.1211804,
25151,115.3068663,
25152,115.061604,
25153,114.3701344,
25154,114.3094647,
25155,113.87498,
25156,113.9343581,
25157,113.2109163,
25158,112.5238553,
25159,112.0377528,
25160,111.7466753,
25161,111.1110818,
25162,111.0868301,
25163,111.9705439,
25164,110.9434614,
25165,110.4157954,
25166,109.1602672,
25167,109.3032752,
25168,108.3053951,
25169,107.4839166,
25170,106.1395892,
25171,105.2958876,
25172,104.6567139,
25173,104.0959141,
25174,102.7791878,
25175,101.7344483,
25176,99.84839252,
25177,99.40153781,
25178,98.00236483,
25179,97.02322407,
25180,94.27064462,
25181,92.2908662,
25182,91.17892232,
25183,89.95201994,
25184,88.45135868,
25185,86.48001819,
25186,85.72542147,
25187,83.161979,
25188,80.37572983,
25189,79.43141011,
25190,78.38428855,
25191,78.14809014,
25192,75.56263791,
25193,74.71883143,
25194,73.0424354,
25195,72.63605615,
25196,71.32070575,
25197,70.2469902,
25198,68.2855002,
25199,67.55456469,
25200,67.39985082,
25201,64.99130464,
25202,62.61009792,
25203,62.57440765,
25204,62.58361081,
25205,61.24576127,
25206,59.42051196,
25207,58.31711316,
25208,58.80869218,
25209,57.10315055,
25210,55.58031986,
25211,55.78630838,
25212,56.18831139,
25213,56.54708724,
25214,57.37380205,
25215,57.42046774,
25216,56.96529933,
25217,56.81374804,
25218,56.98747274,
25219,57.69310921,
25220,57.95536954,
25221,58.30416967,
25222,58.60177354,
25223,58.9850769,
25224,59.75279192,
25225,60.26604587,
25226,61.28784542,
25227,61.51434725,
25228,62.23486087,
25229,62.84655703,
25230,64.15805891,
25231,64.63703497,
25232,65.42229242,
25233,66.20404041,
25234,67.33833509,
25235,68.79934714,
25236,69.818997,
25237,70.41938058,
25238,71.38742279,
25239,73.51227188,
25240,74.95636674,
25241,75.01703712,
25242,76.27396894,
25243,78.53200512,
25244,80.68417388,
25245,82.07761105,
25246,83.51655862,
25247,86.28763358,
25248,88.68875108,
25249,89.47701222,
25250,91.71545194,
25251,93.34771742,
25252,95.41869566,
25253,96.77802773,
25254,99.21874469,
25255,101.1726934,
25256,102.401075,
25257,103.0950334,
25258,105.6683485,
25259,108.3079142,
25260,109.2051748,
25261,110.6864626,
25262,113.2924642,
25263,114.1315866,
25264,114.4283653,
25265,115.8496737,
25266,118.7804672,
25267,120.7281177,
25268,121.8311415,
25269,124.2258255,
25270,125.8275676,
25271,126.9799129,
25272,127.9883657,
25273,130.976157,
25274,132.5441901,
25275,133.0143388,
25276,135.3979685,
25277,137.464461,
25278,137.9796809,
25279,138.5601668,
25280,139.5506838,
25281,141.0152467,
25282,141.9008124,
25283,143.20598,
25284,144.1658735,
25285,146.4308966,
25286,147.9730775,
25287,148.5302306,
25288,149.7577111,
25289,151.1698445,
25290,152.8577528,
25291,154.11552,
25292,154.5311099,
25293,154.4393246,
25294,155.6747745,
25295,156.6167332,
25296,156.4123894,
25297,156.7720624,
25298,156.511949,
25299,156.762247,
25300,156.7253032,
25301,156.6154164,
25302,156.384058,
25303,157.2925613,
25304,157.6742729,
25305,158.4843881,
25306,158.6853305,
25307,157.5096679,
25308,158.034256,
25309,157.9928555,
25310,158.7833639,
25311,158.5212898,
25312,157.7128422,
25313,156.9751465,
25314,157.2981359,
25315,157.1055875,
25316,157.3773783,
25317,156.7223858,
25318,157.400543,
25319,157.9332113,
25320,157.3336131,
25321,157.2386943,
25322,157.4867537,
25323,156.9254082,
25324,156.9094095,
25325,156.8498794,
25326,157.3529281,
25327,157.4392237,
25328,157.2008088,
25329,157.2467501,
25330,157.2930995,
25331,157.0764897,
25332,156.9386784,
25333,157.077984,
25334,157.2428784,
25335,157.0687411,
25336,156.4578475,
25337,156.4826033,
25338,156.0178319,
25339,155.8087314,
25340,155.702852,
25341,155.4835344,
25342,155.4514985,
25343,155.1493215,
25344,154.8714036,
25345,154.6056027,
25346,154.499392,
25347,154.178754,
25348,153.8876123,
25349,152.9666752,
25350,152.5665475,
25351,151.9370583,
25352,151.167849,
25353,151.1577913,
25354,150.547546,
25355,149.6845206,
25356,148.9726661,
25357,148.4337583,
25358,147.807189,
25359,146.3731942,
25360,145.0826353,
25361,144.3774305,
25362,144.0800802,
25363,142.0061805,
25364,141.1123239,
25365,140.3018436,
25366,139.4153194,
25367,137.7124471,
25368,136.6500768,
25369,134.6256301,
25370,134.1449214,
25371,132.7880302,
25372,131.3238856,
25373,129.8000256,
25374,128.8075264,
25375,128.616169,
25376,127.3340627,
25377,125.2727914,
25378,123.7166034,
25379,122.9185008,
25380,124.2730058,
25381,122.4430279,
25382,120.4825643,
25383,119.6406331,
25384,117.3920963,
25385,116.1574394,
25386,114.1618552,
25387,112.6483401,
25388,111.2685298,
25389,111.4234362,
25390,109.4866628,
25391,107.6584541,
25392,106.1151573,
25393,104.7452304,
25394,104.2896274,
25395,101.8984283,
25396,100.2435219,
25397,99.6460562,
25398,99.03114279,
25399,98.47682399,
25400,98.47773997,
25401,95.58147303,
25402,95.76880535,
25403,96.14551906,
25404,96.35936883,
25405,96.07908049,
25406,95.21556,
25407,94.81886404,
25408,94.45956012,
25409,94.42440697,
25410,94.39757757,
25411,94.678941,
25412,94.55848901,
25413,94.13432855,
25414,93.84845751,
25415,93.72009566,
25416,94.05276887,
25417,93.8014894,
25418,94.36205392,
25419,94.28301074,
25420,94.35972705,
25421,94.42070243,
25422,94.56564212,
25423,94.48700109,
25424,94.63139225,
25425,94.59849443,
25426,94.19673421,
25427,93.92505798,
25428,93.83317879,
25429,93.65012594,
25430,93.53274854,
25431,93.61407228,
25432,93.4624261,
25433,93.15388053,
25434,93.11498383,
25435,93.31415655,
25436,92.83836072,
25437,93.40306345,
25438,93.3672702,
25439,93.20233182,
25440,92.93002117,
25441,93.30471172,
25442,93.65987814,
25443,94.23566036,
25444,94.55732764,
25445,94.88797212,
25446,95.36732146,
25447,95.80215337,
25448,96.01054209,
25449,96.68269942,
25450,97.48447097,
25451,97.72482391,
25452,97.73112226,
25453,97.7297733,
25454,98.3619032,
25455,98.78998307,
25456,99.05112976,
25457,99.19227036,
25458,99.9421766,
25459,100.7763464,
25460,101.1810276,
25461,101.6845604,
25462,102.4930999,
25463,103.6948356,
25464,103.7443371,
25465,104.1131358,
25466,104.1691689,
25467,105.3191312,
25468,107.1052121,
25469,108.4827281,
25470,109.0803854,
25471,109.3122745,
25472,110.1884747,
25473,112.107586,
25474,113.1936544,
25475,113.541567,
25476,114.331561,
25477,113.5140037,
25478,115.2664025,
25479,117.7454993,
25480,116.9265774,
25481,117.1384782,
25482,117.2342676,
25483,118.7608168,
25484,118.9788394,
25485,119.6043429,
25486,119.2993781,
25487,120.1561916,
25488,120.2990944,
25489,119.7835608,
25490,120.9204957,
25491,120.4981081,
25492,121.3022685,
25493,122.0346834,
25494,122.1606591,
25495,122.0749838,
25496,121.9746128,
25497,121.9838228,
25498,121.821719,
25499,122.0734463,
25500,122.3684195,
25501,122.6630633,
25502,122.7483987,
25503,123.2201546,
25504,123.6377331,
25505,123.7119381,
25506,123.6813425,
25507,124.3206402,
25508,124.6466001,
25509,124.9181804,
25510,125.0652407,
25511,125.7866186,
25512,126.5542391,
25513,126.6118256,
25514,126.6366757,
25515,126.9320608,
25516,127.2336259,
25517,127.4677648,
25518,127.9258197,
25519,128.3910429,
25520,128.5471342,
25521,128.6592204,
25522,128.3720134,
25523,128.9368989,
25524,129.1894639,
25525,129.5834864,
25526,130.1916967,
25527,130.6981356,
25528,130.8199274,
25529,130.4621677,
25530,130.0425154,
25531,129.4598716,
25532,129.2760233,
25533,128.8509877,
25534,128.5443486,
25535,127.7082661,
25536,127.4844043,
25537,127.1193665,
25538,126.5847786,
25539,125.294327,
25540,123.8003537,
25541,122.599239,
25542,122.2417072,
25543,122.0921163,
25544,121.0610578,
25545,120.9745259,
25546,119.3732539,
25547,119.2152967,
25548,118.8174551,
25549,117.4134697,
25550,116.4329432,
25551,115.6267974,
25552,115.0436283,
25553,115.2553369,
25554,113.7360625,
25555,112.8594058,
25556,113.3340148,
25557,113.4730887,
25558,114.0391788,
25559,111.6787978,
25560,109.2618137,
25561,108.6856567,
25562,107.879087,
25563,106.7632701,
25564,104.637846,
25565,103.9421725,
25566,103.862625,
25567,101.1325108,
25568,99.40302577,
25569,98.05007529,
25570,97.30030139,
25571,96.44335408,
25572,95.00241221,
25573,93.27118381,
25574,93.54693997,
25575,93.48302421,
25576,92.78200087,
25577,90.77561178,
25578,89.55538079,
25579,89.22694399,
25580,89.24057463,
25581,88.33772181,
25582,88.61091316,
25583,88.21509281,
25584,87.64511015,
25585,88.03544493,
25586,88.41935429,
25587,88.68460299,
25588,88.15905121,
25589,88.41098904,
25590,88.89358226,
25591,89.21317293,
25592,89.20400373,
25593,89.47521437,
25594,89.58044419,
25595,89.85608757,
25596,90.32605205,
25597,90.93034806,
25598,91.60808539,
25599,91.80759844,
25600,92.43508893,
25601,93.12183501,
25602,93.99843463,
25603,94.25434355,
25604,94.60396345,
25605,95.96907034,
25606,97.45863178,
25607,97.88977921,
25608,98.89325741,
25609,100.5593052,
25610,102.5379076,
25611,103.2497063,
25612,103.7539036,
25613,104.6829401,
25614,106.5747388,
25615,108.7308413,
25616,109.4957618,
25617,109.7184308,
25618,111.5617935,
25619,113.0769018,
25620,114.5510632,
25621,115.6350236,
25622,117.3756391,
25623,119.3831006,
25624,120.5086671,
25625,120.7617656,
25626,121.6033717,
25627,123.0460547,
25628,124.7433949,
25629,125.0716554,
25630,125.7152793,
25631,126.5981898,
25632,128.1585913,
25633,129.7792514,
25634,130.319437,
25635,130.2308008,
25636,131.144168,
25637,132.5437877,
25638,133.7615543,
25639,134.687778,
25640,135.5547477,
25641,137.2046623,
25642,138.2216912,
25643,138.740188,
25644,138.8501147,
25645,138.8920334,
25646,138.9929612,
25647,139.2624268,
25648,139.4404261,
25649,139.8060898,
25650,140.2895969,
25651,140.0980022,
25652,140.7243569,
25653,140.7845525,
25654,140.9994535,
25655,141.2130289,
25656,141.8599121,
25657,140.998316,
25658,141.0894947,
25659,140.8387339,
25660,141.1101593,
25661,141.5961359,
25662,142.0962467,
25663,142.1448826,
25664,142.5921875,
25665,142.5132131,
25666,142.4070347,
25667,141.9201527,
25668,141.687031,
25669,141.2258347,
25670,140.8576633,
25671,141.1221805,
25672,140.9818385,
25673,141.1507376,
25674,141.0756677,
25675,141.4315558,
25676,141.5806806,
25677,141.4085638,
25678,140.8620709,
25679,140.570265,
25680,140.4128312,
25681,140.4227773,
25682,140.0303209,
25683,139.1803076,
25684,138.5370246,
25685,138.2165335,
25686,137.4428624,
25687,136.3788169,
25688,135.3279304,
25689,134.9021568,
25690,133.9562882,
25691,132.3184438,
25692,131.9358742,
25693,131.2653791,
25694,130.7502861,
25695,129.7110294,
25696,128.4570313,
25697,127.9293644,
25698,127.1689666,
25699,126.7506248,
25700,126.0579445,
25701,124.9894712,
25702,124.4103438,
25703,124.2921093,
25704,124.9099798,
25705,124.2468565,
25706,123.0864565,
25707,122.5744388,
25708,122.5995415,
25709,122.2427352,
25710,121.2385517,
25711,119.4594702,
25712,119.3375639,
25713,119.0919289,
25714,117.4539663,
25715,115.631266,
25716,115.3352926,
25717,114.8028634,
25718,114.3746116,
25719,114.4716709,
25720,113.3327586,
25721,112.6570104,
25722,112.0976068,
25723,111.7931625,
25724,111.8064023,
25725,111.5250544,
25726,110.729698,
25727,109.9512104,
25728,109.5054739,
25729,109.2694874,
25730,108.5989061,
25731,107.9766868,
25732,107.7747834,
25733,106.5848446,
25734,105.9279525,
25735,105.0843009,
25736,104.9838891,
25737,104.1259261,
25738,103.2797709,
25739,102.3782029,
25740,101.8942196,
25741,100.4597765,
25742,99.86530124,
25743,98.97526664,
25744,97.34483028,
25745,96.88702036,
25746,97.0170114,
25747,96.89699899,
25748,96.28855703,
25749,95.72703208,
25750,95.55074478,
25751,95.64002169,
25752,95.74127783,
25753,95.44287715,
25754,95.70290974,
25755,95.49817655,
25756,95.56236202,
25757,95.69919838,
25758,96.17481484,
25759,96.51630017,
25760,96.79356491,
25761,97.43234724,
25762,97.71400662,
25763,98.32879685,
25764,98.98165599,
25765,99.56332124,
25766,99.94123674,
25767,100.3321113,
25768,100.4762412,
25769,101.2131461,
25770,101.6029459,
25771,102.2245731,
25772,102.544175,
25773,102.9409569,
25774,102.9004769,
25775,103.6485732,
25776,104.1160041,
25777,104.8512725,
25778,105.2812044,
25779,105.9464291,
25780,106.2562813,
25781,106.7468095,
25782,107.4342692,
25783,108.0305231,
25784,108.0157604,
25785,108.5339384,
25786,109.0451174,
25787,110.2501645,
25788,112.0062022,
25789,112.6539031,
25790,113.9263019,
25791,114.8738818,
25792,115.8765063,
25793,118.049363,
25794,118.7405353,
25795,119.2961782,
25796,121.64186,
25797,124.568463,
25798,125.1078027,
25799,126.1763081,
25800,127.9936653,
25801,129.5128167,
25802,131.5202,
25803,132.3300424,
25804,134.4293411,
25805,137.1643104,
25806,138.3077053,
25807,139.6510945,
25808,141.4124577,
25809,143.7121899,
25810,145.0517667,
25811,146.0066976,
25812,147.810648,
25813,149.8750813,
25814,151.3231816,
25815,152.1705267,
25816,153.5238485,
25817,154.3932261,
25818,155.7372198,
25819,157.0440037,
25820,157.7769035,
25821,158.040571,
25822,160.1101769,
25823,160.6388418,
25824,161.9259462,
25825,162.4101293,
25826,163.2975623,
25827,163.6614233,
25828,162.952156,
25829,162.2741044,
25830,162.2308858,
25831,162.1529115,
25832,162.3515296,
25833,161.7853517,
25834,161.5292437,
25835,161.5699565,
25836,161.6834211,
25837,161.6393085,
25838,161.8340022,
25839,161.6619921,
25840,161.2084343,
25841,160.5757609,
25842,160.2587565,
25843,160.1189098,
25844,160.1151438,
25845,159.8183746,
25846,159.5377354,
25847,158.9131822,
25848,159.0681332,
25849,158.9108135,
25850,158.0874931,
25851,156.9315252,
25852,155.5654432,
25853,155.1895003,
25854,154.7937809,
25855,154.152532,
25856,153.7968633,
25857,152.7419179,
25858,152.465885,
25859,151.2571082,
25860,149.8738025,
25861,148.5605636,
25862,148.0513435,
25863,146.9572893,
25864,145.2069296,
25865,144.2521166,
25866,143.5390533,
25867,141.5556218,
25868,139.8778422,
25869,139.23301,
25870,138.2467703,
25871,137.1197239,
25872,135.6938467,
25873,135.0449946,
25874,133.6154738,
25875,130.6429907,
25876,128.9116735,
25877,128.7557241,
25878,127.2003134,
25879,125.41471,
25880,123.4770133,
25881,123.2468932,
25882,121.0538994,
25883,118.5296777,
25884,117.8690445,
25885,117.4898974,
25886,115.4525983,
25887,114.5735781,
25888,113.9565259,
25889,112.2732473,
25890,110.4724981,
25891,109.0899848,
25892,108.7213377,
25893,107.8553019,
25894,106.7186043,
25895,105.4364731,
25896,104.5354223,
25897,103.9400932,
25898,103.1287007,
25899,101.5992559,
25900,100.2357867,
25901,99.21787016,
25902,99.66055501,
25903,97.25856973,
25904,96.18765972,
25905,95.19365986,
25906,94.78269419,
25907,95.82723719,
25908,93.78107261,
25909,92.99229069,
25910,92.09974328,
25911,91.20054097,
25912,90.53716703,
25913,88.57958516,
25914,88.03946391,
25915,87.98465344,
25916,87.44596846,
25917,84.44801327,
25918,82.99394729,
25919,82.81933084,
25920,84.34495571,
25921,83.16084545,
25922,82.7848211,
25923,82.68608189,
25924,82.33251155,
25925,82.71866038,
25926,82.7300972,
25927,82.14666249,
25928,82.00713281,
25929,82.26906649,
25930,82.82538391,
25931,83.09011876,
25932,83.2386469,
25933,83.603201,
25934,83.74380791,
25935,84.60558125,
25936,85.22062129,
25937,85.78689761,
25938,86.43310948,
25939,86.60059329,
25940,87.04435851,
25941,87.58994268,
25942,88.5302169,
25943,89.18194839,
25944,89.40070167,
25945,90.091485,
25946,91.62676052,
25947,92.84589508,
25948,93.71486646,
25949,94.36131606,
25950,94.8386107,
25951,95.77077047,
25952,97.25192493,
25953,98.18484589,
25954,98.94656335,
25955,100.3204964,
25956,102.0885344,
25957,103.1780283,
25958,103.3386587,
25959,104.6459158,
25960,106.0141683,
25961,106.5997099,
25962,107.5822233,
25963,108.237789,
25964,110.3516829,
25965,111.7879174,
25966,113.4585491,
25967,113.6805907,
25968,114.7827006,
25969,117.0591384,
25970,119.2474629,
25971,120.0202369,
25972,121.8961139,
25973,124.2957314,
25974,126.4902579,
25975,126.5938312,
25976,128.6739333,
25977,130.5814241,
25978,132.892927,
25979,133.2015367,
25980,134.2821922,
25981,137.0825414,
25982,139.3267793,
25983,139.4664591,
25984,141.0932096,
25985,142.4549831,
25986,143.8659803,
25987,144.2227162,
25988,144.6278432,
25989,146.6070592,
25990,148.8018146,
25991,149.1360338,
25992,149.5107412,
25993,150.916165,
25994,152.0265482,
25995,152.9469794,
25996,153.5589366,
25997,154.6296745,
25998,156.8975915,
25999,158.4370172,
26000,159.1720854,
26001,160.959586,
26002,162.8436581,
26003,163.3555987,
26004,163.7934517,
26005,166.6544164,
26006,168.3159703,
26007,169.0607011,
26008,170.9053221,
26009,172.7917053,
26010,174.2996811,
26011,174.9734303,
26012,176.3109492,
26013,178.7035738,
26014,179.9916395,
26015,180.7558065,
26016,182.6885031,
26017,183.5138334,
26018,183.8355882,
26019,183.9331144,
26020,184.7164612,
26021,185.5137939,
26022,185.873272,
26023,186.68637,
26024,187.1565641,
26025,187.1316512,
26026,187.0841759,
26027,186.7196689,
26028,186.3385557,
26029,185.8102537,
26030,185.3310469,
26031,184.5622861,
26032,184.1966259,
26033,183.9933399,
26034,183.3015721,
26035,183.0134683,
26036,182.528103,
26037,182.2047072,
26038,181.1270893,
26039,180.4025328,
26040,179.3649135,
26041,179.0832118,
26042,178.3068365,
26043,177.0459228,
26044,176.1145724,
26045,176.0684258,
26046,175.2673937,
26047,174.1451981,
26048,172.8804791,
26049,171.7435581,
26050,170.7558547,
26051,169.4790581,
26052,167.7520125,
26053,166.781478,
26054,166.0926494,
26055,165.2186592,
26056,163.0155921,
26057,161.4386273,
26058,159.9135677,
26059,158.8503658,
26060,156.5798134,
26061,154.8782764,
26062,153.9297687,
26063,152.595593,
26064,150.2455613,
26065,148.2275602,
26066,147.4306159,
26067,145.9107452,
26068,143.9857254,
26069,142.0837885,
26070,141.5304548,
26071,140.0962516,
26072,137.9254491,
26073,136.0491407,
26074,134.4556036,
26075,133.5342347,
26076,130.9038008,
26077,128.2840855,
26078,127.9188914,
26079,126.630867,
26080,124.6787095,
26081,122.4667027,
26082,121.8776757,
26083,120.9900679,
26084,119.1154832,
26085,117.2259986,
26086,116.1162317,
26087,114.750386,
26088,111.9283224,
26089,109.6682232,
26090,109.2564349,
26091,107.4707858,
26092,105.5623648,
26093,103.8049925,
26094,103.2200654,
26095,101.0691187,
26096,98.47865548,
26097,97.40115265,
26098,96.57413341,
26099,93.70230393,
26100,92.01237951,
26101,90.69555448,
26102,88.90430512,
26103,86.12485147,
26104,85.46448881,
26105,83.80286155,
26106,81.96717006,
26107,78.95397973,
26108,77.78091388,
26109,77.2252566,
26110,76.05935075,
26111,72.42099116,
26112,70.80444063,
26113,69.71829217,
26114,67.71667319,
26115,66.69715726,
26116,65.95108279,
26117,64.53354904,
26118,62.49963208,
26119,59.58521644,
26120,59.19171734,
26121,58.29194487,
26122,56.28729118,
26123,54.69332792,
26124,53.90051883,
26125,52.88801591,
26126,51.68665737,
26127,48.98506512,
26128,47.90645783,
26129,47.09675297,
26130,45.08897015,
26131,43.19774421,
26132,41.77753491,
26133,41.87535249,
26134,41.40645247,
26135,39.79120883,
26136,39.13992712,
26137,39.16558683,
26138,38.99849073,
26139,38.50216275,
26140,38.29457919,
26141,38.8130672,
26142,39.4770071,
26143,39.77801476,
26144,40.12564801,
26145,40.2939553,
26146,41.40171309,
26147,42.41070671,
26148,42.96492249,
26149,43.45824689,
26150,45.0225784,
26151,46.00799227,
26152,47.8440992,
26153,48.29608054,
26154,49.24921846,
26155,50.41237739,
26156,51.42067698,
26157,53.40735845,
26158,53.34500281,
26159,55.6213814,
26160,56.49312643,
26161,58.50495206,
26162,58.90074172,
26163,59.39475725,
26164,60.56003678,
26165,62.95519882,
26166,64.46075565,
26167,65.59715429,
26168,66.76669272,
26169,69.18560023,
26170,71.05382754,
26171,71.79827983,
26172,73.0480831,
26173,75.17757595,
26174,76.35559367,
26175,76.53346752,
26176,77.50034955,
26177,79.67811851,
26178,81.34486817,
26179,81.96193096,
26180,83.39675811,
26181,84.98837936,
26182,87.03700914,
26183,87.74432044,
26184,89.46803529,
26185,92.32190678,
26186,93.6592531,
26187,94.01096688,
26188,95.17035664,
26189,97.06572512,
26190,98.96332923,
26191,99.96889776,
26192,100.6465273,
26193,103.4021528,
26194,105.0661427,
26195,105.7113126,
26196,106.6207849,
26197,107.999843,
26198,109.6490817,
26199,110.1590573,
26200,110.722607,
26201,112.2355403,
26202,114.5454007,
26203,115.9838063,
26204,116.5222979,
26205,117.8918278,
26206,119.9168643,
26207,122.1480021,
26208,122.1363504,
26209,122.8455391,
26210,125.2586127,
26211,127.0216925,
26212,128.1085087,
26213,129.4463192,
26214,131.3007104,
26215,132.8137384,
26216,133.2699859,
26217,134.1712287,
26218,135.7138636,
26219,137.1893908,
26220,137.8398656,
26221,139.26517,
26222,139.8717656,
26223,140.9637725,
26224,141.7144447,
26225,142.0733682,
26226,143.3610198,
26227,144.4986655,
26228,144.8862313,
26229,145.398957,
26230,146.4492887,
26231,147.3694101,
26232,147.9357068,
26233,148.0605548,
26234,148.9846536,
26235,149.9805238,
26236,149.9123383,
26237,150.5877289,
26238,150.8274102,
26239,150.8520166,
26240,150.5989441,
26241,150.2451459,
26242,150.3475935,
26243,150.1290384,
26244,150.2449265,
26245,150.1482911,
26246,150.4781458,
26247,150.5910894,
26248,150.8934298,
26249,150.4550581,
26250,150.0039678,
26251,149.1121416,
26252,149.3807828,
26253,149.2659006,
26254,148.768319,
26255,148.3365676,
26256,148.1097618,
26257,147.5070492,
26258,146.6255469,
26259,146.4964053,
26260,146.558165,
26261,146.3275821,
26262,146.0484719,
26263,145.0901939,
26264,144.0792679,
26265,143.084049,
26266,142.7108009,
26267,142.2797728,
26268,141.2792762,
26269,140.3663891,
26270,139.709089,
26271,138.2270231,
26272,136.3098833,
26273,135.0531547,
26274,134.996813,
26275,133.6786914,
26276,131.5386992,
26277,131.0184692,
26278,129.8712936,
26279,128.3613972,
26280,125.7457666,
26281,125.2401032,
26282,124.34862,
26283,121.3590179,
26284,119.2911859,
26285,118.8334258,
26286,117.5086019,
26287,115.2625749,
26288,112.7351105,
26289,112.026351,
26290,109.7889856,
26291,106.4841749,
26292,105.2911049,
26293,103.1596271,
26294,99.78520626,
26295,97.24508714,
26296,96.40086723,
26297,94.51396012,
26298,92.41141409,
26299,91.35297433,
26300,90.46402208,
26301,88.15194493,
26302,84.59182553,
26303,83.28831643,
26304,83.01668849,
26305,80.67985752,
26306,78.06912806,
26307,76.18723842,
26308,74.75331586,
26309,72.12799815,
26310,68.98171429,
26311,68.70271022,
26312,67.43246766,
26313,66.04123653,
26314,63.36179785,
26315,62.91675982,
26316,60.90392077,
26317,58.87821772,
26318,56.30381568,
26319,55.96467873,
26320,54.32663802,
26321,52.72120697,
26322,51.76903941,
26323,51.67331353,
26324,51.45244481,
26325,49.84017419,
26326,49.25584624,
26327,49.10673387,
26328,48.91502511,
26329,48.66641274,
26330,48.97900369,
26331,49.60732363,
26332,50.08655041,
26333,49.80864281,
26334,50.69934405,
26335,52.20310519,
26336,53.60319309,
26337,53.94138789,
26338,54.94074886,
26339,57.25053461,
26340,58.23601926,
26341,58.71821871,
26342,60.27351325,
26343,62.41314256,
26344,63.53834452,
26345,64.38891203,
26346,66.83995497,
26347,70.31517007,
26348,70.72148926,
26349,73.1064824,
26350,75.94277129,
26351,77.19888582,
26352,78.78764003,
26353,81.21458333,
26354,82.64494957,
26355,84.1154252,
26356,85.85727216,
26357,88.42136553,
26358,89.94732703,
26359,91.3156104,
26360,93.31785413,
26361,96.10763285,
26362,96.63895944,
26363,98.67557195,
26364,102.0908182,
26365,103.1508347,
26366,103.8744821,
26367,105.2453263,
26368,107.8947827,
26369,108.2608131,
26370,109.4938184,
26371,111.7000373,
26372,113.6420253,
26373,113.9625108,
26374,115.6087494,
26375,117.8298577,
26376,118.6740962,
26377,119.5108568,
26378,121.5112993,
26379,124.2045991,
26380,125.2260545,
26381,126.0086582,
26382,129.3550088,
26383,130.6102404,
26384,131.6054364,
26385,133.4134437,
26386,135.6415863,
26387,135.9743004,
26388,137.6628573,
26389,140.0142713,
26390,141.4581838,
26391,142.3627392,
26392,144.6049522,
26393,146.4937971,
26394,146.7711711,
26395,148.0978138,
26396,149.5699916,
26397,150.4383619,
26398,151.2002094,
26399,152.129272,
26400,154.0567477,
26401,155.0737506,
26402,154.9033825,
26403,155.9509793,
26404,157.2333096,
26405,157.9054003,
26406,158.5151795,
26407,160.151456,
26408,160.7869321,
26409,160.5924541,
26410,161.3395612,
26411,162.4493728,
26412,162.9106103,
26413,163.6630974,
26414,163.8135389,
26415,164.1010117,
26416,164.0285909,
26417,163.5399019,
26418,163.614351,
26419,164.0658608,
26420,164.060213,
26421,164.1950769,
26422,164.1332854,
26423,164.1336042,
26424,164.0121438,
26425,163.8487223,
26426,163.7283058,
26427,164.0245171,
26428,164.0992979,
26429,163.5296734,
26430,163.1784193,
26431,162.4547342,
26432,161.9622183,
26433,161.2710357,
26434,160.5526404,
26435,160.2913968,
26436,159.7964686,
26437,158.9785378,
26438,158.5310489,
26439,157.8071213,
26440,156.2668355,
26441,155.1029752,
26442,155.2302395,
26443,155.0759798,
26444,153.9956411,
26445,153.1422963,
26446,152.5104136,
26447,150.6144076,
26448,149.780849,
26449,149.0704496,
26450,148.664791,
26451,147.3578681,
26452,146.4470934,
26453,145.9762919,
26454,144.0735707,
26455,141.9263352,
26456,141.5298063,
26457,140.6149185,
26458,138.9858583,
26459,137.9220323,
26460,137.6324117,
26461,135.0360184,
26462,134.0579953,
26463,132.8122058,
26464,130.8660127,
26465,129.2821832,
26466,128.5874783,
26467,127.3859367,
26468,124.0104637,
26469,122.1679483,
26470,122.0073352,
26471,118.3531618,
26472,116.4495793,
26473,115.4233444,
26474,113.9748036,
26475,110.317725,
26476,108.4489738,
26477,107.3501351,
26478,104.2440698,
26479,101.5561195,
26480,101.3409093,
26481,98.47805156,
26482,95.3442491,
26483,93.50701624,
26484,93.29806815,
26485,90.95760764,
26486,88.49654361,
26487,86.21669728,
26488,85.35311148,
26489,82.53724089,
26490,79.37227861,
26491,78.37920164,
26492,77.2738607,
26493,74.59003369,
26494,72.49949206,
26495,71.62444978,
26496,69.97053428,
26497,66.03023257,
26498,65.18783628,
26499,64.1669864,
26500,62.6881354,
26501,59.88856907,
26502,57.82929623,
26503,57.13599253,
26504,55.80889133,
26505,54.38000683,
26506,52.35750243,
26507,51.68182149,
26508,50.62345203,
26509,49.58518711,
26510,48.36487406,
26511,47.57270554,
26512,47.63462181,
26513,47.18064889,
26514,46.34630443,
26515,46.31726148,
26516,46.42153278,
26517,46.69228188,
26518,46.75367366,
26519,46.8271063,
26520,47.39841106,
26521,48.07104668,
26522,49.00109219,
26523,49.21925965,
26524,50.04018839,
26525,51.22785799,
26526,52.4871256,
26527,52.75450344,
26528,53.62763011,
26529,55.1521402,
26530,57.3361624,
26531,57.37437797,
26532,58.74801607,
26533,60.93231987,
26534,62.33464206,
26535,62.4634109,
26536,62.34961528,
26537,62.19593404,
26538,62.32752882,
26539,63.67793612,
26540,65.75416506,
26541,67.22513259,
26542,67.61523528,
26543,68.11342445,
26544,69.41970206,
26545,70.09620662,
26546,71.06379744,
26547,71.90214384,
26548,71.59722037,
26549,73.54235208,
26550,75.48744842,
26551,76.32357048,
26552,77.45433633,
26553,77.90822331,
26554,79.73451696,
26555,81.93557408,
26556,83.6294968,
26557,84.20777211,
26558,85.88129185,
26559,87.28359209,
26560,89.29125854,
26561,90.53079293,
26562,91.17431362,
26563,93.63500574,
26564,95.3489129,
26565,96.37063788,
26566,97.41614225,
26567,100.0821763,
26568,103.1850128,
26569,103.5906282,
26570,105.016349,
26571,107.6949969,
26572,109.7814852,
26573,110.0854217,
26574,111.6144292,
26575,114.2421717,
26576,115.7035207,
26577,115.9018671,
26578,117.7933495,
26579,119.3974623,
26580,121.2531303,
26581,121.6731535,
26582,122.4118443,
26583,124.7677915,
26584,125.9003745,
26585,126.5206019,
26586,127.458686,
26587,128.393607,
26588,129.1068314,
26589,129.2446788,
26590,129.3887204,
26591,131.0999497,
26592,133.0248433,
26593,133.779973,
26594,134.6854314,
26595,136.193348,
26596,137.568008,
26597,137.7887289,
26598,139.718888,
26599,141.7222492,
26600,142.0244184,
26601,142.7047457,
26602,144.4361116,
26603,146.6254953,
26604,146.9210411,
26605,148.2893408,
26606,150.4996097,
26607,151.2231585,
26608,151.7769257,
26609,152.4500975,
26610,153.5607407,
26611,154.2210945,
26612,154.4658202,
26613,154.8151568,
26614,155.8280644,
26615,156.2713119,
26616,156.2700425,
26617,156.4838086,
26618,156.7194427,
26619,156.7324454,
26620,156.3321575,
26621,155.5245568,
26622,155.2524285,
26623,155.6833459,
26624,155.6473016,
26625,155.240249,
26626,154.8255409,
26627,154.7689517,
26628,154.3074154,
26629,153.5908113,
26630,152.8238098,
26631,152.5072117,
26632,152.2695852,
26633,151.1137447,
26634,150.1897698,
26635,149.9842071,
26636,148.7877055,
26637,147.6746591,
26638,146.3847402,
26639,146.247606,
26640,146.1970876,
26641,144.4637772,
26642,143.0484332,
26643,142.851697,
26644,141.2983774,
26645,139.0749874,
26646,137.9052811,
26647,137.9243887,
26648,136.58198,
26649,134.7740399,
26650,133.645628,
26651,132.8654047,
26652,130.2472051,
26653,129.6503628,
26654,128.3817855,
26655,127.9205473,
26656,126.8034569,
26657,125.0451176,
26658,123.7120253,
26659,122.4422496,
26660,120.19234,
26661,118.5476075,
26662,118.6289795,
26663,116.7269168,
26664,114.8829203,
26665,113.6667916,
26666,113.1309326,
26667,110.6313286,
26668,108.581081,
26669,107.8116427,
26670,106.3201932,
26671,104.4977648,
26672,103.2337247,
26673,102.364028,
26674,100.373463,
26675,96.31907406,
26676,95.0298472,
26677,94.24385236,
26678,92.27561194,
26679,89.63944915,
26680,88.16372463,
26681,86.52275683,
26682,82.36481481,
26683,80.46949609,
26684,79.74891066,
26685,77.15338886,
26686,74.3119136,
26687,73.53552383,
26688,72.464957,
26689,70.31523011,
26690,67.07653965,
26691,66.06064271,
26692,64.83562403,
26693,62.14840942,
26694,59.99883318,
26695,58.97878545,
26696,57.14987879,
26697,54.43149803,
26698,51.94936813,
26699,51.8319577,
26700,50.84307522,
26701,48.91629596,
26702,47.62965965,
26703,47.29894817,
26704,47.23255765,
26705,44.6347019,
26706,43.029641,
26707,42.27256969,
26708,40.91372288,
26709,39.24559947,
26710,38.34019631,
26711,37.88723161,
26712,37.16536161,
26713,35.54782649,
26714,35.51652953,
26715,35.30947638,
26716,34.99654653,
26717,34.43601329,
26718,34.13690144,
26719,34.08389769,
26720,34.00089304,
26721,33.80396115,
26722,33.85350485,
26723,33.68948935,
26724,33.11816105,
26725,32.97278417,
26726,32.88661259,
26727,32.82021348,
26728,32.87831648,
26729,32.98758194,
26730,33.07276658,
26731,33.34127145,
26732,33.55595649,
26733,33.90970053,
26734,34.56183157,
26735,34.62618054,
26736,36.10414365,
26737,36.87668248,
26738,38.17371001,
26739,38.43746701,
26740,38.83720297,
26741,39.3750471,
26742,41.04290654,
26743,41.14690706,
26744,41.56063542,
26745,42.8844924,
26746,43.8114274,
26747,44.60400791,
26748,44.93533444,
26749,45.50265985,
26750,46.71510285,
26751,47.71172461,
26752,48.64610173,
26753,48.64854817,
26754,49.25884259,
26755,49.96283585,
26756,51.20551189,
26757,51.15531756,
26758,51.39741772,
26759,51.87029054,
26760,52.72197444,
26761,53.54668223,
26762,53.54962886,
26763,53.95299888,
26764,54.79343599,
26765,55.84438019,
26766,56.42536752,
26767,56.7815475,
26768,57.59054255,
26769,58.6379696,
26770,60.24479395,
26771,60.94410949,
26772,61.12996031,
26773,61.91340496,
26774,62.29107112,
26775,62.63434115,
26776,62.42222367,
26777,61.99456396,
26778,61.8583467,
26779,62.27887412,
26780,62.50222171,
26781,62.60081906,
26782,62.44362695,
26783,62.2939654,
26784,62.16075442,
26785,62.26284321,
26786,62.64886818,
26787,62.43801777,
26788,63.04385831,
26789,63.26794225,
26790,63.53751613,
26791,64.52234611,
26792,65.09529547,
26793,66.02704683,
26794,67.23856937,
26795,67.72033964,
26796,68.00861854,
26797,68.65438529,
26798,69.69743957,
26799,70.56434413,
26800,70.83034552,
26801,72.0336497,
26802,73.05398347,
26803,73.97256593,
26804,74.15681809,
26805,75.38789812,
26806,77.00927455,
26807,77.91521477,
26808,78.47320377,
26809,79.54889505,
26810,81.27998356,
26811,81.74321422,
26812,81.72436769,
26813,82.95426816,
26814,83.67422996,
26815,84.19934422,
26816,84.93924702,
26817,86.01313735,
26818,87.22261086,
26819,87.07577552,
26820,87.85489422,
26821,89.07523282,
26822,90.4094834,
26823,90.74223576,
26824,90.64751997,
26825,90.44540776,
26826,90.42527359,
26827,89.64813494,
26828,89.04864293,
26829,88.42102056,
26830,87.27903213,
26831,86.51651952,
26832,86.2150742,
26833,85.64577009,
26834,84.6891464,
26835,83.86597139,
26836,83.48386807,
26837,83.15150637,
26838,82.73801839,
26839,82.42370387,
26840,81.87658949,
26841,80.53774015,
26842,80.10556249,
26843,78.84222136,
26844,78.92060982,
26845,77.88237742,
26846,76.54175879,
26847,75.7189814,
26848,74.8722274,
26849,74.4756846,
26850,73.98785368,
26851,73.08253893,
26852,72.19335306,
26853,71.70674341,
26854,71.61136513,
26855,70.90096522,
26856,70.24679661,
26857,69.62276798,
26858,69.24038833,
26859,68.89920157,
26860,68.8787067,
26861,65.35756295,
26862,64.94263114,
26863,63.86612348,
26864,64.24358102,
26865,63.77299695,
26866,62.06102102,
26867,61.16151909,
26868,60.10423122,
26869,59.78613537,
26870,58.56593287,
26871,56.79703298,
26872,56.78542887,
26873,55.97187815,
26874,55.58685783,
26875,54.98621068,
26876,54.28259439,
26877,54.37875443,
26878,54.4370556,
26879,54.64653041,
26880,54.52037038,
26881,54.59965465,
26882,54.65717864,
26883,55.16768592,
26884,55.44496257,
26885,55.60018374,
26886,55.45037069,
26887,55.58634317,
26888,56.28327798,
26889,56.95443543,
26890,58.05817181,
26891,58.28367435,
26892,58.7832837,
26893,59.50716079,
26894,60.28686277,
26895,61.06827515,
26896,61.60246675,
26897,61.66598849,
26898,62.76714937,
26899,63.6487774,
26900,64.81997318,
26901,65.26692576,
26902,65.62790513,
26903,67.10018513,
26904,68.25914994,
26905,69.52375575,
26906,70.07592324,
26907,71.3360565,
26908,72.54010124,
26909,74.38953954,
26910,75.16433464,
26911,76.21861883,
26912,76.97151783,
26913,78.27709987,
26914,78.89444762,
26915,79.45666768,
26916,80.44549764,
26917,82.37643545,
26918,83.59789802,
26919,84.74397666,
26920,85.55969321,
26921,86.16173999,
26922,88.39308855,
26923,89.80039527,
26924,90.92881495,
26925,91.91196788,
26926,93.09971522,
26927,95.07426624,
26928,96.39223747,
26929,97.99489661,
26930,98.09829189,
26931,100.2054114,
26932,101.3434731,
26933,103.0258664,
26934,103.8191373,
26935,104.1677031,
26936,105.5723504,
26937,106.8616465,
26938,108.0951076,
26939,108.6506306,
26940,108.9388962,
26941,110.3133152,
26942,110.3056385,
26943,110.0926866,
26944,109.9669602,
26945,110.2153334,
26946,110.4034447,
26947,110.7156584,
26948,111.1829292,
26949,111.1594697,
26950,111.7598578,
26951,111.9169266,
26952,112.1067219,
26953,111.4136547,
26954,111.1913514,
26955,110.8104451,
26956,110.4709907,
26957,110.6147478,
26958,110.3617859,
26959,110.2862108,
26960,110.2774919,
26961,109.8356974,
26962,110.1465987,
26963,110.3665296,
26964,110.4557892,
26965,109.9802063,
26966,109.5287142,
26967,109.3991079,
26968,109.3053282,
26969,109.2765091,
26970,109.1818888,
26971,108.8385045,
26972,108.6271453,
26973,108.3640583,
26974,108.2171107,
26975,107.4180069,
26976,106.5467304,
26977,106.0994441,
26978,105.7506427,
26979,105.881464,
26980,105.8694024,
26981,105.3553862,
26982,104.9017941,
26983,104.8229294,
26984,104.2972463,
26985,103.5773081,
26986,103.0084513,
26987,103.1613617,
26988,103.0052213,
26989,102.6608794,
26990,102.4497694,
26991,102.4880486,
26992,102.2384968,
26993,101.9582871,
26994,101.75635,
26995,101.5811665,
26996,101.6982016,
26997,101.637047,
26998,101.2961605,
26999,101.0368739,
27000,100.7467119,
27001,99.81433924,
27002,99.28771056,
27003,98.9765572,
27004,98.78522178,
27005,97.88698367,
27006,97.19255811,
27007,96.32524715,
27008,95.8695585,
27009,95.10880003,
27010,93.79103046,
27011,93.27798792,
27012,93.45778042,
27013,92.14938087,
27014,91.00366813,
27015,90.16924205,
27016,89.72902675,
27017,89.45624974,
27018,89.16216787,
27019,87.55410367,
27020,86.95866251,
27021,86.17098019,
27022,85.29091344,
27023,84.80546502,
27024,84.63123657,
27025,82.76613258,
27026,81.449809,
27027,81.06874951,
27028,80.62896944,
27029,78.35219034,
27030,76.31829541,
27031,75.88666171,
27032,75.09849155,
27033,73.66283574,
27034,73.38906313,
27035,72.55195601,
27036,72.38640128,
27037,71.39689072,
27038,69.28182339,
27039,68.73467286,
27040,67.67730538,
27041,67.5413727,
27042,66.97054883,
27043,66.02295806,
27044,63.77687159,
27045,63.1985364,
27046,62.30706151,
27047,60.66334541,
27048,58.51387942,
27049,58.46171425,
27050,57.03080494,
27051,54.99049545,
27052,53.30614809,
27053,52.33969725,
27054,51.4020679,
27055,50.40327737,
27056,48.96729311,
27057,48.37616535,
27058,47.7453022,
27059,47.01765261,
27060,46.06163839,
27061,45.48539936,
27062,45.08678628,
27063,44.35215909,
27064,43.40911062,
27065,42.82843546,
27066,43.05124522,
27067,43.60324497,
27068,43.54622244,
27069,43.58971901,
27070,43.8234399,
27071,43.67897638,
27072,44.08102949,
27073,44.69596407,
27074,45.20079498,
27075,45.93847416,
27076,46.5102122,
27077,46.90347131,
27078,47.23279641,
27079,47.70992384,
27080,48.53125284,
27081,49.21541634,
27082,49.23225953,
27083,49.58337478,
27084,50.11091413,
27085,50.23433712,
27086,51.17171605,
27087,52.46241107,
27088,53.06150198,
27089,53.42775347,
27090,54.14494366,
27091,55.49175387,
27092,56.62271623,
27093,56.40776554,
27094,57.63560587,
27095,58.97185581,
27096,61.45762115,
27097,62.60937592,
27098,63.60254886,
27099,64.63562264,
27100,66.8302148,
27101,68.1364106,
27102,69.28386516,
27103,69.922105,
27104,72.5212304,
27105,74.19801827,
27106,75.32699029,
27107,76.03760204,
27108,77.80894767,
27109,79.68279805,
27110,81.38550209,
27111,81.66946701,
27112,83.09307921,
27113,85.09137316,
27114,87.12126702,
27115,88.13561503,
27116,89.08398114,
27117,91.76191533,
27118,93.36035569,
27119,94.25860033,
27120,95.91267715,
27121,98.65085661,
27122,99.06476739,
27123,100.1932024,
27124,102.2022177,
27125,104.348555,
27126,104.624535,
27127,105.1468934,
27128,105.2404728,
27129,105.4742647,
27130,105.5041232,
27131,105.6087438,
27132,107.6195068,
27133,109.2570208,
27134,109.7853165,
27135,110.7256644,
27136,111.8927585,
27137,114.3746007,
27138,115.4371215,
27139,116.1472316,
27140,117.680025,
27141,120.1965039,
27142,121.7186333,
27143,122.2761988,
27144,123.9644877,
27145,125.889432,
27146,127.2917507,
27147,127.4161511,
27148,128.0573162,
27149,129.484092,
27150,131.0106427,
27151,131.3445087,
27152,132.5040111,
27153,132.897185,
27154,133.6634975,
27155,133.5573583,
27156,133.5220677,
27157,133.9537318,
27158,134.3877694,
27159,134.8689871,
27160,135.2007477,
27161,135.6486268,
27162,136.3143365,
27163,137.1066553,
27164,137.4085825,
27165,138.1886418,
27166,139.5645911,
27167,140.009724,
27168,140.4663736,
27169,141.4343006,
27170,142.9251302,
27171,143.9320338,
27172,144.5401252,
27173,145.8217133,
27174,147.4536873,
27175,148.5951532,
27176,149.0852214,
27177,150.1364251,
27178,151.6947533,
27179,153.475096,
27180,154.4170908,
27181,154.9250927,
27182,156.5941073,
27183,157.3506042,
27184,158.8504678,
27185,159.4312217,
27186,161.3150673,
27187,163.2693399,
27188,164.3684767,
27189,165.3398287,
27190,165.9366793,
27191,166.7597138,
27192,167.529856,
27193,168.859975,
27194,169.4498573,
27195,170.6765783,
27196,172.381974,
27197,173.8874706,
27198,175.9010059,
27199,176.0041475,
27200,176.6258173,
27201,177.9502223,
27202,180.5325822,
27203,182.2725621,
27204,182.3332235,
27205,183.6269505,
27206,185.3489286,
27207,186.9624696,
27208,188.0643279,
27209,188.42362,
27210,190.9451041,
27211,192.6712724,
27212,192.7003453,
27213,193.7245681,
27214,195.8323644,
27215,197.8566024,
27216,199.2438201,
27217,199.5486973,
27218,200.9980006,
27219,203.2240194,
27220,204.2981963,
27221,205.1704457,
27222,206.2584097,
27223,208.4138146,
27224,209.5608363,
27225,209.8030056,
27226,210.4774059,
27227,211.735404,
27228,212.7779292,
27229,214.1055492,
27230,214.8380305,
27231,216.0374136,
27232,218.0260185,
27233,219.9032784,
27234,221.0758807,
27235,221.7826457,
27236,222.8987726,
27237,224.6519057,
27238,226.3618368,
27239,227.0385857,
27240,227.6513018,
27241,229.0087244,
27242,229.9804351,
27243,231.4531075,
27244,231.8247747,
27245,231.8975729,
27246,232.7347287,
27247,233.6620465,
27248,234.1494709,
27249,234.9915782,
27250,235.4836602,
27251,236.036749,
27252,236.4700711,
27253,237.1401381,
27254,238.5238732,
27255,239.6039247,
27256,239.9537392,
27257,239.8490044,
27258,240.5167214,
27259,241.1272191,
27260,241.336527,
27261,241.6940013,
27262,241.729538,
27263,242.0293803,
27264,242.4327311,
27265,243.3336875,
27266,244.0508993,
27267,244.1798192,
27268,244.3985156,
27269,244.6609657,
27270,245.0490127,
27271,245.3975465,
27272,245.5920754,
27273,246.0854945,
27274,246.5412729,
27275,246.9604256,
27276,247.3830178,
27277,248.0262499,
27278,248.4579816,
27279,248.7835431,
27280,248.9940516,
27281,249.3532704,
27282,249.4614652,
27283,249.4254192,
27284,249.4474281,
27285,249.4647547,
27286,249.5261087,
27287,249.9043614,
27288,249.9420963,
27289,250.0144176,
27290,250.0452169,
27291,250.0629216,
27292,250.0771393,
27293,250.059923,
27294,250.060803,
27295,249.9438901,
27296,249.7766232,
27297,249.6256656,
27298,249.3152934,
27299,249.2182088,
27300,249.2414257,
27301,249.1778028,
27302,248.8083727,
27303,248.5929845,
27304,248.6191417,
27305,248.6360876,
27306,248.6648524,
27307,248.4678914,
27308,248.4776551,
27309,248.5455602,
27310,248.6028962,
27311,248.854522,
27312,249.2462298,
27313,249.4731264,
27314,249.8614022,
27315,250.5515316,
27316,250.5405726,
27317,250.7651773,
27318,251.3266759,
27319,251.6685235,
27320,252.2763552,
27321,253.1143628,
27322,253.2072136,
27323,253.363417,
27324,253.7386323,
27325,253.9612322,
27326,254.2825626,
27327,254.9288563,
27328,255.1576612,
27329,255.5461172,
27330,256.2257241,
27331,256.810178,
27332,257.7388892,
27333,258.4748491,
27334,258.8712798,
27335,259.6668174,
27336,260.8879379,
27337,261.2857051,
27338,261.9882729,
27339,262.150029,
27340,262.2105566,
27341,262.5773353,
27342,263.5437563,
27343,263.6475204,
27344,264.0800196,
27345,263.9775957,
27346,264.5437172,
27347,264.8636012,
27348,265.2176471,
27349,265.2929292,
27350,265.4371272,
27351,265.5513874,
27352,265.6292448,
27353,265.2024714,
27354,265.5443346,
27355,265.5895066,
27356,265.4730172,
27357,265.4297884,
27358,265.2420118,
27359,265.2703098,
27360,264.917798,
27361,264.558252,
27362,264.4073114,
27363,264.1945631,
27364,263.9677492,
27365,264.244752,
27366,264.317251,
27367,264.7128078,
27368,264.5480939,
27369,264.4317263,
27370,264.3116446,
27371,264.3958951,
27372,264.3861777,
27373,264.0972369,
27374,264.2169205,
27375,265.2379603,
27376,265.4453557,
27377,265.2946587,
27378,264.5245968,
27379,264.5147236,
27380,264.510345,
27381,264.4154762,
27382,263.8869196,
27383,262.8172856,
27384,263.4494588,
27385,262.839236,
27386,262.4863066,
27387,262.4152578,
27388,263.2203758,
27389,263.0587508,
27390,262.250772,
27391,261.9068073,
27392,262.8486592,
27393,261.667262,
27394,261.7616953,
27395,260.5980077,
27396,261.0136776,
27397,260.2680309,
27398,259.6481526,
27399,260.3283858,
27400,260.0288359,
27401,260.7798021,
27402,261.4692938,
27403,261.4372466,
27404,260.4600157,
27405,260.3062237,
27406,260.3071563,
27407,260.4103073,
27408,259.563814,
27409,259.1612033,
27410,258.7675452,
27411,258.3926439,
27412,257.2821561,
27413,256.2484061,
27414,256.3242174,
27415,255.1673544,
27416,254.1965171,
27417,253.9300683,
27418,254.0925098,
27419,252.8181135,
27420,252.2068078,
27421,251.4998585,
27422,250.4410962,
27423,250.282845,
27424,249.9029777,
27425,249.2547868,
27426,249.0932506,
27427,248.6282963,
27428,248.7177195,
27429,248.9270807,
27430,248.9410177,
27431,248.7889021,
27432,248.7475183,
27433,248.6725843,
27434,248.5155358,
27435,248.5843616,
27436,248.7578591,
27437,249.6337424,
27438,250.1424039,
27439,250.6915915,
27440,251.018625,
27441,251.6638024,
27442,251.8223339,
27443,251.9006351,
27444,251.6055538,
27445,251.4111752,
27446,251.0601811,
27447,251.26522,
27448,251.218672,
27449,250.6965965,
27450,250.6038194,
27451,250.4026014,
27452,250.3671922,
27453,250.1810621,
27454,250.0787271,
27455,250.298271,
27456,250.2842933,
27457,250.2455251,
27458,250.3995421,
27459,250.6452775,
27460,250.6053399,
27461,250.6019583,
27462,249.9616165,
27463,249.9488257,
27464,249.9027513,
27465,249.7650754,
27466,249.926371,
27467,250.0846836,
27468,250.1830177,
27469,250.6705417,
27470,250.8079656,
27471,250.8039783,
27472,251.1818906,
27473,251.2807777,
27474,251.4957125,
27475,251.5578702,
27476,251.5405067,
27477,252.1902772,
27478,252.7326863,
27479,252.906793,
27480,253.2631823,
27481,253.6397723,
27482,253.923685,
27483,254.1559742,
27484,254.3800206,
27485,254.7153899,
27486,255.2961246,
27487,255.5757938,
27488,256.0150561,
27489,257.0796792,
27490,258.1577884,
27491,258.8239514,
27492,259.4625706,
27493,259.6703019,
27494,260.3517723,
27495,260.8905183,
27496,261.0728839,
27497,261.7251775,
27498,262.6413034,
27499,262.7384728,
27500,262.779058,
27501,263.1687554,
27502,264.424021,
27503,265.4162935,
27504,266.2569158,
27505,266.7496487,
27506,268.0371799,
27507,269.3297302,
27508,269.904295,
27509,270.7369704,
27510,272.3563452,
27511,273.7191337,
27512,274.2476337,
27513,274.660528,
27514,275.922292,
27515,277.1630833,
27516,278.5327932,
27517,278.9860709,
27518,278.8833318,
27519,279.8235058,
27520,280.6838597,
27521,281.1798331,
27522,281.6771791,
27523,281.9548296,
27524,282.9445929,
27525,284.1334226,
27526,284.399215,
27527,285.2038994,
27528,285.5694113,
27529,286.3472279,
27530,288.0518114,
27531,288.5670904,
27532,289.4906519,
27533,291.4103686,
27534,292.669636,
27535,293.4550559,
27536,294.1886692,
27537,295.0043799,
27538,295.7703241,
27539,296.6910502,
27540,298.4682114,
27541,298.7263904,
27542,299.2237778,
27543,299.9006357,
27544,300.4183407,
27545,300.7422798,
27546,301.3928605,
27547,301.5122447,
27548,301.6343803,
27549,301.9621343,
27550,301.9742273,
27551,301.974952,
27552,302.1067053,
27553,302.2257808,
27554,302.2292659,
27555,302.1638955,
27556,302.0575194,
27557,302.5161799,
27558,302.6214923,
27559,302.7133729,
27560,302.9159043,
27561,303.0658855,
27562,303.2268773,
27563,303.3193633,
27564,303.4190977,
27565,303.4597007,
27566,303.5976458,
27567,303.5995007,
27568,303.5508712,
27569,303.5624201,
27570,303.630083,
27571,303.6675688,
27572,303.6675688,
27573,303.7139002,
27574,303.6796084,
27575,303.7363847,
27576,303.7064863,
27577,303.6192588,
27578,303.671524,
27579,303.6817752,
27580,303.60157,
27581,303.7993863,
27582,303.8065797,
27583,303.8749694,
27584,303.9436627,
27585,303.979129,
27586,303.9270086,
27587,304.1029576,
27588,303.9460502,
27589,303.949215,
27590,304.0224515,
27591,304.077138,
27592,303.9833155,
27593,304.077138,
27594,304.077138,
27595,304.2035076,
27596,303.9373259,
27597,304.0803389,
27598,304.1070158,
27599,304.2904316,
27600,304.0651071,
27601,304.1342157,
27602,304.0961486,
27603,304.3699417,
27604,304.2306045,
27605,304.1080638,
27606,304.2810443,
27607,304.4576277,
27608,304.4056685,
27609,304.3108987,
27610,304.3611225,
27611,304.4013905,
27612,304.4438633,
27613,304.5007616,
27614,304.5007616,
27615,304.419043,
27616,304.4469573,
27617,304.471554,
27618,304.4344327,
27619,304.4344327,
27620,304.4319488,
27621,304.5834462,
27622,304.5766823,
27623,304.4801753,
27624,304.4255559,
27625,304.5754815,
27626,304.6650271,
27627,304.5527103,
27628,304.5159125,
27629,304.5551695,
27630,304.5998587,
27631,304.4138412,
27632,304.3869317,
27633,304.3748217,
27634,304.5057719,
27635,304.7093325,
27636,304.4613798,
27637,304.5397417,
27638,304.6606906,
27639,304.632637,
27640,304.5286501,
27641,304.6841116,
27642,304.5921207,
27643,304.6537736,
27644,304.6773884,
27645,304.6352103,
27646,304.7485757,
27647,304.6068364,
27648,304.7264651,
27649,304.8031771,
27650,304.6843485,
27651,304.7929734,
27652,304.8272936,
27653,304.720269,
27654,304.5982646,
27655,304.6473319,
27656,304.5705,
27657,304.6994568,
27658,304.8304509,
27659,304.6862181,
27660,304.9842551,
27661,304.9709841,
27662,305.0177662,
27663,304.713935,
27664,304.781624,
27665,304.6506311,
27666,304.7056889,
27667,304.7303622,
27668,304.822881,
27669,304.9360225,
27670,304.9285634,
27671,305.0426001,
27672,304.9733775,
27673,304.8836925,
27674,304.8324581,
27675,304.8113968,
27676,305.0546538,
27677,305.175058,
27678,305.2002475,
27679,305.1253635,
27680,305.2224356,
27681,304.9147357,
27682,304.9401271,
27683,305.1457086,
27684,305.165698,
27685,305.1084818,
27686,305.216091,
27687,305.1665998,
27688,305.1986811,
27689,305.224591,
27690,305.2162189,
27691,305.2162189,
27692,305.2347759,
27693,305.2398281,
27694,305.2934667,
27695,305.2793348,
27696,305.3162386,
27697,305.3223294,
27698,305.2744532,
27699,305.2383286,
27700,305.2608739,
27701,305.3262887,
27702,305.3684943,
27703,305.2558415,
27704,305.3249266,
27705,305.3249266,
27706,305.3249266,
27707,305.2697656,
27708,305.3970137,
27709,305.3327547,
27710,305.3624295,
27711,305.3342766,
27712,305.3548054,
27713,305.1578856,
27714,305.1719818,
27715,305.1719818,
27716,305.4180179,
27717,305.4180179,
27718,305.3918581,
27719,305.219912,
27720,305.3439849,
27721,305.3194417,
27722,305.3788016,
27723,305.2766145,
27724,305.3584174,
27725,305.3183899,
27726,305.3679412,
27727,305.4370865,
27728,305.4416532,
27729,305.3633744,
27730,305.4552508,
27731,305.4041067,
27732,305.340431,
27733,305.3382548,
27734,305.3294703,
27735,305.4041067,
27736,305.3725809,
27737,305.3969973,
27738,305.4271982,
27739,305.406452,
27740,305.2766364,
27741,305.192693,
27742,305.2090572,
27743,305.2607962,
27744,305.4549366,
27745,305.3675228,
27746,305.2739794,
27747,305.402763,
27748,305.4338269,
27749,305.5060404,
27750,305.4831119,
27751,305.5784564,
27752,305.4027506,
27753,305.3742576,
27754,305.4513786,
27755,305.3678774,
27756,305.528087,
27757,305.6106569,
27758,305.4151345,
27759,305.4550859,
27760,305.1004222,
27761,304.7950305,
27762,304.4920727,
27763,303.8863259,
27764,303.4491358,
27765,303.0360832,
27766,303.0387437,
27767,302.6158406,
27768,302.3446797,
27769,302.5375004,
27770,302.5644511,
27771,302.2082067,
27772,302.354002,
27773,302.0427206,
27774,301.4008571,
27775,300.5892779,
27776,300.2304348,
27777,299.8303144,
27778,299.2373773,
27779,298.7684201,
27780,298.5287938,
27781,297.9418064,
27782,297.5426179,
27783,297.2658927,
27784,296.8318801,
27785,295.9913804,
27786,295.4244446,
27787,294.6993794,
27788,294.2815754,
27789,293.7378305,
27790,293.400314,
27791,292.3601926,
27792,291.4890821,
27793,291.0056883,
27794,289.9881508,
27795,289.5939483,
27796,288.2078134,
27797,287.4665072,
27798,287.0332027,
27799,286.205866,
27800,285.5715155,
27801,284.9333674,
27802,283.9445673,
27803,282.7514469,
27804,282.4197428,
27805,281.4962128,
27806,280.9938508,
27807,280.0086807,
27808,278.8072925,
27809,277.7733308,
27810,277.2007031,
27811,276.5434157,
27812,275.4039189,
27813,273.6734535,
27814,272.2080686,
27815,271.5374794,
27816,270.316218,
27817,270.0498493,
27818,269.9922109,
27819,270.2532753,
27820,270.2151897,
27821,269.4995312,
27822,269.1622761,
27823,268.6436337,
27824,268.4607956,
27825,267.7467419,
27826,268.5618597,
27827,268.5128026,
27828,268.4440049,
27829,267.893034,
27830,268.4422663,
27831,267.5614379,
27832,266.9956062,
27833,266.4026249,
27834,266.3055837,
27835,266.3591707,
27836,266.3060154,
27837,266.2373099,
27838,266.5082815,
27839,266.3479328,
27840,266.3508845,
27841,266.4766171,
27842,266.5022428,
27843,265.3774683,
27844,264.7215235,
27845,263.8068882,
27846,263.4224784,
27847,262.8261047,
27848,262.2519293,
27849,261.5720526,
27850,261.224469,
27851,260.9823898,
27852,261.2845222,
27853,260.6949361,
27854,260.0412553,
27855,260.2082259,
27856,260.3503555,
27857,260.274201,
27858,260.6314918,
27859,261.3229144,
27860,261.7493677,
27861,261.7646629,
27862,262.4113517,
27863,262.7296762,
27864,263.2901998,
27865,263.4255021,
27866,263.8080931,
27867,264.0950852,
27868,264.4786483,
27869,265.2523355,
27870,265.8269422,
27871,266.5316381,
27872,267.1075335,
27873,267.9305931,
27874,268.8452779,
27875,269.653432,
27876,269.9340796,
27877,270.0710943,
27878,271.1006735,
27879,271.9573249,
27880,272.9688733,
27881,273.4665824,
27882,273.5117894,
27883,275.0555301,
27884,276.5515414,
27885,277.7061454,
27886,278.2034024,
27887,279.1966031,
27888,280.5393887,
27889,282.0727538,
27890,282.6728094,
27891,283.5671693,
27892,284.0710393,
27893,285.8730147,
27894,286.5460627,
27895,286.7260427,
27896,286.798252,
27897,287.1215236,
27898,287.5366513,
27899,288.21937,
27900,289.0772949,
27901,289.5769597,
27902,290.0428277,
27903,290.8842364,
27904,291.1987749,
27905,291.7249514,
27906,292.8357611,
27907,293.284402,
27908,294.3660564,
27909,295.3171272,
27910,296.3935631,
27911,297.1686133,
27912,297.613647,
27913,297.9991133,
27914,299.8123341,
27915,301.0898135,
27916,301.5186805,
27917,302.3383965,
27918,303.6964678,
27919,305.1745462,
27920,306.2017231,
27921,306.4394995,
27922,306.8297116,
27923,306.8648022,
27924,307.7430428,
27925,308.600413,
27926,309.9966614,
27927,310.2272987,
27928,310.643948,
27929,311.5973091,
27930,313.2878345,
27931,314.9793859,
27932,315.3385152,
27933,316.1037198,
27934,317.873737,
27935,318.7821705,
27936,319.7370829,
27937,320.0424921,
27938,320.7366218,
27939,321.9440604,
27940,323.0280315,
27941,323.4830284,
27942,323.8479955,
27943,325.2420674,
27944,326.360061,
27945,327.1506325,
27946,327.5446615,
27947,327.6784216,
27948,328.1224853,
27949,327.825421,
27950,327.9327078,
27951,328.0364059,
27952,327.7321647,
27953,327.7916205,
27954,327.2613805,
27955,327.4044051,
27956,327.2794812,
27957,326.8864757,
27958,326.4577713,
27959,325.5405109,
27960,325.3097589,
27961,324.7391993,
27962,324.502718,
27963,324.117911,
27964,323.596735,
27965,323.0805274,
27966,322.8667469,
27967,322.3789253,
27968,322.2579955,
27969,321.72559,
27970,321.7075872,
27971,321.5123308,
27972,321.5177362,
27973,321.4537882,
27974,321.834587,
27975,321.8021364,
27976,321.4741744,
27977,320.7507033,
27978,320.5274646,
27979,320.6622164,
27980,320.4847031,
27981,320.2650308,
27982,320.1742758,
27983,319.8436468,
27984,319.6323336,
27985,319.2418503,
27986,319.0571717,
27987,319.3223536,
27988,319.1754075,
27989,319.7069639,
27990,319.7227835,
27991,319.7267228,
27992,319.7383044,
27993,319.7527231,
27994,320.2167054,
27995,320.5524658,
27996,320.2794576,
27997,320.8532805,
27998,321.3565663,
27999,321.7052702,
28000,321.5333943,
28001,321.1555055,
28002,320.7241443,
28003,320.6551739,
28004,320.5450866,
28005,320.2469315,
28006,319.3922977,
28007,318.8809597,
28008,318.7228957,
28009,318.8518299,
28010,318.0411563,
28011,317.4625404,
28012,316.758058,
28013,316.5690103,
28014,316.7582246,
28015,317.1726497,
28016,315.7834688,
28017,315.4531552,
28018,315.8136663,
28019,315.6599524,
28020,315.8600995,
28021,316.5058504,
28022,315.933273,
28023,315.7822324,
28024,315.8312852,
28025,315.6078634,
28026,315.263957,
28027,314.3286359,
28028,314.1037662,
28029,313.3571346,
28030,313.08497,
28031,311.6626897,
28032,310.3588501,
28033,309.3958349,
28034,309.1351365,
28035,308.5225961,
28036,307.6870607,
28037,306.3035726,
28038,304.8215349,
28039,303.6431669,
28040,302.8513503,
28041,301.433488,
28042,300.1103944,
28043,298.9263198,
28044,297.7069392,
28045,297.4271972,
28046,296.4943562,
28047,295.7439694,
28048,294.1762023,
28049,294.3384614,
28050,294.1758775,
28051,292.7309118,
28052,292.340641,
28053,292.1791082,
28054,292.5563431,
28055,292.6688828,
28056,293.277273,
28057,293.9208202,
28058,293.9703359,
28059,294.0437645,
28060,294.2943848,
28061,294.5063221,
28062,295.1026141,
28063,295.5008589,
28064,295.4526138,
28065,295.7164805,
28066,296.0739807,
28067,296.4555793,
28068,297.1323875,
28069,297.6048436,
28070,297.6098909,
28071,297.9414853,
28072,297.8352069,
28073,298.5090862,
28074,299.5174902,
28075,299.9632687,
28076,299.8815084,
28077,299.6149666,
28078,300.1592365,
28079,300.5529564,
28080,300.9418535,
28081,301.4451403,
28082,302.3624414,
28083,303.1506867,
28084,303.5359063,
28085,304.2641513,
28086,304.9938434,
28087,305.0778051,
28088,305.6074479,
28089,306.2517536,
28090,306.4783271,
28091,307.0028752,
28092,308.5258797,
28093,309.3564005,
28094,310.1056788,
28095,310.3504453,
28096,311.066631,
28097,313.2950184,
28098,314.0054384,
28099,315.0183078,
28100,316.0109987,
28101,316.6148969,
28102,317.9361179,
28103,320.167197,
28104,321.0598055,
28105,320.9997868,
28106,322.4618344,
28107,323.688671,
28108,324.2215367,
28109,324.7574888,
28110,324.6788666,
28111,325.0774306,
28112,325.2007195,
28113,325.4273697,
28114,326.1958098,
28115,326.5904532,
28116,327.104848,
28117,327.9720149,
28118,329.0113311,
28119,329.0764408,
28120,329.1023517,
28121,329.1618208,
28122,328.5772745,
28123,328.8402431,
28124,329.6022342,
28125,330.292199,
28126,330.2083402,
28127,330.5110447,
28128,330.9118189,
28129,331.1223392,
28130,331.6436694,
28131,332.1699785,
28132,332.8765044,
28133,333.9607893,
28134,334.5404339,
28135,334.9022444,
28136,335.6383778,
28137,336.3495678,
28138,337.3365513,
28139,337.8128178,
28140,337.8952878,
28141,338.2527227,
28142,338.7939626,
28143,339.3386823,
28144,340.0514153,
28145,340.7846121,
28146,341.4040231,
28147,342.1098208,
28148,343.1661424,
28149,343.7790184,
28150,343.9450492,
28151,344.7025035,
28152,345.7448764,
28153,346.0213768,
28154,346.269155,
28155,346.5997071,
28156,347.0541049,
28157,347.8424422,
28158,347.9995288,
28159,347.8591562,
28160,347.9804953,
28161,348.3514134,
28162,348.6454586,
28163,348.9578275,
28164,348.9396138,
28165,348.8098655,
28166,348.9311494,
28167,348.5645794,
28168,348.2852244,
28169,347.7127294,
28170,347.3570245,
28171,347.0993782,
28172,346.9487708,
28173,346.844737,
28174,346.1826999,
28175,345.9498536,
28176,345.674008,
28177,344.9156825,
28178,344.4795799,
28179,343.9935961,
28180,343.2242253,
28181,342.4970006,
28182,341.9007983,
28183,341.9115859,
28184,341.9106096,
28185,340.9754274,
28186,340.5289167,
28187,340.5351261,
28188,340.7599,
28189,340.1338098,
28190,339.0954611,
28191,338.8534385,
28192,337.7434299,
28193,336.1988031,
28194,335.2693528,
28195,334.6465792,
28196,334.1504191,
28197,332.7866711,
28198,331.6552845,
28199,330.9979596,
28200,331.3603626,
28201,330.9124865,
28202,331.0847927,
28203,329.8083535,
28204,328.3473513,
28205,327.1222881,
28206,327.6375509,
28207,326.6530841,
28208,325.9704303,
28209,326.4477041,
28210,326.2167474,
28211,324.5284482,
28212,324.3022885,
28213,324.6562672,
28214,324.7864197,
28215,323.087816,
28216,322.2729106,
28217,323.3314724,
28218,322.6435648,
28219,323.1469459,
28220,323.3154522,
28221,322.4829859,
28222,322.1286506,
28223,322.2581795,
28224,322.3346798,
28225,321.599959,
28226,321.2263117,
28227,320.4128235,
28228,319.9877228,
28229,319.1578444,
28230,318.4282315,
28231,317.4126857,
28232,315.9587137,
28233,315.1533944,
28234,315.2841585,
28235,313.8356646,
28236,313.0945528,
28237,310.6852396,
28238,310.314554,
28239,309.7353981,
28240,308.5954676,
28241,307.2286702,
28242,305.9181968,
28243,305.5613261,
28244,305.0913164,
28245,302.9551508,
28246,301.6828376,
28247,300.6345327,
28248,299.5184659,
28249,298.0747513,
28250,296.7421371,
28251,296.1483721,
28252,294.71565,
28253,292.8090632,
28254,291.3459646,
28255,290.9763617,
28256,288.9676143,
28257,286.8766594,
28258,286.091111,
28259,285.2587386,
28260,283.3635538,
28261,283.4846311,
28262,283.1336807,
28263,283.0122054,
28264,283.4870588,
28265,283.3146373,
28266,282.3508791,
28267,281.2610055,
28268,280.8869506,
28269,280.0101545,
28270,278.302686,
28271,276.7091489,
28272,276.3349437,
28273,275.2031789,
28274,273.9430937,
28275,272.1901637,
28276,270.4136754,
28277,269.3205167,
28278,268.1335017,
28279,265.8232439,
28280,263.8596871,
28281,263.3851879,
28282,261.8755018,
28283,260.8754753,
28284,258.9967613,
28285,258.7249922,
28286,258.5533788,
28287,256.7746612,
28288,254.6586486,
28289,253.5421651,
28290,252.5149438,
28291,250.5563982,
28292,248.3996976,
28293,246.966726,
28294,246.3886299,
28295,245.7776209,
28296,244.1557655,
28297,242.0496229,
28298,241.2980082,
28299,240.1540864,
28300,239.0985963,
28301,237.8051006,
28302,236.3529648,
28303,234.7724343,
28304,233.5867348,
28305,232.1142897,
28306,230.3101427,
28307,229.0578382,
28308,228.590356,
28309,227.6483181,
28310,225.8761994,
28311,224.6357519,
28312,224.4572197,
28313,223.1179879,
28314,221.1531034,
28315,220.3389867,
28316,218.0968621,
28317,217.6806012,
28318,216.4960722,
28319,214.3509754,
28320,212.3669977,
28321,212.1009398,
28322,211.9171967,
28323,209.6307155,
28324,207.7308532,
28325,206.296007,
28326,205.7068053,
28327,203.5036302,
28328,201.4166944,
28329,199.9782461,
28330,199.5170455,
28331,197.5317375,
28332,195.0942381,
28333,193.1992521,
28334,192.3553736,
28335,190.5125843,
28336,188.6595474,
28337,187.785895,
28338,185.8736382,
28339,183.4206667,
28340,181.825567,
28341,180.6871193,
28342,179.9076235,
28343,178.035164,
28344,175.8328589,
28345,174.81335,
28346,173.1929887,
28347,169.7151709,
28348,167.5028243,
28349,167.8036981,
28350,165.8002814,
28351,163.7676649,
28352,162.4476899,
28353,161.6280534,
28354,159.8991282,
28355,157.5115662,
28356,156.4148009,
28357,155.9090331,
28358,154.2432587,
28359,152.1495251,
28360,150.564859,
28361,149.8041528,
28362,146.9538853,
28363,145.3964747,
28364,144.9079719,
28365,144.4724133,
28366,141.8536222,
28367,140.75759,
28368,139.8383862,
28369,137.680438,
28370,136.2644365,
28371,135.259377,
28372,134.9548996,
28373,132.5750434,
28374,131.0546399,
28375,130.8459587,
28376,130.0874991,
28377,127.8204922,
28378,126.5658299,
28379,126.0982442,
28380,124.9657855,
28381,124.68807,
28382,123.5487838,
28383,122.6553761,
28384,120.7932986,
28385,119.3241173,
28386,119.0586252,
28387,118.5141299,
28388,117.3114792,
28389,116.4114168,
28390,116.1918129,
28391,115.4245378,
28392,114.1275849,
28393,113.0903698,
28394,112.5836185,
28395,112.8096471,
28396,111.6425373,
28397,111.0327669,
28398,110.6807014,
28399,109.8056029,
28400,108.937858,
28401,106.8070236,
28402,105.471207,
28403,104.808587,
28404,103.6067958,
28405,102.0840638,
28406,101.0645222,
28407,100.2746191,
28408,99.09428586,
28409,97.4101433,
28410,95.16106944,
28411,94.15179162,
28412,93.67024768,
28413,92.67057351,
28414,91.27347992,
28415,90.6342499,
28416,90.45820768,
28417,90.64157113,
28418,89.86422108,
28419,88.42726809,
28420,88.74406495,
28421,88.16784421,
28422,87.9931279,
28423,88.06907596,
28424,86.32350303,
28425,85.9116328,
28426,85.72249353,
28427,85.19151794,
28428,84.83341514,
28429,84.34563217,
28430,84.54545692,
28431,85.08029763,
28432,85.51840493,
28433,85.6800483,
28434,85.53026213,
28435,85.90346706,
28436,85.66468881,
28437,85.07542348,
28438,84.96495312,
28439,84.95143754,
28440,85.11836264,
28441,85.11638008,
28442,84.92729305,
28443,84.96957883,
28444,85.13760167,
28445,85.23827215,
28446,85.22112756,
28447,85.48364653,
28448,86.04242554,
28449,86.24396207,
28450,86.52204989,
28451,87.08432077,
28452,88.1607084,
28453,88.44116561,
28454,88.35162992,
28455,88.92235581,
28456,90.3178787,
28457,90.57587959,
28458,90.8143352,
28459,91.09257787,
28460,91.94133637,
28461,92.79407127,
28462,93.47092727,
28463,93.67056967,
28464,94.95303245,
28465,95.53722582,
28466,95.95635922,
28467,97.0216769,
28468,98.45831462,
28469,99.29051759,
28470,99.97494387,
28471,101.1802597,
28472,102.8567481,
28473,104.2706114,
28474,104.3651418,
28475,106.3258477,
28476,108.0724229,
28477,109.5345938,
28478,110.2556978,
28479,111.6947913,
28480,113.5128683,
28481,114.4889234,
28482,115.2093246,
28483,117.0581051,
28484,119.374237,
28485,121.5111125,
28486,121.7307309,
28487,122.6720869,
28488,123.5884905,
28489,123.6417825,
28490,125.0444429,
28491,125.7272521,
28492,125.6945797,
28493,126.2527868,
28494,127.3632921,
28495,127.3322927,
28496,127.2858962,
28497,126.7313471,
28498,127.0744382,
28499,127.3368002,
28500,127.9710503,
28501,127.7358335,
28502,127.8022473,
28503,127.767656,
28504,127.6153242,
28505,127.780717,
28506,127.8322148,
28507,127.453437,
28508,127.657198,
28509,127.1708504,
28510,127.5378329,
28511,127.5665295,
28512,127.8499581,
28513,127.0424743,
28514,127.0311691,
28515,126.2006208,
28516,126.3060732,
28517,126.277249,
28518,125.4475897,
28519,125.1824913,
28520,125.2001535,
28521,125.3392642,
28522,125.8669231,
28523,125.8830452,
28524,125.8767622,
28525,125.6823765,
28526,125.5923657,
28527,124.9316078,
28528,124.2367297,
28529,124.2307489,
28530,123.4522132,
28531,123.2604985,
28532,122.6420697,
28533,122.546912,
28534,122.5136223,
28535,122.713835,
28536,123.0645989,
28537,123.5390143,
28538,123.2730522,
28539,123.114815,
28540,123.0901053,
28541,122.804883,
28542,123.0270925,
28543,122.9612952,
28544,122.2800122,
28545,121.9952879,
28546,121.3636624,
28547,121.5799969,
28548,121.5740561,
28549,121.4226239,
28550,121.4028922,
28551,121.93798,
28552,121.4890175,
28553,121.5862725,
28554,121.8867759,
28555,122.2932949,
28556,122.3554438,
28557,122.2784722,
28558,122.2513717,
28559,122.2692057,
28560,121.9152709,
28561,122.0548899,
28562,123.3886327,
28563,123.7703445,
28564,123.8164964,
28565,122.7461367,
28566,123.8177919,
28567,123.0173138,
28568,123.0305192,
28569,123.4842245,
28570,123.3718208,
28571,123.1862264,
28572,121.9061308,
28573,121.3623985,
28574,121.2325705,
28575,122.3541581,
28576,121.8627932,
28577,122.2552844,
28578,121.021168,
28579,119.0677671,
28580,119.3681959,
28581,118.1213161,
28582,117.5582807,
28583,116.6495971,
28584,114.5742283,
28585,113.4434879,
28586,112.8001402,
28587,113.3861701,
28588,111.7334119,
28589,110.2142902,
28590,108.9418262,
28591,107.8556034,
28592,106.1166293,
28593,105.7012753,
28594,105.8804195,
28595,102.8969723,
28596,102.4048507,
28597,99.82457524,
28598,99.31091625,
28599,98.58831538,
28600,96.61493382,
28601,94.60555766,
28602,94.04407187,
28603,93.28074119,
28604,91.95770285,
28605,89.76163561,
28606,88.88651217,
28607,89.18832412,
28608,89.11404455,
28609,88.28957479,
28610,87.94072713,
28611,86.65795942,
28612,87.49645076,
28613,87.0677006,
28614,87.41648159,
28615,87.02375027,
28616,87.24527595,
28617,87.2341174,
28618,87.72768872,
28619,88.15698116,
28620,88.4064814,
28621,88.69028868,
28622,88.98952698,
28623,89.24113988,
28624,89.51339626,
28625,89.64760408,
28626,89.78829812,
28627,89.86034267,
28628,89.6432484,
28629,89.88388785,
28630,89.9249118,
28631,89.70258478,
28632,89.79562027,
28633,89.73222344,
28634,90.22914741,
28635,90.61726727,
28636,90.81648547,
28637,91.59477658,
28638,92.17151966,
28639,92.31597622,
28640,92.50002123,
28641,92.37947957,
28642,92.74037579,
28643,93.04108967,
28644,92.95711875,
28645,92.82806086,
28646,92.858354,
28647,92.47226268,
28648,91.72388033,
28649,91.70915946,
28650,91.78505394,
28651,91.52252584,
28652,91.26082,
28653,91.35701033,
28654,91.11568543,
28655,91.89496186,
28656,92.52855205,
28657,92.9650512,
28658,93.81766703,
28659,95.08322267,
28660,95.2548583,
28661,96.14403849,
28662,97.56258659,
28663,98.51396304,
28664,100.1521217,
28665,101.4544813,
28666,102.273769,
28667,103.2567069,
28668,104.1856098,
28669,105.3872862,
28670,106.75343,
28671,107.9662531,
28672,108.9284973,
28673,109.7764826,
28674,111.6055428,
28675,113.8359244,
28676,114.7147211,
28677,115.6524203,
28678,116.557402,
28679,118.3301111,
28680,118.2794477,
28681,119.6008748,
28682,119.8255304,
28683,121.3546474,
28684,121.9111627,
28685,122.1891859,
28686,122.9907548,
28687,124.0152247,
28688,123.9558907,
28689,124.3407676,
28690,124.792481,
28691,125.1800516,
28692,125.9381616,
28693,126.0234578,
28694,125.8916315,
28695,126.1357874,
28696,126.2120095,
28697,125.6038737,
28698,125.2589187,
28699,124.6841077,
28700,125.2008624,
28701,125.6248692,
28702,125.9897084,
28703,125.6731363,
28704,125.1642405,
28705,125.5735129,
28706,125.2614673,
28707,124.9418436,
28708,124.5458713,
28709,124.2083695,
28710,123.7196614,
28711,123.7829402,
28712,123.4804026,
28713,123.2987631,
28714,123.2339589,
28715,123.0086486,
28716,122.6196258,
28717,122.3229798,
28718,121.922466,
28719,121.6198809,
28720,121.047676,
28721,119.8113383,
28722,118.9937204,
28723,118.5973031,
28724,118.0876888,
28725,117.2900789,
28726,116.595973,
28727,115.3305861,
28728,114.9184515,
28729,113.7989269,
28730,112.0804373,
28731,110.2793716,
28732,110.2411342,
28733,109.6351006,
28734,108.4608045,
28735,107.9706481,
28736,107.3662431,
28737,106.83215,
28738,105.1148476,
28739,103.5785747,
28740,102.7233993,
28741,102.2684173,
28742,101.1365988,
28743,99.86550534,
28744,99.03542903,
28745,98.43643922,
28746,96.78857226,
28747,95.30545617,
28748,94.44036115,
28749,93.71641421,
28750,92.13941692,
28751,91.98682199,
28752,90.66493776,
28753,89.7259142,
28754,87.77991559,
28755,86.8857375,
28756,85.55159395,
28757,85.12859718,
28758,84.94429001,
28759,84.56172305,
28760,84.17311742,
28761,84.03339742,
28762,84.20499185,
28763,82.60964251,
28764,83.60224413,
28765,82.77057414,
28766,82.24208795,
28767,82.54634532,
28768,81.35623478,
28769,80.92752328,
28770,81.54704098,
28771,80.39563078,
28772,80.29068393,
28773,80.89638901,
28774,81.29440335,
28775,81.77930131,
28776,82.03351358,
28777,82.25936143,
28778,83.04632462,
28779,83.62133285,
28780,83.25003121,
28781,83.10371158,
28782,82.68832487,
28783,82.64886975,
28784,82.69420307,
28785,83.03618995,
28786,83.12289475,
28787,83.30933168,
28788,83.31447162,
28789,82.94963248,
28790,83.52525579,
28791,83.07086111,
28792,82.9830503,
28793,83.20004112,
28794,83.94193324,
28795,83.61022299,
28796,83.76613528,
28797,83.44742492,
28798,83.26429085,
28799,82.5210602,
28800,81.60921365,
28801,80.09748793,
28802,79.37539918,
28803,79.44543076,
28804,79.71818718,
28805,80.11528811,
28806,80.89496164,
28807,81.33031972,
28808,81.44774948,
28809,80.95700257,
28810,80.99810331,
28811,80.74941916,
28812,80.64193437,
28813,81.54206452,
28814,81.52094473,
28815,81.27363874,
28816,80.80949019,
28817,80.89197699,
28818,80.552714,
28819,80.46959951,
28820,80.56692452,
28821,80.29158341,
28822,80.06870367,
28823,80.07434558,
28824,80.6272631,
28825,80.35593118,
28826,80.56215911,
28827,81.05347026,
28828,81.16480976,
28829,80.61961735,
28830,80.71818059,
28831,80.97719987,
28832,80.69883652,
28833,80.71941696,
28834,80.61967601,
28835,80.49999497,
28836,80.42126353,
28837,80.61350984,
28838,80.79880128,
28839,80.93272955,
28840,80.920579,
28841,80.77991449,
28842,81.38579767,
28843,81.17110712,
28844,81.22399515,
28845,82.09014473,
28846,82.13446619,
28847,81.69485084,
28848,81.54355568,
28849,81.70473724,
28850,81.16363292,
28851,81.12407814,
28852,81.05610345,
28853,81.20222992,
28854,81.18949087,
28855,81.42265704,
28856,81.49159588,
28857,81.25883493,
28858,81.34098541,
28859,81.38613602,
28860,81.63057388,
28861,81.48277853,
28862,81.60948175,
28863,81.90916969,
28864,82.2619981,
28865,82.53553506,
28866,82.58170834,
28867,83.0764524,
28868,83.04869501,
28869,83.96287853,
28870,84.3588285,
28871,85.62780539,
28872,86.17814641,
28873,86.51120393,
28874,86.9499186,
28875,87.39822075,
28876,88.57056321,
28877,89.50013828,
28878,90.07279676,
28879,91.05659691,
28880,91.80725275,
28881,93.53687133,
28882,95.36721323,
28883,95.96641446,
28884,96.6832289,
28885,98.87106222,
28886,101.0330072,
28887,101.6040661,
28888,102.469279,
28889,103.8746197,
28890,105.8430611,
28891,106.8691173,
28892,107.3774218,
28893,109.2639407,
28894,111.9546539,
28895,112.4054792,
28896,114.140985,
28897,114.9438666,
28898,116.9299615,
28899,118.0778826,
28900,118.7408836,
28901,118.8997793,
28902,120.8007193,
28903,123.0802766,
28904,123.1479564,
28905,123.9985709,
28906,125.4216446,
28907,126.0918813,
28908,126.6360296,
28909,126.9267274,
28910,126.3612318,
28911,125.9911648,
28912,126.4090395,
28913,127.0661757,
28914,126.7730164,
28915,126.7383673,
28916,126.4366841,
28917,125.9559561,
28918,126.0358792,
28919,125.4740748,
28920,124.9239082,
28921,124.4930798,
28922,123.9557839,
28923,123.7241585,
28924,123.2688001,
28925,123.1119204,
28926,122.4723578,
28927,121.8814002,
28928,121.8736352,
28929,121.4454402,
28930,121.2743242,
28931,120.7375437,
28932,119.9746334,
28933,119.1801954,
28934,118.4162554,
28935,118.0550499,
28936,117.3007499,
28937,116.5652771,
28938,116.2591956,
28939,115.5825055,
28940,115.1737841,
28941,115.4294455,
28942,113.2604971,
28943,112.409667,
28944,111.7852719,
28945,110.6898866,
28946,110.0161222,
28947,109.5702421,
28948,108.7876418,
28949,108.0684336,
28950,108.0524889,
28951,107.5157502,
28952,105.6566417,
28953,103.3848532,
28954,103.2156062,
28955,102.508266,
28956,100.9831857,
28957,99.383939,
28958,99.18073083,
28959,97.58282375,
28960,96.26038828,
28961,95.02060191,
28962,92.83054333,
28963,92.12637774,
28964,91.47425209,
28965,90.43967524,
28966,88.58310144,
28967,87.52699504,
28968,86.94075216,
28969,84.93583779,
28970,83.47959904,
28971,82.23014159,
28972,80.91130127,
28973,80.00553074,
28974,78.48556938,
28975,77.77687298,
28976,77.63209649,
28977,77.53801464,
28978,76.40425083,
28979,76.40848002,
28980,76.39018594,
28981,76.44568942,
28982,76.3101856,
28983,76.33801958,
28984,76.21489829,
28985,76.46891707,
28986,77.24446697,
28987,77.69430724,
28988,78.07218867,
28989,78.40212074,
28990,78.60235858,
28991,78.81963355,
28992,79.38068691,
28993,79.85749692,
28994,80.07515325,
28995,79.88980899,
28996,80.11135935,
28997,80.41087355,
28998,80.91618399,
28999,81.06303349,
29000,81.84817823,
29001,82.16753847,
29002,82.65375535,
29003,83.51538347,
29004,83.9698541,
29005,84.81484851,
29006,84.85436119,
29007,85.32919625,
29008,87.71493226,
29009,89.22671771,
29010,90.03380842,
29011,91.20208206,
29012,93.02439873,
29013,94.90392768,
29014,96.3808512,
29015,97.299883,
29016,99.5200529,
29017,101.7795021,
29018,103.5231204,
29019,103.9946166,
29020,106.3548443,
29021,109.4030487,
29022,110.8511429,
29023,111.5121283,
29024,114.9591655,
29025,116.3857912,
29026,117.31347,
29027,117.9376176,
29028,120.1992897,
29029,121.8599627,
29030,123.2122265,
29031,124.166463,
29032,125.0706362,
29033,127.1200053,
29034,129.4720444,
29035,131.1332151,
29036,132.0007306,
29037,132.9644395,
29038,134.2880894,
29039,136.7463479,
29040,137.9506426,
29041,138.1887844,
29042,139.5558626,
29043,141.631642,
29044,143.1247334,
29045,143.7303461,
29046,144.4479917,
29047,144.6946278,
29048,145.4691305,
29049,145.4817554,
29050,145.859772,
29051,145.7612736,
29052,145.3250534,
29053,145.4943736,
29054,145.6717789,
29055,145.9203419,
29056,145.4346605,
29057,145.6589241,
29058,145.7534011,
29059,145.5365796,
29060,145.5147675,
29061,145.1159955,
29062,144.710958,
29063,144.4560836,
29064,143.9442974,
29065,143.4190845,
29066,143.1961106,
29067,142.9083503,
29068,142.3005532,
29069,141.363717,
29070,140.0035747,
29071,139.2909689,
29072,138.9903004,
29073,138.2867155,
29074,137.0972886,
29075,136.4763653,
29076,135.5436894,
29077,135.0670001,
29078,133.9529507,
29079,133.0749169,
29080,131.9757381,
29081,131.7407437,
29082,130.578761,
29083,129.5114035,
29084,128.7721007,
29085,128.1450659,
29086,126.7483828,
29087,125.1759966,
29088,124.8104051,
29089,124.4284601,
29090,123.3446099,
29091,121.7948478,
29092,121.0944628,
29093,119.8784506,
29094,118.1342702,
29095,116.7150253,
29096,116.3680521,
29097,114.8367744,
29098,113.3666893,
29099,112.0897276,
29100,111.0068851,
29101,110.5703354,
29102,108.1190876,
29103,106.4453107,
29104,105.648588,
29105,105.1481182,
29106,104.1584493,
29107,102.3807998,
29108,101.6930429,
29109,100.7899456,
29110,99.52110167,
29111,98.32025822,
29112,97.27306281,
29113,97.09839583,
29114,95.96589791,
29115,94.93234872,
29116,94.40367583,
29117,94.13085628,
29118,93.05323274,
29119,92.23791571,
29120,91.75014143,
29121,91.20751905,
29122,91.1608826,
29123,90.59746076,
29124,89.95605738,
29125,89.49123338,
29126,88.65894989,
29127,88.12834488,
29128,87.60962473,
29129,87.56378613,
29130,86.63150232,
29131,86.896989,
29132,87.72393103,
29133,87.12166525,
29134,86.73471174,
29135,85.81712443,
29136,86.00960965,
29137,86.91523168,
29138,86.2042278,
29139,86.69653499,
29140,84.77926131,
29141,84.90294488,
29142,84.68004998,
29143,84.60797697,
29144,83.71966416,
29145,84.5599889,
29146,85.80945017,
29147,84.49776419,
29148,84.66486395,
29149,84.19219427,
29150,83.69862051,
29151,83.11360311,
29152,82.54747021,
29153,82.15225457,
29154,81.33886457,
29155,80.76904964,
29156,80.57919945,
29157,80.08841945,
29158,79.58388511,
29159,79.93443741,
29160,80.78370156,
29161,81.44450839,
29162,81.31095985,
29163,80.73822011,
29164,80.54772834,
29165,80.43712997,
29166,80.53901966,
29167,79.95979322,
29168,79.85477011,
29169,80.0662335,
29170,80.54533344,
29171,80.73480053,
29172,81.10023069,
29173,80.80039407,
29174,80.76125615,
29175,81.23603799,
29176,81.65512719,
29177,82.12048467,
29178,82.73759079,
29179,83.8619037,
29180,84.7402622,
29181,84.97488803,
29182,85.60555042,
29183,86.92143439,
29184,87.86639701,
29185,88.65432303,
29186,90.45287277,
29187,92.2702604,
29188,92.2378157,
29189,93.52196398,
29190,94.91421011,
29191,95.9564748,
29192,96.6605133,
29193,97.66642159,
29194,99.51568402,
29195,101.4021755,
29196,103.2179192,
29197,103.6121263,
29198,105.5558843,
29199,106.5697054,
29200,107.7097901,
29201,107.9004259,
29202,109.2666949,
29203,110.7780461,
29204,111.7724854,
29205,112.4292128,
29206,111.6583837,
29207,113.0290581,
29208,113.8007394,
29209,113.7720394,
29210,114.5253104,
29211,115.7058751,
29212,116.2596942,
29213,117.2340111,
29214,117.8387818,
29215,118.1750052,
29216,119.5169584,
29217,120.0734327,
29218,120.6577325,
29219,121.602661,
29220,123.6164838,
29221,124.6457224,
29222,125.7926471,
29223,127.6903771,
29224,128.9762551,
29225,130.4226377,
29226,130.9373228,
29227,132.9079717,
29228,133.7859829,
29229,134.7441085,
29230,135.1639244,
29231,135.5330434,
29232,135.3059331,
29233,136.585503,
29234,137.0663476,
29235,137.22413,
29236,137.6583926,
29237,137.586804,
29238,137.2771054,
29239,137.6376549,
29240,138.0766386,
29241,137.7551482,
29242,137.5285266,
29243,137.2109664,
29244,137.3631273,
29245,136.6531755,
29246,135.7541947,
29247,135.0528607,
29248,134.7634876,
29249,134.3989676,
29250,134.2383966,
29251,133.5528905,
29252,133.1833941,
29253,132.3494068,
29254,132.2880595,
29255,131.5222501,
29256,131.1001467,
29257,130.6341789,
29258,129.721263,
29259,129.761768,
29260,129.0437838,
29261,128.4695687,
29262,127.5952559,
29263,125.9950989,
29264,126.6276735,
29265,124.6098791,
29266,122.2404598,
29267,120.8475972,
29268,119.9770963,
29269,118.9885735,
29270,117.7395122,
29271,115.9247366,
29272,115.4652108,
29273,113.68303,
29274,113.0915123,
29275,110.4687887,
29276,108.1822781,
29277,106.4511748,
29278,105.567353,
29279,103.2559015,
29280,101.1914683,
29281,99.78697805,
29282,98.70135396,
29283,95.77248893,
29284,93.26740052,
29285,93.28727598,
29286,91.60890799,
29287,88.9746789,
29288,87.20435928,
29289,86.18390552,
29290,84.14785835,
29291,83.19869044,
29292,80.15910606,
29293,79.09500734,
29294,77.18880931,
29295,74.99361697,
29296,73.60207351,
29297,72.83529877,
29298,70.33829129,
29299,67.76293896,
29300,66.6794644,
29301,65.31249136,
29302,63.23177412,
29303,61.62120032,
29304,61.42924517,
29305,59.88992192,
29306,58.62068687,
29307,58.33747405,
29308,57.51891614,
29309,57.47278331,
29310,56.54872188,
29311,56.43040716,
29312,56.7292054,
29313,57.27551737,
29314,57.57264872,
29315,57.55150715,
29316,57.68830338,
29317,57.77330231,
29318,58.42148185,
29319,58.95173138,
29320,59.0916677,
29321,59.54832348,
29322,60.50071842,
29323,61.24913188,
29324,62.10477256,
29325,62.63590701,
29326,63.74774788,
29327,64.94851136,
29328,66.14560069,
29329,66.48933518,
29330,67.16641321,
29331,69.44283082,
29332,71.72744663,
29333,72.76651253,
29334,73.63955074,
29335,75.73075012,
29336,77.73177959,
29337,78.63584707,
29338,80.54333523,
29339,82.95534293,
29340,84.54976759,
29341,85.65575329,
29342,88.2537074,
29343,90.20842446,
29344,91.42791083,
29345,92.53904328,
29346,95.17001931,
29347,97.68492749,
29348,98.33556333,
29349,99.16215069,
29350,101.5458821,
29351,104.7624328,
29352,105.9478871,
29353,107.733679,
29354,110.6656874,
29355,112.0801898,
29356,112.9914472,
29357,115.7583625,
29358,118.1991842,
29359,119.6187724,
29360,121.3810779,
29361,124.8857861,
29362,126.7918021,
29363,128.0228099,
29364,131.1293825,
29365,133.3408697,
29366,133.9126435,
29367,135.0433353,
29368,137.4946144,
29369,139.6387764,
29370,141.1082047,
29371,143.0066603,
29372,145.5039989,
29373,146.1883911,
29374,146.8529316,
29375,148.2096011,
29376,150.5524331,
29377,151.0136007,
29378,152.3094107,
29379,152.1819823,
29380,152.2823971,
29381,152.9139237,
29382,153.2305782,
29383,153.4565873,
29384,153.9086164,
29385,154.0541069,
29386,154.0154187,
29387,153.7505735,
29388,153.5219817,
29389,153.4997591,
29390,153.4145611,
29391,152.9403339,
29392,152.4377244,
29393,152.3604194,
29394,152.5513923,
29395,152.8584388,
29396,153.2455009,
29397,153.8742153,
29398,154.5828132,
29399,155.1187228,
29400,155.615105,
29401,156.2498707,
29402,156.74275,
29403,156.8944316,
29404,157.529711,
29405,157.6717799,
29406,157.6425552,
29407,158.0876308,
29408,158.3914306,
29409,158.5851366,
29410,158.9442638,
29411,159.7641308,
29412,160.8323097,
29413,161.4804585,
29414,161.6316494,
29415,162.6381155,
29416,163.7571355,
29417,164.4541658,
29418,164.7101598,
29419,165.6591487,
29420,166.1855432,
29421,167.0927193,
29422,167.6581311,
29423,167.8474412,
29424,167.9597056,
29425,168.4397091,
29426,169.5472158,
29427,170.708025,
29428,171.4750601,
29429,171.3811966,
29430,172.733878,
29431,174.3632323,
29432,175.2591764,
29433,175.8579892,
29434,176.8226738,
29435,178.694436,
29436,180.2342523,
29437,180.9205233,
29438,181.5581787,
29439,183.1867279,
29440,184.739672,
29441,185.1864235,
29442,185.4955417,
29443,186.6772654,
29444,186.7959863,
29445,187.1997518,
29446,187.4288745,
29447,186.8153816,
29448,186.5632321,
29449,186.8610044,
29450,187.2318133,
29451,186.3763778,
29452,186.8337869,
29453,186.953896,
29454,186.6930887,
29455,185.910773,
29456,185.2123189,
29457,185.2192827,
29458,185.3221025,
29459,184.4773672,
29460,183.6960563,
29461,183.8308671,
29462,183.290667,
29463,182.8129173,
29464,182.28859,
29465,182.4394248,
29466,182.2799608,
29467,181.999072,
29468,182.1304307,
29469,182.2823002,
29470,181.8177948,
29471,182.031745,
29472,181.3890573,
29473,180.9487584,
29474,180.1605052,
29475,179.3030314,
29476,178.5363558,
29477,178.196667,
29478,177.8851203,
29479,176.7524108,
29480,175.8703941,
29481,174.7738763,
29482,174.7219036,
29483,173.5376494,
29484,171.6512716,
29485,169.9902561,
29486,169.052339,
29487,169.0607249,
29488,168.8692509,
29489,168.3746576,
29490,167.3339296,
29491,166.7353694,
29492,166.1411769,
29493,165.4640473,
29494,164.5354809,
29495,164.3473623,
29496,163.91495,
29497,163.4948625,
29498,163.5970358,
29499,163.5139092,
29500,163.1544188,
29501,164.1084483,
29502,162.7961525,
29503,162.5963676,
29504,162.8208113,
29505,163.5480729,
29506,163.8063709,
29507,163.4455029,
29508,163.85802,
29509,164.1515209,
29510,163.1340569,
29511,162.1266283,
29512,161.904049,
29513,161.1289333,
29514,161.4768321,
29515,160.1600926,
29516,159.3903054,
29517,158.2288585,
29518,157.6272315,
29519,156.6532084,
29520,155.0546026,
29521,154.2823848,
29522,153.959843,
29523,153.2801103,
29524,152.1854752,
29525,151.537566,
29526,150.5124646,
29527,149.9088307,
29528,149.2065584,
29529,149.153081,
29530,148.2335981,
29531,147.6202848,
29532,146.9158272,
29533,146.3101593,
29534,145.4563736,
29535,144.3542026,
29536,144.1081813,
29537,144.0721422,
29538,143.7393089,
29539,143.420282,
29540,142.8678031,
29541,142.2701164,
29542,142.6179554,
29543,143.0265732,
29544,142.5600569,
29545,142.1470126,
29546,141.8029137,
29547,141.7484167,
29548,141.5702076,
29549,141.7608399,
29550,141.6697415,
29551,141.8845118,
29552,141.9978432,
29553,142.1602235,
29554,142.0497714,
29555,142.16701,
29556,142.8801066,
29557,143.6835671,
29558,144.2003803,
29559,144.2520978,
29560,145.0678724,
29561,146.4830788,
29562,147.6719642,
29563,147.7894349,
29564,148.7106911,
29565,149.6195178,
29566,150.6135813,
29567,150.8208055,
29568,151.3629864,
29569,152.076427,
29570,151.7698887,
29571,152.3486312,
29572,152.6422325,
29573,153.2787115,
29574,153.2070901,
29575,154.8693542,
29576,155.4680026,
29577,155.6985699,
29578,156.0951407,
29579,156.4141346,
29580,158.3673455,
29581,159.7414195,
29582,160.4144325,
29583,160.7014294,
29584,161.08853,
29585,162.2669831,
29586,162.9139087,
29587,163.3515546,
29588,163.9547146,
29589,164.7642218,
29590,166.0335231,
29591,168.0365311,
29592,168.9415913,
29593,169.8975114,
29594,171.7461663,
29595,173.3214846,
29596,174.2175342,
29597,174.2292936,
29598,175.0222043,
29599,175.7528623,
29600,176.4919859,
29601,177.2605903,
29602,177.6580652,
29603,178.0599811,
29604,179.4063766,
29605,179.8591543,
29606,179.1675315,
29607,180.0522147,
29608,179.9490061,
29609,180.1163622,
29610,179.9095307,
29611,179.6176336,
29612,179.4932156,
29613,178.991329,
29614,178.0531483,
29615,177.4148418,
29616,176.8170519,
29617,176.6700144,
29618,175.8276303,
29619,174.7302055,
29620,174.0240229,
29621,173.4882869,
29622,172.3875384,
29623,170.8675111,
29624,169.2529547,
29625,169.1259402,
29626,168.1797456,
29627,166.4569922,
29628,165.5195295,
29629,164.7142381,
29630,164.0986152,
29631,162.4591394,
29632,160.2828991,
29633,159.385903,
29634,158.6838748,
29635,157.1486048,
29636,155.3870872,
29637,153.5666977,
29638,152.7976959,
29639,150.6623897,
29640,148.7586071,
29641,147.2189322,
29642,146.2500858,
29643,145.0751167,
29644,143.102451,
29645,142.1584787,
29646,140.954513,
29647,140.5514702,
29648,138.3207521,
29649,136.9777593,
29650,136.1780486,
29651,135.5871843,
29652,135.1926476,
29653,134.0229153,
29654,132.9115584,
29655,132.2220741,
29656,132.1860113,
29657,130.4618019,
29658,128.4186273,
29659,126.7002111,
29660,125.7087188,
29661,124.3402844,
29662,122.2501345,
29663,120.056906,
29664,119.5384379,
29665,118.2593221,
29666,115.3072351,
29667,113.508735,
29668,112.4206438,
29669,111.7383367,
29670,110.550691,
29671,109.8190608,
29672,108.9887186,
29673,107.6225387,
29674,106.1082114,
29675,103.9790867,
29676,101.6641941,
29677,100.540569,
29678,100.5826002,
29679,99.684477,
29680,98.47245447,
29681,96.2710332,
29682,95.88798009,
29683,95.16497245,
29684,93.44932968,
29685,92.46422351,
29686,91.95801855,
29687,91.66150935,
29688,90.96497852,
29689,91.74004767,
29690,91.87119128,
29691,92.10875503,
29692,92.87461007,
29693,93.4730489,
29694,93.54033431,
29695,93.73186808,
29696,93.64188195,
29697,94.21940771,
29698,95.14386762,
29699,95.61333078,
29700,95.90299312,
29701,97.01392719,
29702,97.84899051,
29703,98.44628803,
29704,99.65409996,
29705,100.8051919,
29706,101.6305933,
29707,102.0651527,
29708,104.0686138,
29709,105.4024668,
29710,106.2678033,
29711,106.7133239,
29712,107.4520183,
29713,108.8146518,
29714,109.9349944,
29715,110.2696919,
29716,111.522024,
29717,113.1277089,
29718,115.2872537,
29719,116.8473604,
29720,117.2976318,
29721,119.1895541,
29722,121.8192004,
29723,122.6409957,
29724,123.5460361,
29725,125.1863931,
29726,127.282243,
29727,128.1807002,
29728,129.7311381,
29729,131.4573481,
29730,134.0484976,
29731,134.7271121,
29732,135.4985928,
29733,137.5193604,
29734,141.3311726,
29735,141.4730357,
29736,142.2699069,
29737,143.579749,
29738,144.6713399,
29739,145.3201567,
29740,145.6692684,
29741,145.8072727,
29742,146.6589845,
29743,147.2820897,
29744,148.3378269,
29745,148.5228303,
29746,148.6577127,
29747,149.0016195,
29748,149.3598888,
29749,148.9259952,
29750,148.0721623,
29751,147.8602747,
29752,147.4851315,
29753,147.3185157,
29754,147.1531485,
29755,146.5372761,
29756,146.2419569,
29757,145.9061918,
29758,145.6377338,
29759,145.4842072,
29760,144.9782552,
29761,144.7756369,
29762,144.1323029,
29763,143.9300068,
29764,143.3102202,
29765,142.5367503,
29766,141.7997135,
29767,140.651689,
29768,140.2596863,
29769,139.6610713,
29770,137.8766286,
29771,137.0270813,
29772,136.1689762,
29773,135.5413704,
29774,134.3536735,
29775,132.4929748,
29776,131.346067,
29777,130.978676,
29778,129.8340505,
29779,127.745305,
29780,126.5612747,
29781,126.100184,
29782,124.9911454,
29783,124.2595393,
29784,123.6317522,
29785,122.9156087,
29786,122.7216394,
29787,122.3861534,
29788,121.9924678,
29789,121.1203756,
29790,119.9323368,
29791,118.8370681,
29792,118.8150618,
29793,118.4134242,
29794,118.2704272,
29795,117.9474713,
29796,117.5038543,
29797,117.1678193,
29798,116.1405873,
29799,115.2808153,
29800,114.5574577,
29801,113.3521133,
29802,112.4781535,
29803,111.9599856,
29804,111.5323791,
29805,111.2087029,
29806,110.9527691,
29807,110.8367528,
29808,110.756221,
29809,110.7164181,
29810,110.5218115,
29811,110.5321417,
29812,110.6752864,
29813,110.3885911,
29814,110.4059533,
29815,110.3663126,
29816,110.3458112,
29817,110.3619612,
29818,110.3863914,
29819,110.3261507,
29820,110.2681758,
29821,110.4083613,
29822,110.3717497,
29823,110.332944,
29824,110.3912753,
29825,110.4289474,
29826,110.3462247,
29827,110.3670912,
29828,110.2988107,
29829,110.3163873,
29830,110.4251971,
29831,110.2213246,
29832,110.2989006,
29833,110.1350804,
29834,110.3662284,
29835,110.3662284,
29836,110.2687249,
29837,110.2298714,
29838,110.2480841,
29839,110.2480841,
29840,110.2675476,
29841,110.2675476,
29842,110.2890181,
29843,110.2890181,
29844,110.261134,
29845,110.3047254,
29846,110.3047254,
29847,110.2058983,
29848,110.2058983,
29849,110.2058983,
29850,110.210578,
29851,110.2254608,
29852,110.2555638,
29853,110.2251143,
29854,110.2282713,
29855,110.1894864,
29856,110.2953844,
29857,110.2683649,
29858,110.3472561,
29859,110.4118918,
29860,110.3752266,
29861,110.3732022,
29862,110.3194088,
29863,110.3375923,
29864,110.3142937,
29865,110.2194183,
29866,110.1744361,
29867,110.1706947,
29868,110.3798039,
29869,110.3056326,
29870,110.3364679,
29871,110.3364679,
29872,110.2610947,
29873,110.3558356,
29874,110.3293181,
29875,110.3293181,
29876,110.3725574,
29877,110.3267177,
29878,110.2576251,
29879,110.3033376,
29880,110.4719468,
29881,110.4417582,
29882,110.4497812,
29883,110.4677083,
29884,110.4240393,
29885,110.4544643,
29886,110.264074,
29887,110.4482765,
29888,110.4166732,
29889,110.382637,
29890,110.3121833,
29891,110.4385815,
29892,110.5888015,
29893,110.5284494,
29894,110.5637671,
29895,110.3302335,
29896,110.4790616,
29897,110.3354862,
29898,110.3300792,
29899,110.3237576,
29900,110.4788764,
29901,110.5387944,
29902,110.4597312,
29903,110.29428,
29904,110.4272809,
29905,110.7142565,
29906,110.2993213,
29907,110.3214715,
29908,110.0092883,
29909,109.2587101,
29910,108.9409477,
29911,108.5805503,
29912,107.5797576,
29913,106.3278844,
29914,105.3212663,
29915,104.3183377,
29916,103.2058991,
29917,102.5235723,
29918,101.2404999,
29919,100.2948195,
29920,99.24777244,
29921,98.22697366,
29922,97.47335769,
29923,96.12371978,
29924,94.74679828,
29925,93.95960722,
29926,93.48394425,
29927,91.99249709,
29928,90.30704647,
29929,89.40862539,
29930,88.69723302,
29931,88.29036485,
29932,85.69386528,
29933,84.65760954,
29934,83.62347096,
29935,83.29991477,
29936,81.5663264,
29937,79.97464569,
29938,78.89466722,
29939,78.04494447,
29940,77.32572812,
29941,75.9968103,
29942,73.23300675,
29943,72.70809817,
29944,71.87063727,
29945,70.36324644,
29946,69.15283815,
29947,68.2264402,
29948,67.80282566,
29949,66.3063318,
29950,64.30937412,
29951,62.0091205,
29952,61.43505447,
29953,60.96495438,
29954,58.75330292,
29955,57.62102278,
29956,56.39042406,
29957,55.71267473,
29958,54.00078954,
29959,52.84921889,
29960,51.03601121,
29961,50.75016782,
29962,49.80732898,
29963,47.8204894,
29964,46.11624671,
29965,45.29638921,
29966,44.88322348,
29967,43.45812926,
29968,41.99185246,
29969,41.77603582,
29970,41.22358684,
29971,40.86809917,
29972,40.5720644,
29973,40.44190089,
29974,40.93066463,
29975,40.85812598,
29976,40.84026381,
29977,41.1363715,
29978,41.39468362,
29979,42.09063462,
29980,42.9636474,
29981,43.3905775,
29982,44.33021046,
29983,45.03822867,
29984,45.79503497,
29985,46.97773639,
29986,47.57539554,
29987,47.95864534,
29988,49.4156692,
29989,50.19093791,
29990,50.7505389,
29991,51.33941576,
29992,51.95524305,
29993,53.19614856,
29994,54.40025823,
29995,55.14218971,
29996,55.90251232,
29997,56.81652727,
29998,58.35504984,
29999,59.98183209,
30000,60.26761891,
30001,61.07815827,
30002,63.27399209,
30003,64.59493442,
30004,64.98368077,
30005,65.02096879,
30006,65.80033813,
30007,66.36233176,
30008,66.4127121,
30009,66.85227559,
30010,66.74727334,
30011,67.82926381,
30012,68.18423496,
30013,68.75615897,
30014,68.81729908,
30015,69.65398665,
30016,69.91363522,
30017,70.28017213,
30018,70.16195954,
30019,70.60418474,
30020,70.93055138,
30021,71.16366274,
30022,71.78270312,
30023,72.84715988,
30024,73.7856267,
30025,74.65600078,
30026,75.07771268,
30027,76.27834377,
30028,77.58516152,
30029,78.78968663,
30030,79.1861484,
30031,80.53340818,
30032,81.56625011,
30033,82.792916,
30034,83.47415711,
30035,84.56712512,
30036,86.51723701,
30037,87.81288337,
30038,88.49714314,
30039,90.4075592,
30040,92.50264668,
30041,93.8279232,
30042,94.35211718,
30043,95.75441963,
30044,97.29934303,
30045,99.15356375,
30046,99.26662235,
30047,99.96790593,
30048,102.118342,
30049,104.0511934,
30050,105.5896781,
30051,106.0662102,
30052,106.9417166,
30053,108.2833709,
30054,109.6813924,
30055,110.6915352,
30056,111.1477618,
30057,112.6911018,
30058,114.4624569,
30059,115.5235279,
30060,115.4728231,
30061,117.1153029,
30062,118.347778,
30063,118.7043454,
30064,119.1737592,
30065,119.223955,
30066,118.9617228,
30067,119.8004057,
30068,119.7873775,
30069,119.7442901,
30070,119.6589361,
30071,120.0173761,
30072,120.2667144,
30073,120.5400919,
30074,120.664492,
30075,120.3467836,
30076,119.8074999,
30077,119.2874291,
30078,118.7151571,
30079,118.6553669,
30080,118.4194169,
30081,117.3036641,
30082,117.0077402,
30083,116.3354196,
30084,116.451158,
30085,115.8508139,
30086,114.8036958,
30087,113.5428005,
30088,113.1629801,
30089,112.7815533,
30090,112.1871599,
30091,111.2714662,
30092,110.3607993,
30093,110.1095661,
30094,109.8586228,
30095,109.3825633,
30096,109.0627728,
30097,107.6092539,
30098,106.9431128,
30099,106.4280627,
30100,106.0750946,
30101,105.1313896,
30102,104.6286289,
30103,103.6480612,
30104,103.4786999,
30105,102.1745019,
30106,100.5327692,
30107,100.0976011,
30108,99.68351964,
30109,99.05700309,
30110,98.07763458,
30111,97.25171069,
30112,96.95216727,
30113,95.92439047,
30114,94.81460204,
30115,94.7560653,
30116,94.26774245,
30117,93.38267852,
30118,92.85059371,
30119,92.49018495,
30120,91.78642255,
30121,90.42123502,
30122,89.93207805,
30123,90.02820343,
30124,89.24781747,
30125,88.7360261,
30126,88.36123435,
30127,88.0277626,
30128,86.97851702,
30129,86.22881117,
30130,86.02426508,
30131,86.10278313,
30132,86.28909415,
30133,85.90859711,
30134,85.3912383,
30135,85.42626622,
30136,85.22434203,
30137,84.89478805,
30138,84.73628895,
30139,84.91345341,
30140,84.93008782,
30141,84.48245101,
30142,84.05636273,
30143,83.95527022,
30144,83.35513957,
30145,83.00746857,
30146,82.33944947,
30147,82.16522502,
30148,81.80912374,
30149,81.30680913,
30150,80.81664119,
30151,80.68530756,
30152,79.74939285,
30153,78.850151,
30154,78.27216776,
30155,77.82100268,
30156,76.903214,
30157,75.99059272,
30158,75.41218944,
30159,74.75057752,
30160,73.58072003,
30161,72.2637998,
30162,72.19417081,
30163,71.32766801,
30164,70.08898282,
30165,69.48009112,
30166,68.88452434,
30167,68.73841338,
30168,68.50227708,
30169,67.51503089,
30170,67.23448333,
30171,67.56085496,
30172,66.93761017,
30173,67.89767085,
30174,67.54421249,
30175,67.52053585,
30176,67.39184986,
30177,67.74495557,
30178,67.73228826,
30179,68.39217005,
30180,69.35231303,
30181,69.31234834,
30182,69.18381304,
30183,69.80879154,
30184,69.80209868,
30185,69.68801709,
30186,70.02930295,
30187,70.25961822,
30188,70.64700592,
30189,71.16199056,
30190,71.36586829,
30191,72.14759937,
30192,72.80084246,
30193,73.07195164,
30194,73.71108888,
30195,74.29983802,
30196,74.68886146,
30197,75.19295217,
30198,75.83268227,
30199,76.81682024,
30200,77.46374064,
30201,77.5244272,
30202,77.65448298,
30203,78.4179262,
30204,79.29209889,
30205,79.93289161,
30206,80.25607039,
30207,81.09732581,
30208,82.45080513,
30209,83.36164191,
30210,84.17871667,
30211,85.30327456,
30212,87.08465916,
30213,87.90809227,
30214,88.5032341,
30215,89.48530446,
30216,91.60283239,
30217,92.71584678,
30218,93.01793749,
30219,94.22726296,
30220,95.4977109,
30221,97.09741536,
30222,97.2415524,
30223,98.38460099,
30224,100.608576,
30225,103.4418199,
30226,103.85588,
30227,104.6701186,
30228,105.9738525,
30229,107.8938636,
30230,109.0592746,
30231,109.8312617,
30232,111.1965588,
30233,113.9118741,
30234,115.6929182,
30235,116.5488678,
30236,118.0303539,
30237,120.0739492,
30238,122.4654425,
30239,122.7051533,
30240,124.0250503,
30241,125.9963966,
30242,127.4101438,
30243,127.591684,
30244,128.6480465,
30245,130.0450745,
30246,130.7692096,
30247,131.4428946,
30248,131.6093658,
30249,131.9337619,
30250,131.7282534,
30251,131.9870919,
30252,132.3449662,
30253,133.1402646,
30254,133.0762865,
30255,132.9686042,
30256,134.380609,
30257,134.9466793,
30258,134.428123,
30259,134.9134195,
30260,136.0520387,
30261,136.4797351,
30262,136.6274375,
30263,137.1311433,
30264,137.2626039,
30265,137.1266169,
30266,136.9754528,
30267,136.402673,
30268,135.9803234,
30269,135.799964,
30270,135.2628204,
30271,134.7513479,
30272,134.5895779,
30273,134.4391338,
30274,133.9818186,
30275,133.0383696,
30276,132.4677233,
30277,132.0877068,
30278,131.8968454,
30279,131.176288,
30280,130.7722918,
30281,130.4207307,
30282,130.4109885,
30283,130.0952433,
30284,128.7908523,
30285,127.4442276,
30286,127.1156802,
30287,126.8630724,
30288,126.0438291,
30289,125.3970345,
30290,125.0868082,
30291,124.7967145,
30292,123.4455344,
30293,122.5331934,
30294,122.1498465,
30295,121.9375675,
30296,121.0128673,
30297,120.2022054,
30298,119.6506821,
30299,119.1141125,
30300,118.0044093,
30301,116.9137009,
30302,116.4730786,
30303,115.978176,
30304,114.9453579,
30305,113.7227821,
30306,113.1128905,
30307,112.5455386,
30308,111.0644637,
30309,109.677034,
30310,109.1669182,
30311,108.1458134,
30312,107.1803906,
30313,106.1130733,
30314,105.2270627,
30315,104.0458407,
30316,102.8720503,
30317,101.8626648,
30318,100.5880848,
30319,100.4708288,
30320,99.88563471,
30321,99.45180815,
30322,98.42427414,
30323,98.64446113,
30324,97.94988298,
30325,97.34892806,
30326,96.07845471,
30327,94.81498768,
30328,94.33198448,
30329,93.61846512,
30330,93.31294896,
30331,92.64753657,
30332,93.07094487,
30333,92.00343644,
30334,92.08666657,
30335,91.09503509,
30336,89.96259093,
30337,89.85469456,
30338,89.51446203,
30339,88.43347643,
30340,87.77679374,
30341,86.67442933,
30342,86.47605998,
30343,86.09371389,
30344,84.94681774,
30345,83.88681701,
30346,83.35143296,
30347,82.84095246,
30348,82.70685167,
30349,82.36235337,
30350,82.27294479,
30351,82.28891025,
30352,81.87827786,
30353,81.41966144,
30354,80.83227725,
30355,79.87117547,
30356,79.37377959,
30357,78.89694034,
30358,78.79052966,
30359,78.51987551,
30360,77.91486901,
30361,77.13587804,
30362,76.73227004,
30363,76.32157392,
30364,75.46006163,
30365,74.98636103,
30366,74.79970399,
30367,74.65749363,
30368,74.32440543,
30369,74.19152608,
30370,74.35527315,
30371,74.71548847,
30372,75.3387275,
30373,75.50959461,
30374,75.94916375,
30375,76.87460828,
30376,78.1285915,
30377,79.08240427,
30378,79.51583327,
30379,80.27506013,
30380,81.8488166,
30381,82.73887631,
30382,83.51874816,
30383,84.24325704,
30384,85.1932732,
30385,86.7803008,
30386,87.15356884,
30387,88.07439835,
30388,89.1533778,
30389,90.62830896,
30390,91.5828622,
30391,91.99156489,
30392,92.48391453,
30393,93.12419741,
30394,94.41376934,
30395,94.5868765,
30396,95.29087389,
30397,96.40908181,
30398,97.06727069,
30399,97.00804391,
30400,97.00290223,
30401,96.45119749,
30402,98.01621006,
30403,98.95323325,
30404,99.3300087,
30405,99.77946667,
30406,100.3538984,
30407,100.2863179,
30408,100.5342988,
30409,100.6732578,
30410,100.4902977,
30411,101.1033908,
30412,101.7775233,
30413,102.3845158,
30414,102.6234977,
30415,103.4304033,
30416,104.204371,
30417,105.1528485,
30418,105.0918785,
30419,105.4288377,
30420,107.0849236,
30421,107.6560128,
30422,108.5140066,
30423,109.428731,
30424,111.0105899,
30425,111.2463555,
30426,112.5374601,
30427,114.1605185,
30428,114.5644785,
30429,115.1295766,
30430,116.3053226,
30431,117.3159213,
30432,117.3068216,
30433,118.1248581,
30434,119.2444283,
30435,120.2888631,
30436,120.7762268,
30437,121.9347294,
30438,122.5201842,
30439,122.9671759,
30440,122.8897231,
30441,122.9117654,
30442,123.5385902,
30443,123.8693848,
30444,124.0044305,
30445,123.6877125,
30446,123.5155041,
30447,123.6167098,
30448,122.8096653,
30449,121.7539987,
30450,121.0485461,
30451,120.8651576,
30452,119.6604304,
30453,118.6520201,
30454,118.0669399,
30455,117.425579,
30456,116.3136402,
30457,115.1468983,
30458,113.7022919,
30459,113.0940156,
30460,111.6380847,
30461,109.8598747,
30462,108.9303285,
30463,107.9834384,
30464,106.7788691,
30465,105.3158532,
30466,103.0939632,
30467,103.0234331,
30468,102.4098789,
30469,101.1922836,
30470,101.2819515,
30471,98.80560476,
30472,98.89476496,
30473,98.05237897,
30474,96.82204363,
30475,96.01787335,
30476,95.81997362,
30477,95.44117916,
30478,95.5291295,
30479,95.6972234,
30480,94.55116014,
30481,94.1806135,
30482,94.99923772,
30483,95.70825209,
30484,95.50890623,
30485,95.50133795,
30486,95.58236482,
30487,95.41181235,
30488,95.6999057,
30489,94.71888342,
30490,93.57740359,
30491,93.12162961,
30492,92.54017273,
30493,92.40547118,
30494,91.8263315,
30495,91.13692191,
30496,91.22570343,
30497,91.41850465,
30498,91.47314398,
30499,91.8051993,
30500,91.99343741,
30501,92.44919896,
30502,92.67700783,
30503,93.15074656,
30504,93.48962724,
30505,93.53127596,
30506,94.19590156,
30507,94.57224191,
30508,95.00608218,
30509,96.06914542,
30510,96.67225501,
30511,96.89132363,
30512,97.00677381,
30513,97.38748272,
30514,98.44393929,
30515,99.21383199,
30516,99.7319449,
30517,100.1345712,
30518,100.7336613,
30519,101.8659373,
30520,102.7078615,
30521,102.9801158,
30522,103.8252598,
30523,105.6009799,
30524,106.6541007,
30525,106.9600725,
30526,108.0769601,
30527,109.2789454,
30528,109.8804007,
30529,110.5698891,
30530,112.0876664,
30531,114.1821173,
30532,114.488109,
30533,115.5259496,
30534,117.6499034,
30535,118.6224529,
30536,118.7156414,
30537,120.84162,
30538,122.9076277,
30539,122.939812,
30540,124.426621,
30541,125.8367434,
30542,127.4618885,
30543,128.2164724,
30544,128.7729234,
30545,129.5243912,
30546,130.9042376,
30547,132.3624175,
30548,134.1598113,
30549,135.1343814,
30550,136.4406017,
30551,137.5634008,
30552,138.1610471,
30553,137.8639696,
30554,138.1709459,
30555,138.0637614,
30556,138.5089006,
30557,139.6281515,
30558,139.8154873,
30559,140.152977,
30560,140.5904024,
30561,140.5090126,
30562,141.1195514,
30563,141.2438738,
30564,140.9687023,
30565,140.2860093,
30566,142.2628718,
30567,142.9245385,
30568,143.3485687,
30569,143.1356205,
30570,143.0991973,
30571,142.9284516,
30572,142.9827487,
30573,142.3892831,
30574,142.2241368,
30575,142.1079788,
30576,142.079044,
30577,141.9547484,
30578,141.6284678,
30579,141.5622063,
30580,141.209154,
30581,140.855899,
30582,140.4315766,
30583,139.5908577,
30584,138.7323768,
30585,138.2998998,
30586,138.1527518,
30587,137.0744929,
30588,135.9690958,
30589,135.4293912,
30590,134.9954821,
30591,134.6364176,
30592,133.1601436,
30593,131.6142627,
30594,131.0000819,
30595,130.7851448,
30596,129.3723065,
30597,128.2861811,
30598,127.4189821,
30599,126.5832248,
30600,126.3237115,
30601,123.8940577,
30602,122.3807579,
30603,121.1493965,
30604,120.7037349,
30605,119.566452,
30606,118.0328059,
30607,117.4305111,
30608,116.6910846,
30609,114.6264787,
30610,113.6228848,
30611,113.0337807,
30612,112.439381,
30613,110.8452565,
30614,109.820929,
30615,109.3734355,
30616,107.9872893,
30617,105.8565596,
30618,104.8580228,
30619,104.4527155,
30620,103.593222,
30621,102.3900418,
30622,101.1027817,
30623,100.889943,
30624,99.75071235,
30625,98.00925385,
30626,97.98284255,
30627,97.22202078,
30628,96.32010676,
30629,96.28565403,
30630,95.0487464,
30631,93.77045682,
30632,93.22178654,
30633,93.37501041,
30634,93.12046874,
30635,91.65566169,
30636,91.98452758,
30637,92.55363558,
30638,92.46239703,
30639,92.80505072,
30640,91.72181342,
30641,92.01986958,
30642,93.08895056,
30643,92.52039963,
30644,93.10835832,
30645,93.09132407,
30646,93.2122196,
30647,92.64791803,
30648,92.56786724,
30649,93.08357088,
30650,93.55975995,
30651,93.85407598,
30652,94.6608038,
30653,95.17713102,
30654,95.71378325,
30655,96.24845641,
30656,96.90832849,
30657,97.23659242,
30658,97.51694184,
30659,97.93492775,
30660,97.99740582,
30661,98.43327671,
30662,98.85295319,
30663,99.42484636,
30664,100.0074062,
30665,100.680687,
30666,101.2718027,
30667,101.3437414,
30668,102.0972136,
30669,103.4537067,
30670,104.2827858,
30671,104.5126318,
30672,104.8450103,
30673,104.9013874,
30674,105.7671268,
30675,107.2396493,
30676,108.0801272,
30677,107.7101167,
30678,107.0516715,
30679,108.4024524,
30680,109.4566675,
30681,110.000496,
30682,110.4086437,
30683,109.8655524,
30684,110.8587191,
30685,112.2559556,
30686,112.9113927,
30687,113.2257829,
30688,113.8946535,
30689,114.8017823,
30690,115.5151013,
30691,116.0196278,
30692,117.0492526,
30693,118.2645054,
30694,118.7808435,
30695,120.5229667,
30696,122.767214,
30697,124.0948183,
30698,124.7104618,
30699,126.281081,
30700,127.5954072,
30701,128.770958,
30702,129.8577056,
30703,129.8336567,
30704,129.9804409,
30705,131.481352,
30706,131.6602678,
30707,131.7717899,
30708,132.472291,
30709,133.0481127,
30710,133.0350388,
30711,133.2912523,
30712,133.3339701,
30713,132.8158129,
30714,133.4131166,
30715,133.6640516,
30716,133.5560997,
30717,133.3825752,
30718,133.1827539,
30719,133.4422413,
30720,133.2968143,
30721,133.4670585,
30722,133.253703,
30723,132.2600572,
30724,131.9489728,
30725,131.7009883,
30726,131.5809747,
30727,131.0391321,
30728,130.3870343,
30729,129.5985128,
30730,128.812515,
30731,128.9786002,
30732,128.8841552,
30733,128.1917843,
30734,127.9784954,
30735,127.2943991,
30736,126.3568437,
30737,126.0404029,
30738,125.2085475,
30739,124.8567247,
30740,123.6445392,
30741,122.8391394,
30742,122.0532045,
30743,121.2262805,
30744,120.1167124,
30745,118.1584221,
30746,116.8907747,
30747,116.7530679,
30748,115.8900954,
30749,114.9333886,
30750,113.69872,
30751,112.9545053,
30752,112.1159929,
30753,110.1214797,
30754,108.9471203,
30755,108.6191127,
30756,107.8448882,
30757,106.0693486,
30758,104.7457119,
30759,104.2969104,
30760,103.3728385,
30761,102.7197347,
30762,102.3772783,
30763,100.4625678,
30764,100.3652117,
30765,99.72669846,
30766,100.108181,
30767,98.73623587,
30768,97.3359279,
30769,96.78069753,
30770,95.85034365,
30771,96.02413896,
30772,95.62135433,
30773,94.17978183,
30774,92.95996084,
30775,92.54729238,
30776,92.39697751,
30777,91.65311683,
30778,90.57018322,
30779,89.63595859,
30780,89.94469093,
30781,89.02568916,
30782,87.74581402,
30783,87.09315246,
30784,86.35857855,
30785,85.96484139,
30786,85.91632603,
30787,84.15381798,
30788,83.11805033,
30789,82.95940332,
30790,82.57569537,
30791,80.85177998,
30792,79.56731183,
30793,79.21050429,
30794,78.89392978,
30795,78.3558782,
30796,77.90019291,
30797,77.46078652,
30798,77.10453678,
30799,77.35022942,
30800,76.85989341,
30801,76.18541638,
30802,75.87819709,
30803,75.47895214,
30804,75.16093393,
30805,74.53843793,
30806,73.89002761,
30807,73.20182774,
30808,72.99844027,
30809,72.97920931,
30810,72.87894942,
30811,72.95612383,
30812,73.20139525,
30813,73.59618341,
30814,74.21243379,
30815,75.06417142,
30816,75.46574229,
30817,75.88744855,
30818,76.51336967,
30819,77.32495594,
30820,78.089629,
30821,78.60650064,
30822,78.91381571,
30823,79.38018318,
30824,80.84613947,
30825,81.53414574,
30826,82.50528898,
30827,83.11314471,
30828,84.88542607,
30829,85.46822111,
30830,86.22707811,
30831,87.51313706,
30832,88.74843138,
30833,89.4262646,
30834,90.30006601,
30835,90.97759974,
30836,93.02655441,
30837,94.94469209,
30838,95.26901191,
30839,96.43164305,
30840,97.69838693,
30841,100.0511103,
30842,101.4170754,
30843,102.1430798,
30844,104.7816772,
30845,107.0648864,
30846,107.9136176,
30847,109.1531238,
30848,111.421392,
30849,113.8362001,
30850,114.8110244,
30851,116.1795257,
30852,119.7181258,
30853,121.0424669,
30854,122.4339161,
30855,124.5750554,
30856,126.4174704,
30857,128.2262672,
30858,128.6229829,
30859,130.921336,
30860,132.9103351,
30861,133.7498172,
30862,134.2767169,
30863,135.3272863,
30864,137.2196672,
30865,138.2997693,
30866,139.0651379,
30867,139.7389802,
30868,141.2277793,
30869,142.9987609,
30870,144.8779283,
30871,146.3918971,
30872,146.62894,
30873,147.751014,
30874,149.9400075,
30875,151.5929231,
30876,152.3828576,
30877,153.1860068,
30878,153.5515674,
30879,154.432351,
30880,155.2335715,
30881,155.6819952,
30882,156.4616828,
30883,156.210382,
30884,156.0718198,
30885,156.2095436,
30886,155.7286037,
30887,154.8267781,
30888,155.0664407,
30889,155.4895689,
30890,155.2447523,
30891,155.0661,
30892,154.6862242,
30893,154.4324113,
30894,153.963517,
30895,153.7691503,
30896,153.7904114,
30897,153.6346608,
30898,153.0796698,
30899,152.9336239,
30900,152.6229771,
30901,151.7059452,
30902,151.3879295,
30903,151.2478198,
30904,151.1063428,
30905,150.2492845,
30906,149.7841085,
30907,149.3616954,
30908,148.5229,
30909,147.6789513,
30910,146.8770336,
30911,145.8877316,
30912,145.1006728,
30913,144.3122514,
30914,142.8019278,
30915,141.4719609,
30916,140.6623391,
30917,139.8465691,
30918,138.3488738,
30919,136.5744125,
30920,135.0597928,
30921,134.5884289,
30922,133.7159371,
30923,132.898118,
30924,130.6117933,
30925,129.6992568,
30926,128.5599263,
30927,126.4067904,
30928,122.6556715,
30929,121.7990989,
30930,120.7413121,
30931,118.1271003,
30932,116.2095548,
30933,115.5324745,
30934,113.2141224,
30935,111.1165182,
30936,109.2356264,
30937,109.100034,
30938,107.2001858,
30939,104.2182579,
30940,103.1291306,
30941,101.7358882,
30942,99.4459294,
30943,97.45853923,
30944,96.74876275,
30945,95.34011837,
30946,92.58125387,
30947,90.92672273,
30948,90.32908195,
30949,88.68088642,
30950,85.7117956,
30951,84.37844567,
30952,83.709416,
30953,81.94177565,
30954,79.81833973,
30955,78.98872636,
30956,78.42546912,
30957,76.96890739,
30958,74.45282878,
30959,72.74381532,
30960,72.80238832,
30961,72.21560246,
30962,69.4979093,
30963,68.55339066,
30964,67.39511961,
30965,66.62065182,
30966,66.54117979,
30967,66.54494802,
30968,66.17231149,
30969,65.75231159,
30970,65.23282572,
30971,65.57497679,
30972,62.29701848,
30973,61.96914317,
30974,61.52813007,
30975,59.99461727,
30976,58.98067816,
30977,57.83810556,
30978,58.33643586,
30979,57.75957391,
30980,58.0963955,
30981,57.77092153,
30982,57.55355148,
30983,58.35966279,
30984,59.06423546,
30985,59.48461024,
30986,58.61932912,
30987,58.90074802,
30988,59.37895769,
30989,59.67920959,
30990,60.09630579,
30991,60.39909828,
30992,60.83799954,
30993,61.57070186,
30994,62.17704771,
30995,62.61912018,
30996,62.9304975,
30997,63.29204861,
30998,64.14629885,
30999,65.19212792,
31000,65.48863407,
31001,65.7635379,
31002,66.4253513,
31003,67.85282757,
31004,68.58625469,
31005,68.78363088,
31006,69.88762264,
31007,70.83087062,
31008,71.5572584,
31009,72.03666248,
31010,72.79745078,
31011,72.83750739,
31012,74.11387711,
31013,75.38650347,
31014,77.06791682,
31015,77.68435836,
31016,79.58256065,
31017,81.02159139,
31018,81.92235843,
31019,82.91115349,
31020,83.88840514,
31021,86.02634015,
31022,87.91484429,
31023,89.15387214,
31024,90.50203253,
31025,91.8498003,
31026,94.15692546,
31027,96.61535992,
31028,97.20270301,
31029,99.12595039,
31030,101.4608468,
31031,103.5022299,
31032,104.5182075,
31033,105.175027,
31034,107.2473311,
31035,108.9467475,
31036,109.8347121,
31037,111.4624063,
31038,114.3016166,
31039,116.0133741,
31040,116.3457042,
31041,118.0560713,
31042,120.3647798,
31043,123.2265804,
31044,123.4203413,
31045,124.7953338,
31046,126.4232271,
31047,127.4381213,
31048,128.3190509,
31049,129.5341659,
31050,130.6701953,
31051,132.0442676,
31052,132.8294407,
31053,133.9547796,
31054,134.4118936,
31055,135.4116435,
31056,136.2598211,
31057,137.7438172,
31058,139.4179425,
31059,139.8099794,
31060,139.951366,
31061,140.8708676,
31062,141.2532226,
31063,141.5647746,
31064,141.8620643,
31065,141.9718637,
31066,141.8488872,
31067,141.5217112,
31068,141.5140342,
31069,141.5470436,
31070,141.4443549,
31071,140.4448221,
31072,141.3144346,
31073,141.1119825,
31074,141.5223576,
31075,141.7836055,
31076,141.9918465,
31077,141.5178319,
31078,141.2545056,
31079,141.1622351,
31080,140.7181063,
31081,140.6626946,
31082,140.3977788,
31083,140.2966317,
31084,139.9166664,
31085,139.5308293,
31086,139.3884548,
31087,138.7654434,
31088,138.4674207,
31089,138.1898225,
31090,137.5360026,
31091,137.1688113,
31092,136.803097,
31093,136.5898751,
31094,136.1953702,
31095,135.884041,
31096,135.8106004,
31097,135.1609942,
31098,134.6578946,
31099,134.6304896,
31100,134.4850502,
31101,133.9104696,
31102,133.3202054,
31103,132.06011,
31104,131.418668,
31105,131.339798,
31106,130.649999,
31107,129.2141388,
31108,128.8219948,
31109,128.1482564,
31110,127.8085067,
31111,127.5002476,
31112,127.1107142,
31113,126.6049609,
31114,126.4056765,
31115,126.272328,
31116,125.2725173,
31117,124.2906012,
31118,123.9216729,
31119,123.4654582,
31120,123.0403917,
31121,121.9783881,
31122,121.1806544,
31123,120.6479626,
31124,120.1982911,
31125,118.6467645,
31126,117.822592,
31127,117.3683747,
31128,116.0853498,
31129,115.3284361,
31130,114.7634956,
31131,114.3334381,
31132,114.0298561,
31133,113.5875512,
31134,112.5992673,
31135,111.8912561,
31136,111.590539,
31137,110.048042,
31138,108.875465,
31139,107.1641303,
31140,106.5056387,
31141,105.9280975,
31142,105.5315973,
31143,104.802943,
31144,104.4897489,
31145,104.1265927,
31146,104.0150678,
31147,104.3530176,
31148,104.6729821,
31149,103.5669458,
31150,102.7747422,
31151,101.7964192,
31152,101.0812192,
31153,100.3000305,
31154,99.37928702,
31155,99.05791641,
31156,97.56438373,
31157,97.51666517,
31158,96.5773683,
31159,96.1202322,
31160,94.95847255,
31161,94.85214679,
31162,94.3982025,
31163,93.79405265,
31164,93.26116433,
31165,93.37180246,
31166,93.84307008,
31167,93.26258989,
31168,92.99283724,
31169,92.7476231,
31170,93.11751314,
31171,93.10443312,
31172,92.83387782,
31173,92.63973145,
31174,92.51701169,
31175,92.63171306,
31176,92.79091064,
31177,92.58734731,
31178,92.93992793,
31179,93.12129727,
31180,93.22769132,
31181,93.52099846,
31182,94.3272922,
31183,94.93444295,
31184,95.31821538,
31185,96.02663442,
31186,96.8209883,
31187,97.47747343,
31188,98.21645197,
31189,99.19933351,
31190,100.2407368,
31191,101.4030455,
31192,102.3926403,
31193,102.2469191,
31194,103.0583924,
31195,103.7974839,
31196,105.2067669,
31197,106.1107669,
31198,107.0171355,
31199,108.0135895,
31200,109.6603032,
31201,110.4806941,
31202,111.1049752,
31203,112.7209786,
31204,114.0255645,
31205,114.5636584,
31206,114.8980674,
31207,115.487232,
31208,115.8072283,
31209,116.6876017,
31210,117.7704992,
31211,118.0181624,
31212,118.4899584,
31213,119.6167286,
31214,120.2316396,
31215,120.6103628,
31216,120.9086537,
31217,122.30857,
31218,123.5526592,
31219,124.1094805,
31220,124.3920371,
31221,125.0316458,
31222,126.4575039,
31223,126.6867662,
31224,127.5240618,
31225,128.2497901,
31226,130.5136294,
31227,131.1080339,
31228,131.4254774,
31229,131.6138962,
31230,131.9186894,
31231,132.2609327,
31232,131.9736202,
31233,131.7637386,
31234,131.6968324,
31235,131.9631004,
31236,132.3448217,
31237,132.297754,
31238,132.7991925,
31239,133.2906687,
31240,133.62807,
31241,133.5544496,
31242,133.7593631,
31243,134.344554,
31244,134.8273793,
31245,134.9047101,
31246,135.539659,
31247,136.352171,
31248,136.965882,
31249,137.2878729,
31250,137.9153212,
31251,138.7160336,
31252,139.3007058,
31253,139.5315547,
31254,140.575777,
31255,141.5273639,
31256,142.5827801,
31257,142.4854302,
31258,143.5328882,
31259,144.8516672,
31260,146.0743896,
31261,146.5875938,
31262,147.5233863,
31263,148.52202,
31264,149.6530126,
31265,150.5769165,
31266,151.5713682,
31267,152.5657985,
31268,154.2262475,
31269,155.0839035,
31270,155.3703364,
31271,156.0233834,
31272,157.1768014,
31273,157.9021606,
31274,158.4459879,
31275,158.5062613,
31276,158.872255,
31277,159.0259115,
31278,158.9135334,
31279,158.4366885,
31280,158.2991796,
31281,158.2318841,
31282,158.0535932,
31283,157.1803895,
31284,156.3384829,
31285,155.5397886,
31286,155.3498956,
31287,155.3610128,
31288,154.4545404,
31289,153.6907092,
31290,153.2250369,
31291,153.022598,
31292,152.4643997,
31293,151.4871531,
31294,150.2052375,
31295,149.5124275,
31296,149.3504935,
31297,149.6222906,
31298,147.6906496,
31299,147.2977394,
31300,146.6356362,
31301,146.3184914,
31302,147.8537065,
31303,145.2735378,
31304,143.9228216,
31305,144.0784789,
31306,142.2520409,
31307,141.5736696,
31308,141.2699938,
31309,140.3103704,
31310,139.4531632,
31311,138.2170709,
31312,135.1834795,
31313,133.9733388,
31314,133.3777309,
31315,132.3488788,
31316,129.5935516,
31317,128.6306936,
31318,128.4462856,
31319,127.6049087,
31320,124.7886541,
31321,123.6849383,
31322,123.1708104,
31323,122.1178754,
31324,120.5581788,
31325,118.7518559,
31326,118.5216345,
31327,117.7949751,
31328,115.4355796,
31329,114.1452999,
31330,113.5869074,
31331,113.5881149,
31332,112.101494,
31333,111.1713374,
31334,110.3912731,
31335,109.7262672,
31336,108.6143834,
31337,107.4849232,
31338,106.7632375,
31339,105.7654678,
31340,104.7478557,
31341,103.9083083,
31342,103.8652588,
31343,102.8635972,
31344,101.9186213,
31345,101.3074302,
31346,100.9097714,
31347,99.88401649,
31348,99.0127636,
31349,98.47545585,
31350,98.25451981,
31351,97.43491415,
31352,97.23650841,
31353,97.25897025,
31354,97.38894453,
31355,97.71962219,
31356,98.03996374,
31357,98.24313983,
31358,99.02233894,
31359,99.4925289,
31360,100.325396,
31361,101.4910224,
31362,102.1971588,
31363,102.6326546,
31364,103.2437175,
31365,103.9138661,
31366,105.0037325,
31367,105.6886912,
31368,105.7769358,
31369,106.2235815,
31370,106.5234847,
31371,107.4048255,
31372,107.8359605,
31373,108.2274608,
31374,107.9254765,
31375,109.020603,
31376,109.5770878,
31377,109.5259962,
31378,109.5355511,
31379,109.9873648,
31380,110.5342686,
31381,112.1698868,
31382,113.1721434,
31383,113.574766,
31384,114.5433782,
31385,114.7811255,
31386,115.1058236,
31387,116.1727922,
31388,117.5516206,
31389,118.4125429,
31390,119.3648536,
31391,121.0574983,
31392,123.4838808,
31393,124.8569742,
31394,125.8554079,
31395,127.4933364,
31396,129.6744975,
31397,131.4893705,
31398,132.1324769,
31399,133.5588284,
31400,135.0289447,
31401,136.843604,
31402,136.7792031,
31403,138.6713806,
31404,139.2867743,
31405,139.9592395,
31406,140.4989053,
31407,140.7022279,
31408,141.2959606,
31409,142.3719421,
31410,142.6532596,
31411,143.2722526,
31412,143.1002092,
31413,142.7214026,
31414,142.6147969,
31415,142.6118761,
31416,142.1991253,
31417,141.9453906,
31418,141.886526,
31419,141.4678335,
31420,141.0657926,
31421,140.1271982,
31422,139.7066722,
31423,139.3018828,
31424,138.8413462,
31425,137.9547751,
31426,136.8377515,
31427,135.984283,
31428,135.4246909,
31429,135.1821795,
31430,133.9266207,
31431,133.5331206,
31432,132.635706,
31433,131.9475867,
31434,131.1248002,
31435,129.5131885,
31436,127.8342348,
31437,126.9421184,
31438,126.5162697,
31439,125.8150905,
31440,124.3350703,
31441,123.1807248,
31442,122.7679232,
31443,121.4893817,
31444,120.4878733,
31445,119.6796809,
31446,119.0337916,
31447,118.3204142,
31448,117.8675589,
31449,116.8608005,
31450,115.624792,
31451,115.5753313,
31452,114.9626999,
31453,113.1022244,
31454,111.6724588,
31455,111.5146655,
31456,110.4296456,
31457,109.1329389,
31458,107.8274617,
31459,107.2566948,
31460,106.0846145,
31461,104.8971506,
31462,103.4844922,
31463,103.2272012,
31464,102.9182284,
31465,101.2569432,
31466,99.92766792,
31467,99.28094666,
31468,98.25560634,
31469,96.47452973,
31470,95.15494264,
31471,94.29674928,
31472,93.68698222,
31473,92.98256186,
31474,91.95209994,
31475,90.94945104,
31476,90.23842189,
31477,90.39362468,
31478,88.08551801,
31479,86.95866351,
31480,86.78256626,
31481,87.16452287,
31482,85.45622587,
31483,84.86290565,
31484,84.80946581,
31485,83.45839807,
31486,83.81396207,
31487,83.71162553,
31488,82.78579974,
31489,83.12750428,
31490,82.75610638,
31491,82.80963724,
31492,82.72342263,
31493,82.5944065,
31494,82.0794445,
31495,82.76190837,
31496,82.75167258,
31497,83.18054648,
31498,83.4340466,
31499,82.76030334,
31500,82.72011834,
31501,82.91644151,
31502,82.8926494,
31503,83.63869436,
31504,83.99341677,
31505,84.19159056,
31506,84.31052503,
31507,84.43646341,
31508,84.57522688,
31509,84.87153199,
31510,85.790159,
31511,86.03744538,
31512,86.33463701,
31513,86.66163056,
31514,86.8928109,
31515,87.16634568,
31516,87.33699074,
31517,87.69500274,
31518,87.90127765,
31519,87.75435366,
31520,87.78009577,
31521,87.98838861,
31522,88.13454061,
31523,88.29382583,
31524,88.43584153,
31525,88.62566826,
31526,88.91318998,
31527,88.564645,
31528,88.80885079,
31529,89.1579252,
31530,89.20588298,
31531,89.04782247,
31532,89.87130753,
31533,89.81046894,
31534,89.76704066,
31535,90.15233802,
31536,89.91328583,
31537,89.30231789,
31538,90.06347164,
31539,88.92631262,
31540,88.42933376,
31541,88.29352308,
31542,88.61635402,
31543,89.09762985,
31544,88.98386104,
31545,89.42653509,
31546,89.39582393,
31547,90.15709876,
31548,90.89133547,
31549,90.78921865,
31550,91.30299758,
31551,92.70849408,
31552,93.931513,
31553,94.50588228,
31554,95.43152401,
31555,95.19004465,
31556,97.08953834,
31557,97.63267884,
31558,98.71907101,
31559,99.72587576,
31560,100.3973994,
31561,100.5315604,
31562,102.0289872,
31563,102.4455523,
31564,103.6662932,
31565,104.1276654,
31566,104.5478608,
31567,103.7015046,
31568,103.9778761,
31569,104.1964494,
31570,104.8078942,
31571,105.6547628,
31572,106.6343358,
31573,106.5389172,
31574,106.4083163,
31575,106.8056497,
31576,106.9152914,
31577,106.7373951,
31578,106.6759258,
31579,106.7734371,
31580,107.9903353,
31581,108.3321413,
31582,109.5463494,
31583,111.049751,
31584,110.8426638,
31585,111.4912868,
31586,112.6816778,
31587,113.720113,
31588,115.1271713,
31589,116.8636084,
31590,117.3167867,
31591,117.5163779,
31592,118.717657,
31593,120.3128102,
31594,121.3182689,
31595,122.7838279,
31596,123.065661,
31597,123.867901,
31598,124.6981911,
31599,124.9810174,
31600,125.7674719,
31601,126.0300678,
31602,126.7791151,
31603,127.5095135,
31604,127.622839,
31605,128.6447625,
31606,129.7833159,
31607,130.1210802,
31608,130.6977507,
31609,130.5937543,
31610,132.2175696,
31611,133.5363916,
31612,133.7508496,
31613,133.980825,
31614,134.6649874,
31615,135.2293567,
31616,135.5851156,
31617,135.448118,
31618,135.683275,
31619,135.5987239,
31620,135.3214807,
31621,134.9026249,
31622,134.5807333,
31623,134.0577084,
31624,133.5866823,
31625,132.7874461,
31626,132.7255826,
31627,132.3714081,
31628,132.0529959,
31629,131.7110273,
31630,131.2096753,
31631,131.2212989,
31632,131.1210497,
31633,131.2459435,
31634,131.2399245,
31635,130.9000259,
31636,129.7692515,
31637,129.5789466,
31638,129.8943887,
31639,129.3322214,
31640,129.6751716,
31641,130.8195426,
31642,130.4271024,
31643,130.7923424,
31644,130.0586784,
31645,128.402347,
31646,127.8542009,
31647,127.9473496,
31648,127.8807956,
31649,127.6881269,
31650,127.4789167,
31651,125.8798942,
31652,126.1914286,
31653,125.2894856,
31654,124.9993656,
31655,123.7672333,
31656,122.2467205,
31657,121.1080701,
31658,120.4859957,
31659,119.4953442,
31660,117.8713462,
31661,117.1973454,
31662,115.2802058,
31663,114.6970734,
31664,112.8240692,
31665,113.1889457,
31666,112.1592682,
31667,109.3367075,
31668,108.6249696,
31669,107.1214478,
31670,105.9215478,
31671,102.4390466,
31672,100.8950158,
31673,101.3212524,
31674,101.0794069,
31675,99.50109414,
31676,98.82690505,
31677,96.78051096,
31678,94.66090446,
31679,94.77977547,
31680,92.39069457,
31681,89.77782383,
31682,88.3632779,
31683,87.60383463,
31684,86.38272578,
31685,84.98056259,
31686,82.87772142,
31687,82.40504951,
31688,82.1546324,
31689,80.38393485,
31690,79.45923545,
31691,78.87069689,
31692,78.52568886,
31693,78.82781243,
31694,77.94394377,
31695,76.96610523,
31696,76.83951533,
31697,76.85892342,
31698,76.82931294,
31699,76.99655498,
31700,76.87079888,
31701,76.91211083,
31702,77.41562417,
31703,78.0704988,
31704,78.45612025,
31705,78.67426233,
31706,79.18193083,
31707,79.65408103,
31708,80.47470006,
31709,81.10377176,
31710,81.7251624,
31711,82.18591233,
31712,82.60891536,
31713,83.32410963,
31714,84.42890412,
31715,84.46425058,
31716,84.79074112,
31717,85.52724961,
31718,86.60192542,
31719,87.52393958,
31720,88.57045739,
31721,89.21287091,
31722,90.30999509,
31723,92.05901616,
31724,93.87241582,
31725,94.45055954,
31726,95.40758063,
31727,96.46584416,
31728,99.32397548,
31729,99.62508386,
31730,101.2688681,
31731,103.3722066,
31732,105.7438703,
31733,105.9865602,
31734,107.0915986,
31735,109.5147977,
31736,111.6134051,
31737,112.8214811,
31738,113.3958692,
31739,114.9623522,
31740,116.3212124,
31741,117.4857271,
31742,118.5140784,
31743,119.4516261,
31744,122.0649403,
31745,123.8572324,
31746,124.7291537,
31747,125.12508,
31748,125.2277806,
31749,124.9251979,
31750,124.7258237,
31751,125.1226,
31752,125.2650318,
31753,124.6321432,
31754,124.399045,
31755,123.7416819,
31756,124.0938312,
31757,123.3941904,
31758,123.4478431,
31759,122.7515982,
31760,122.9207673,
31761,122.5670095,
31762,122.0882096,
31763,121.6721016,
31764,121.3241962,
31765,120.9823179,
31766,120.6690605,
31767,120.2843289,
31768,120.2412912,
31769,120.0713394,
31770,119.8424448,
31771,119.8768915,
31772,119.6325445,
31773,119.7497261,
31774,119.9113866,
31775,120.3357928,
31776,121.1066581,
31777,121.4446588,
31778,121.8588625,
31779,122.5197839,
31780,122.5341218,
31781,122.4342134,
31782,122.901123,
31783,123.3147225,
31784,122.4759415,
31785,122.4177918,
31786,122.3709433,
31787,122.951468,
31788,122.79806,
31789,123.1571551,
31790,123.6736115,
31791,124.2859589,
31792,125.0845126,
31793,125.1925341,
31794,124.898847,
31795,126.1732781,
31796,126.7350714,
31797,127.1391434,
31798,127.7418667,
31799,128.2197173,
31800,129.2258118,
31801,130.5491852,
31802,130.5300589,
31803,129.883501,
31804,129.8226375,
31805,129.8202934,
31806,130.5930729,
31807,129.9152164,
31808,130.8758878,
31809,130.2570677,
31810,130.9190967,
31811,130.2511788,
31812,130.7580202,
31813,130.682778,
31814,130.3810896,
31815,130.3931393,
31816,130.4339802,
31817,130.5409561,
31818,130.5485113,
31819,130.2740527,
31820,130.0132229,
31821,129.8020983,
31822,129.7943865,
31823,129.4954931,
31824,129.5784736,
31825,129.5923845,
31826,129.5652478,
31827,129.6348953,
31828,129.8854763,
31829,130.0783459,
31830,130.3745677,
31831,130.6665268,
31832,130.6491185,
31833,131.1815182,
31834,131.2680409,
31835,131.8045381,
31836,132.1154913,
31837,132.4902743,
31838,132.8898209,
31839,132.4230979,
31840,132.0033842,
31841,131.906965,
31842,131.1109681,
31843,130.9541118,
31844,130.0618544,
31845,129.7367337,
31846,129.615862,
31847,129.3916636,
31848,129.046352,
31849,129.2371235,
31850,129.1456374,
31851,128.898818,
31852,128.7096204,
31853,127.9395089,
31854,127.5111525,
31855,128.1369272,
31856,127.8562034,
31857,127.6726288,
31858,127.866843,
31859,126.927029,
31860,126.5939198,
31861,126.6646412,
31862,125.7045286,
31863,125.731969,
31864,124.4383604,
31865,123.5597589,
31866,123.394904,
31867,123.0734993,
31868,122.0514087,
31869,121.9207833,
31870,121.0374617,
31871,120.6487488,
31872,120.6557737,
31873,120.160405,
31874,118.5282791,
31875,117.3754116,
31876,116.4789805,
31877,114.7971849,
31878,113.9653662,
31879,112.3103765,
31880,110.7064356,
31881,111.3990124,
31882,110.5796673,
31883,108.855189,
31884,107.8086906,
31885,106.6832863,
31886,105.5205396,
31887,104.2631313,
31888,102.9034183,
31889,100.6427178,
31890,100.1798198,
31891,99.16003702,
31892,99.13756044,
31893,97.58155096,
31894,95.87386258,
31895,95.20389464,
31896,95.13841908,
31897,93.57250422,
31898,92.10370417,
31899,91.72582017,
31900,91.34101393,
31901,91.67355711,
31902,91.75068881,
31903,91.38123828,
31904,91.48472442,
31905,91.6425376,
31906,91.67148354,
31907,91.47413866,
31908,91.36280925,
31909,91.54321472,
31910,91.80766108,
31911,92.3955931,
31912,92.64655042,
31913,92.97593351,
31914,93.62515692,
31915,93.85058943,
31916,93.87948209,
31917,94.10939445,
31918,94.3325253,
31919,93.7997918,
31920,94.15380351,
31921,94.52415018,
31922,94.9785016,
31923,94.80885988,
31924,95.05355327,
31925,94.39003903,
31926,95.30829603,
31927,95.76157891,
31928,95.67460536,
31929,96.32160139,
31930,96.53143751,
31931,95.88978184,
31932,96.99415523,
31933,97.7897584,
31934,98.28945827,
31935,98.22371179,
31936,98.17361837,
31937,97.05331292,
31938,97.89468147,
31939,98.70414319,
31940,98.83903517,
31941,101.0102222,
31942,101.2959678,
31943,102.5677255,
31944,103.0726218,
31945,104.4010927,
31946,105.1420316,
31947,105.8543437,
31948,106.9721005,
31949,107.7163405,
31950,108.404093,
31951,109.7865487,
31952,111.9623267,
31953,113.7385695,
31954,114.4839366,
31955,115.0065154,
31956,116.9248906,
31957,119.1699356,
31958,119.4056221,
31959,120.3777308,
31960,122.030031,
31961,124.0975766,
31962,126.1095079,
31963,126.8543424,
31964,126.3979277,
31965,127.8627278,
31966,130.0039767,
31967,131.3755151,
31968,131.9820026,
31969,132.0125959,
31970,131.6146134,
31971,133.702281,
31972,135.5091327,
31973,135.0678833,
31974,135.5561387,
31975,136.4373588,
31976,136.3481732,
31977,136.9777085,
31978,136.2285316,
31979,135.752981,
31980,135.8866525,
31981,136.0647745,
31982,136.412559,
31983,136.8034195,
31984,136.7866808,
31985,136.8068573,
31986,137.1186412,
31987,137.3982364,
31988,137.0987031,
31989,136.8378546,
31990,136.5198294,
31991,136.4560855,
31992,136.1808176,
31993,135.9703271,
31994,135.5377557,
31995,134.988735,
31996,134.3747756,
31997,134.0092433,
31998,133.5959837,
31999,132.1766662,
32000,131.6146224,
32001,130.8843285,
32002,130.5478677,
32003,129.828416,
32004,128.9255417,
32005,129.1311462,
32006,129.0228498,
32007,127.6787499,
32008,127.5227142,
32009,126.2785407,
32010,124.0372161,
32011,122.080657,
32012,121.3106584,
32013,120.6226677,
32014,118.6498602,
32015,117.3782241,
32016,116.8849407,
32017,116.2979905,
32018,113.8288691,
32019,112.3863825,
32020,111.5060862,
32021,110.8895825,
32022,109.0031982,
32023,107.8375117,
32024,106.4872241,
32025,105.4304316,
32026,104.1562212,
32027,102.9875411,
32028,102.4778645,
32029,102.6323631,
32030,102.3929322,
32031,101.6461971,
32032,100.8178195,
32033,100.5225834,
32034,100.1883015,
32035,99.83052559,
32036,99.55720435,
32037,99.60871779,
32038,99.9287719,
32039,100.0100353,
32040,100.07056,
32041,100.0812523,
32042,100.5120969,
32043,99.87404722,
32044,99.64995575,
32045,99.29099082,
32046,98.95135995,
32047,98.37154758,
32048,98.45201006,
32049,97.92597194,
32050,98.11699152,
32051,97.29912651,
32052,97.37458335,
32053,96.87969562,
32054,96.30288156,
32055,96.31347093,
32056,96.79763009,
32057,96.39200821,
32058,96.00511712,
32059,96.09566466,
32060,97.51454058,
32061,97.50507151,
32062,97.35627713,
32063,97.91310271,
32064,98.12614028,
32065,99.51926359,
32066,98.68359664,
32067,98.78291359,
32068,98.32273877,
32069,97.78799607,
32070,97.51901623,
32071,97.74297359,
32072,97.4058519,
32073,97.246525,
32074,96.51558366,
32075,97.25661251,
32076,97.21422022,
32077,96.55312917,
32078,96.80826736,
32079,97.88693041,
32080,97.7738744,
32081,97.99758331,
32082,97.14365031,
32083,97.65938214,
32084,98.12194742,
32085,98.17003223,
32086,97.6358777,
32087,96.99313008,
32088,96.85125992,
32089,96.47810388,
32090,95.50862999,
32091,95.64840693,
32092,95.87639087,
32093,95.98817192,
32094,95.76718117,
32095,95.12559496,
32096,94.74689936,
32097,94.45837496,
32098,93.84387557,
32099,93.12362296,
32100,93.12796471,
32101,93.10220983,
32102,92.79371171,
32103,92.52021952,
32104,92.76826428,
32105,92.66804085,
32106,92.45380129,
32107,92.26521607,
32108,92.16034911,
32109,92.12447295,
32110,92.55513872,
32111,93.12796263,
32112,93.51517541,
32113,93.51382329,
32114,93.43267904,
32115,94.02021187,
32116,93.98159251,
32117,94.38863021,
32118,94.98876068,
32119,95.3953693,
32120,95.87198276,
32121,95.90442234,
32122,95.62369234,
32123,96.25778891,
32124,97.05127588,
32125,97.4710133,
32126,98.53875372,
32127,99.48492948,
32128,100.9859545,
32129,101.4061961,
32130,102.481012,
32131,103.8191208,
32132,104.3790302,
32133,105.0154741,
32134,105.242571,
32135,106.5893052,
32136,107.8325725,
32137,107.7013465,
32138,108.3620512,
32139,108.3191895,
32140,109.4387836,
32141,110.5488145,
32142,111.590666,
32143,111.9402487,
32144,111.6201142,
32145,110.7256459,
32146,111.1531439,
32147,110.7063003,
32148,111.5027016,
32149,112.6269094,
32150,112.8856628,
32151,113.011991,
32152,112.9806207,
32153,113.9309978,
32154,113.3694621,
32155,114.6167714,
32156,114.6220302,
32157,114.921539,
32158,115.3806219,
32159,115.5115323,
32160,116.1623052,
32161,116.619095,
32162,116.887368,
32163,116.6982716,
32164,117.0883523,
32165,118.0271954,
32166,117.874464,
32167,118.4585091,
32168,117.5848461,
32169,118.3062882,
32170,118.6086229,
32171,118.4931355,
32172,118.9029635,
32173,119.1729005,
32174,119.7246829,
32175,120.021615,
32176,120.5551886,
32177,121.3944044,
32178,121.3607954,
32179,121.0608196,
32180,122.2061,
32181,122.2595618,
32182,122.7522749,
32183,123.0930854,
32184,123.6301129,
32185,124.3388959,
32186,125.3013169,
32187,125.9689959,
32188,126.2068281,
32189,126.7148393,
32190,127.5712002,
32191,128.4377725,
32192,129.10711,
32193,129.3985778,
32194,129.6718996,
32195,130.2132908,
32196,130.5891801,
32197,130.9434018,
32198,130.7437363,
32199,130.2378662,
32200,130.4258154,
32201,130.3167231,
32202,130.1581287,
32203,130.126049,
32204,129.6845171,
32205,129.2471737,
32206,129.0825276,
32207,128.742917,
32208,128.39545,
32209,127.7012259,
32210,126.8976572,
32211,126.4660979,
32212,126.2813493,
32213,125.6340479,
32214,125.4694759,
32215,124.7057072,
32216,124.3837208,
32217,124.2295312,
32218,123.8001269,
32219,124.192872,
32220,123.5593993,
32221,123.5054109,
32222,123.3755778,
32223,122.6086892,
32224,122.5656384,
32225,123.244949,
32226,122.2100307,
32227,121.8600439,
32228,121.4330251,
32229,120.6587205,
32230,119.5718238,
32231,118.3052012,
32232,115.8695668,
32233,115.3423304,
32234,114.5327459,
32235,114.0297421,
32236,113.687949,
32237,110.278106,
32238,108.91711,
32239,109.2974603,
32240,107.0456606,
32241,104.3972302,
32242,102.5160664,
32243,101.3907705,
32244,99.99452701,
32245,98.88670081,
32246,97.75087929,
32247,97.87168643,
32248,97.67051912,
32249,97.55073816,
32250,95.76201294,
32251,93.85473646,
32252,92.43720259,
32253,91.55621986,
32254,91.96469166,
32255,90.68724506,
32256,87.00268233,
32257,85.87387939,
32258,84.60871843,
32259,84.22635614,
32260,82.55248747,
32261,83.1955099,
32262,83.06047714,
32263,82.66498498,
32264,82.02304968,
32265,81.47158285,
32266,80.89545104,
32267,81.2437078,
32268,81.67220556,
32269,81.62100987,
32270,81.41125803,
32271,81.45633604,
32272,81.74896047,
32273,82.03401562,
32274,82.72889863,
32275,83.24719868,
32276,83.38627129,
32277,83.79231244,
32278,84.34870701,
32279,84.67769492,
32280,85.09402997,
32281,84.89783502,
32282,85.25442501,
32283,85.44010981,
32284,86.46205476,
32285,87.24124559,
32286,87.60658162,
32287,87.99554545,
32288,88.92146956,
32289,90.13936059,
32290,90.60637787,
32291,91.8376458,
32292,92.38243965,
32293,93.44846334,
32294,94.89415401,
32295,95.58464856,
32296,96.26473471,
32297,97.53405671,
32298,99.13271908,
32299,100.4539737,
32300,100.455215,
32301,101.7918576,
32302,103.333166,
32303,104.4869309,
32304,105.0135072,
32305,106.1996328,
32306,108.2406561,
32307,109.0141464,
32308,109.4785054,
32309,110.0349313,
32310,112.1112115,
32311,112.6640157,
32312,113.7621776,
32313,114.1396147,
32314,114.4875528,
32315,115.1744124,
32316,116.0750724,
32317,116.3978602,
32318,116.2033369,
32319,117.4821931,
32320,118.00731,
32321,118.2714766,
32322,118.3664135,
32323,118.1144441,
32324,119.8452206,
32325,120.8004187,
32326,121.420764,
32327,121.3087512,
32328,121.2395528,
32329,122.1790288,
32330,122.5401985,
32331,122.8170177,
32332,121.9990838,
32333,121.2856246,
32334,121.5834708,
32335,121.632947,
32336,121.5035823,
32337,121.8568423,
32338,122.432512,
32339,123.0130909,
32340,123.0728619,
32341,122.8200861,
32342,122.7868298,
32343,123.1701374,
32344,123.3314263,
32345,123.5905431,
32346,123.5348232,
32347,124.198085,
32348,124.3095778,
32349,124.4052188,
32350,124.6579705,
32351,124.7634844,
32352,125.1795007,
32353,125.435921,
32354,125.9692132,
32355,126.0998754,
32356,125.959891,
32357,126.1135603,
32358,126.7676072,
32359,127.4212609,
32360,127.9128951,
32361,128.7003946,
32362,128.8885961,
32363,128.7479302,
32364,129.2099968,
32365,128.9715443,
32366,128.9699905,
32367,128.777988,
32368,128.3339039,
32369,128.0478712,
32370,127.8627736,
32371,127.5538484,
32372,126.344149,
32373,125.4830114,
32374,124.873884,
32375,124.3595744,
32376,123.2843494,
32377,122.1730773,
32378,121.7278106,
32379,121.052289,
32380,120.0197645,
32381,118.3619563,
32382,117.0994762,
32383,116.7595702,
32384,115.6883924,
32385,114.6239131,
32386,113.7993802,
32387,114.4855403,
32388,114.4225403,
32389,113.5777274,
32390,111.5084396,
32391,110.3918144,
32392,109.2452152,
32393,107.4511286,
32394,106.6522862,
32395,104.7939054,
32396,104.3472794,
32397,104.4524534,
32398,105.4802353,
32399,103.8687724,
32400,102.3996888,
32401,102.9752608,
32402,101.9454895,
32403,101.272749,
32404,101.4060784,
32405,101.2418227,
32406,101.8250714,
32407,101.8495233,
32408,101.1303535,
32409,100.4504187,
32410,100.2020815,
32411,99.46794795,
32412,99.15397597,
32413,98.36633642,
32414,98.05300242,
32415,98.1976188,
32416,97.81011066,
32417,97.26671945,
32418,96.99300704,
32419,96.19771065,
32420,95.40798047,
32421,94.95554492,
32422,94.92224249,
32423,94.91502509,
32424,94.82326154,
32425,95.35244567,
32426,95.11306358,
32427,94.9354028,
32428,94.89417196,
32429,95.17438651,
32430,95.38220528,
32431,95.73239142,
32432,96.31531208,
32433,96.58554024,
32434,96.88230841,
32435,97.00049221,
32436,97.83289672,
32437,98.55908469,
32438,98.75729575,
32439,99.34573551,
32440,100.6640125,
32441,101.9457879,
32442,102.3559302,
32443,102.4864874,
32444,103.1999572,
32445,104.5059543,
32446,105.2780767,
32447,105.7082672,
32448,107.1717502,
32449,108.9599476,
32450,109.599185,
32451,109.7525678,
32452,111.071911,
32453,112.5755415,
32454,113.7148646,
32455,114.5821309,
32456,116.3522937,
32457,118.1557878,
32458,119.5104331,
32459,120.1391086,
32460,121.721724,
32461,122.9153962,
32462,124.0575928,
32463,124.3090269,
32464,123.4773524,
32465,126.2775074,
32466,127.6800111,
32467,127.7094683,
32468,128.5503472,
32469,128.7512326,
32470,128.8373605,
32471,129.6888985,
32472,129.8288499,
32473,129.3825366,
32474,128.5652465,
32475,128.4867644,
32476,128.9767371,
32477,127.9824652,
32478,127.5646264,
32479,128.5532085,
32480,128.057759,
32481,128.4367613,
32482,128.127411,
32483,127.7343728,
32484,127.2156052,
32485,126.3304786,
32486,125.6694187,
32487,126.0978102,
32488,125.8248156,
32489,125.9071422,
32490,125.4646775,
32491,125.4355537,
32492,125.2407559,
32493,125.0407072,
32494,124.3755674,
32495,123.9854938,
32496,123.4700306,
32497,123.2184264,
32498,123.0229984,
32499,122.8727321,
32500,122.6896777,
32501,121.9770041,
32502,121.6729781,
32503,121.4918006,
32504,121.0869507,
32505,120.72488,
32506,120.260656,
32507,119.5902785,
32508,119.2770095,
32509,119.3030304,
32510,118.663939,
32511,118.598194,
32512,118.5185294,
32513,117.8356965,
32514,117.6314731,
32515,117.0106945,
32516,116.6358386,
32517,116.2862414,
32518,116.4361044,
32519,116.2127614,
32520,115.6987775,
32521,115.1214827,
32522,114.6634739,
32523,114.2289497,
32524,113.4252288,
32525,112.9445292,
32526,113.0898195,
32527,113.2810859,
32528,112.9952644,
32529,112.1205476,
32530,111.9133845,
32531,111.1321515,
32532,110.1279361,
32533,109.7309174,
32534,109.8757644,
32535,109.9071252,
32536,109.9850286,
32537,109.9630307,
32538,109.53826,
32539,109.0365792,
32540,108.7910412,
32541,108.1550194,
32542,107.850971,
32543,107.4392117,
32544,106.3857679,
32545,105.86448,
32546,105.5118253,
32547,104.8595408,
32548,103.6433869,
32549,102.4572125,
32550,101.3574639,
32551,101.238754,
32552,101.2988269,
32553,99.62662923,
32554,99.09660923,
32555,99.14517682,
32556,98.41259475,
32557,98.48303287,
32558,98.65618761,
32559,97.0946989,
32560,96.75605026,
32561,95.93640662,
32562,95.72101657,
32563,95.37506495,
32564,94.67353722,
32565,94.92614804,
32566,94.5119894,
32567,94.62987486,
32568,95.78190966,
32569,95.8177787,
32570,95.99159217,
32571,93.83480734,
32572,93.6202136,
32573,92.93667512,
32574,92.65182877,
32575,92.5299217,
32576,92.96578116,
32577,93.19935388,
32578,93.32379677,
32579,92.87069793,
32580,93.27239477,
32581,92.4841133,
32582,92.15143378,
32583,92.16993555,
32584,91.81690606,
32585,91.996385,
32586,92.02563051,
32587,92.17697487,
32588,92.49430049,
32589,92.54875193,
32590,92.78309038,
32591,93.06918342,
32592,93.5949927,
32593,93.92328171,
32594,94.23795591,
32595,94.58911244,
32596,94.87043791,
32597,95.00105988,
32598,95.54369853,
32599,96.06149674,
32600,96.29782625,
32601,96.87449715,
32602,97.47776476,
32603,98.04897591,
32604,99.20501387,
32605,100.3166825,
32606,100.7753583,
32607,101.3440072,
32608,101.9935091,
32609,102.7578866,
32610,103.6975128,
32611,104.6079282,
32612,105.0514731,
32613,106.3193461,
32614,107.8006181,
32615,108.7909848,
32616,109.2889658,
32617,110.2896398,
32618,111.6838722,
32619,112.9227118,
32620,113.1966951,
32621,113.6635583,
32622,114.6564663,
32623,116.2021755,
32624,117.1252074,
32625,118.4708156,
32626,118.9638525,
32627,120.0015471,
32628,121.489036,
32629,123.1543781,
32630,123.9022153,
32631,124.511132,
32632,125.3874224,
32633,127.0333397,
32634,128.5963201,
32635,128.7133833,
32636,130.1177469,
32637,131.6922814,
32638,133.1083292,
32639,133.5601272,
32640,134.0411266,
32641,134.5502155,
32642,135.8122892,
32643,137.3284051,
32644,136.7416171,
32645,137.2832607,
32646,137.8339302,
32647,139.3190597,
32648,140.1615839,
32649,140.6055451,
32650,140.1557963,
32651,140.5165099,
32652,140.2242418,
32653,141.3403414,
32654,141.7986403,
32655,141.9592858,
32656,141.8098385,
32657,142.5075459,
32658,141.9986614,
32659,141.9576404,
32660,142.5188818,
32661,141.9453462,
32662,141.8600691,
32663,141.6572314,
32664,141.503438,
32665,141.3821111,
32666,141.5541344,
32667,141.1245569,
32668,140.848592,
32669,141.1419314,
32670,141.1716015,
32671,140.9295833,
32672,140.758808,
32673,140.3081349,
32674,139.9636121,
32675,139.9277007,
32676,140.1876174,
32677,140.1437553,
32678,139.7439552,
32679,139.5129906,
32680,139.1577504,
32681,138.8201255,
32682,138.7745773,
32683,138.3636815,
32684,138.1340911,
32685,137.4898233,
32686,137.1349683,
32687,136.8574068,
32688,136.5007075,
32689,135.9833289,
32690,135.6310722,
32691,134.5522339,
32692,134.4690944,
32693,134.8025234,
32694,134.5747208,
32695,134.4647602,
32696,134.2045322,
32697,133.631056,
32698,132.5663462,
32699,132.023073,
32700,132.3480163,
32701,131.849377,
32702,131.4567532,
32703,131.2951768,
32704,130.7035593,
32705,129.965275,
32706,129.5493969,
32707,128.6322246,
32708,128.2304946,
32709,127.2260545,
32710,125.1375235,
32711,124.1269304,
32712,123.0234171,
32713,122.2859566,
32714,120.2846886,
32715,119.7077732,
32716,118.6382664,
32717,117.7706896,
32718,116.3012999,
32719,114.480573,
32720,113.4127217,
32721,112.4517323,
32722,111.7174918,
32723,109.4243438,
32724,107.545037,
32725,106.7195201,
32726,105.3486354,
32727,103.8628066,
32728,101.535447,
32729,100.9186051,
32730,100.5124407,
32731,97.98261821,
32732,96.4959777,
32733,95.77659382,
32734,94.53322984,
32735,92.77667386,
32736,91.09474726,
32737,90.06416637,
32738,89.48677422,
32739,88.28791384,
32740,87.36289094,
32741,85.96241786,
32742,84.85790615,
32743,84.62072437,
32744,82.45734777,
32745,80.50287517,
32746,80.07859925,
32747,79.29331703,
32748,78.13960112,
32749,76.59549276,
32750,75.0300074,
32751,74.91524725,
32752,74.85993282,
32753,73.28417344,
32754,71.55470605,
32755,69.70437102,
32756,69.30443486,
32757,69.17000484,
32758,68.12793551,
32759,67.89071347,
32760,66.77832639,
32761,66.3226618,
32762,65.58397969,
32763,63.06429104,
32764,61.96812766,
32765,61.90906757,
32766,61.28301393,
32767,61.12186778,
32768,60.60305948,
32769,59.89610113,
32770,59.83040747,
32771,58.84541236,
32772,57.38367746,
32773,57.04415798,
32774,56.99935607,
32775,56.96952554,
32776,56.93585848,
32777,56.69126269,
32778,56.40378733,
32779,56.24724744,
32780,56.13072437,
32781,56.26241226,
32782,55.96485428,
32783,55.77825309,
32784,56.11884392,
32785,56.16638166,
32786,56.31423976,
32787,56.39970752,
32788,57.09823086,
32789,57.32985422,
32790,57.82544004,
32791,58.5918495,
32792,59.17720618,
32793,59.78443978,
32794,60.13309791,
32795,61.62637709,
32796,63.68639272,
32797,64.54608275,
32798,65.19120278,
32799,66.77033391,
32800,67.77911939,
32801,69.12759772,
32802,69.4443209,
32803,70.84536519,
32804,72.64541048,
32805,74.37201086,
32806,74.69649551,
32807,75.55722673,
32808,75.82428705,
32809,76.300641,
32810,76.89590362,
32811,77.66575743,
32812,77.9155423,
32813,78.59033782,
32814,78.95827149,
32815,79.63311303,
32816,80.76894644,
32817,81.62483929,
32818,82.07534355,
32819,82.63032546,
32820,84.17898876,
32821,85.57181491,
32822,86.31914351,
32823,85.86074196,
32824,86.03895694,
32825,86.1128358,
32826,87.03706845,
32827,88.07572371,
32828,88.87762421,
32829,90.73094876,
32830,92.03789413,
32831,93.36598048,
32832,94.37233329,
32833,95.61990276,
32834,96.35861856,
32835,97.11873431,
32836,98.36812168,
32837,99.46538743,
32838,100.8544436,
32839,101.6175037,
32840,102.2664151,
32841,104.7232879,
32842,106.6699958,
32843,106.8451629,
32844,107.7422303,
32845,110.2392387,
32846,111.5840056,
32847,112.502424,
32848,114.2209331,
32849,115.9835341,
32850,116.6993554,
32851,117.1958725,
32852,119.4021854,
32853,121.1455984,
32854,121.525641,
32855,122.5471682,
32856,124.2752968,
32857,125.4435235,
32858,126.6348216,
32859,126.9925346,
32860,128.5101555,
32861,130.3690071,
32862,130.8551282,
32863,131.3514364,
32864,132.1885023,
32865,133.1801141,
32866,133.9655488,
32867,134.8330386,
32868,134.7883609,
32869,135.4645851,
32870,136.2056555,
32871,136.8692192,
32872,137.0315452,
32873,137.4995988,
32874,137.8140759,
32875,138.0654359,
32876,138.0607235,
32877,137.508933,
32878,137.8302266,
32879,138.1749812,
32880,138.2986896,
32881,138.3463615,
32882,138.7113699,
32883,139.1313371,
32884,139.5678943,
32885,139.7431295,
32886,140.1315568,
32887,140.8231983,
32888,141.3117131,
32889,141.6633763,
32890,142.8000333,
32891,143.7796233,
32892,144.2599565,
32893,145.2219915,
32894,146.6090011,
32895,147.213622,
32896,147.4829527,
32897,147.9959534,
32898,148.3904623,
32899,148.4132018,
32900,148.5064692,
32901,148.3909671,
32902,148.1768464,
32903,148.0507024,
32904,147.8743463,
32905,147.770191,
32906,147.4249366,
32907,146.7305499,
32908,146.0842151,
32909,145.5048043,
32910,145.284455,
32911,144.9137677,
32912,144.3830794,
32913,143.4636797,
32914,142.4216569,
32915,142.356368,
32916,142.3778491,
32917,140.812964,
32918,140.4448576,
32919,139.7469027,
32920,140.0025498,
32921,139.5246641,
32922,138.1619161,
32923,137.6474818,
32924,138.5451328,
32925,137.765122,
32926,136.7888182,
32927,136.9612671,
32928,136.1215995,
32929,136.89916,
32930,136.1253783,
32931,136.1708352,
32932,135.7587909,
32933,134.9383961,
32934,134.4229847,
32935,134.3332457,
32936,134.1620805,
32937,133.5180913,
32938,132.2910747,
32939,131.0943108,
32940,131.1491635,
32941,130.3041974,
32942,129.0121445,
32943,128.8800729,
32944,128.0576933,
32945,127.0945181,
32946,126.3287382,
32947,126.413206,
32948,125.6080223,
32949,124.8867279,
32950,124.0886324,
32951,124.1376922,
32952,124.0393418,
32953,123.4737418,
32954,122.248522,
32955,122.4284824,
32956,122.2145806,
32957,122.0341527,
32958,122.0823547,
32959,122.4634038,
32960,122.3296626,
32961,122.2355829,
32962,122.115885,
32963,122.2451226,
32964,122.0815795,
32965,121.9592425,
32966,121.6646378,
32967,121.4682376,
32968,121.4974726,
32969,121.2579121,
32970,121.036778,
32971,120.8369316,
32972,120.8030653,
32973,120.7003156,
32974,120.8056662,
32975,120.7434781,
32976,121.164813,
32977,121.6072326,
32978,121.8838902,
32979,122.6745998,
32980,123.3637399,
32981,123.5861473,
32982,123.8063314,
32983,124.6064588,
32984,125.3000009,
32985,125.5297005,
32986,126.1296896,
32987,127.3694232,
32988,127.7856956,
32989,127.7141588,
32990,128.7093048,
32991,129.7120879,
32992,130.1286255,
32993,130.6212348,
32994,132.0630041,
32995,133.2621979,
32996,133.4832769,
32997,134.1924435,
32998,135.5314036,
32999,136.8551288,
33000,137.5586764,
33001,138.3474873,
33002,140.082014,
33003,142.2555383,
33004,143.3426671,
33005,144.1801585,
33006,146.4549991,
33007,148.0928534,
33008,148.7820163,
33009,149.7272488,
33010,152.0960622,
33011,154.7135802,
33012,156.0295726,
33013,156.341612,
33014,158.5141177,
33015,159.73428,
33016,160.2340133,
33017,161.0195194,
33018,162.8279764,
33019,164.4152664,
33020,165.6743374,
33021,166.9341199,
33022,168.9138772,
33023,170.8147411,
33024,171.9187371,
33025,173.1452758,
33026,175.0626101,
33027,176.3757182,
33028,177.2287629,
33029,178.1671431,
33030,180.1328058,
33031,182.2821458,
33032,182.9207871,
33033,183.5473584,
33034,184.3971342,
33035,185.5536058,
33036,187.4746377,
33037,188.5819548,
33038,188.9716067,
33039,189.4970327,
33040,189.9389774,
33041,189.8141943,
33042,189.883357,
33043,191.1771959,
33044,192.1126226,
33045,192.3391205,
33046,191.8048156,
33047,191.6545086,
33048,191.6468928,
33049,191.3016697,
33050,191.2423803,
33051,190.7374957,
33052,190.5306535,
33053,190.0675535,
33054,189.5280867,
33055,189.2216507,
33056,188.6223157,
33057,188.6574983,
33058,188.7795911,
33059,188.8206286,
33060,188.4731597,
33061,188.278333,
33062,188.1950249,
33063,188.1947582,
33064,188.3639302,
33065,188.2952528,
33066,188.1891059,
33067,187.7095819,
33068,187.0485383,
33069,186.7049562,
33070,186.4414499,
33071,186.4121058,
33072,186.2734817,
33073,186.0794843,
33074,185.7251639,
33075,185.8275973,
33076,185.7344831,
33077,185.4088589,
33078,185.0906759,
33079,185.255372,
33080,185.1973459,
33081,185.3165999,
33082,185.3281675,
33083,185.1709909,
33084,184.845361,
33085,184.9982398,
33086,184.7354659,
33087,184.1661777,
33088,184.1347681,
33089,183.9370289,
33090,183.8392126,
33091,184.0522049,
33092,183.6661408,
33093,183.1526106,
33094,182.8742047,
33095,181.9754505,
33096,180.9683074,
33097,180.4012863,
33098,180.1693572,
33099,179.4397723,
33100,178.540898,
33101,177.6657017,
33102,176.9583809,
33103,175.7963447,
33104,174.3635518,
33105,174.392743,
33106,174.1710874,
33107,173.4637646,
33108,172.3569108,
33109,171.6108365,
33110,171.1561183,
33111,169.6438502,
33112,167.9852301,
33113,167.4561508,
33114,167.0036037,
33115,165.8301118,
33116,164.519261,
33117,163.8974167,
33118,162.1707776,
33119,160.3473019,
33120,159.1544499,
33121,158.7891608,
33122,157.7290514,
33123,156.2061145,
33124,155.3174225,
33125,154.647547,
33126,152.7854977,
33127,150.1691359,
33128,148.9847201,
33129,148.1688539,
33130,146.485743,
33131,144.5360075,
33132,143.4171378,
33133,141.64216,
33134,139.3120466,
33135,137.1167531,
33136,137.1523088,
33137,135.2807657,
33138,133.1191658,
33139,131.8520536,
33140,131.3853091,
33141,128.2914627,
33142,125.6104668,
33143,125.4549972,
33144,123.9636733,
33145,121.6740208,
33146,119.9737166,
33147,119.8543727,
33148,117.6303505,
33149,115.3394647,
33150,114.4118989,
33151,113.2895594,
33152,111.5963502,
33153,108.1501839,
33154,107.6971531,
33155,105.1384024,
33156,101.9582052,
33157,101.1071196,
33158,98.98648858,
33159,96.73714856,
33160,95.09042039,
33161,93.1698103,
33162,91.49204629,
33163,88.27451756,
33164,85.51985562,
33165,85.57077222,
33166,83.1910661,
33167,80.85555207,
33168,78.71300833,
33169,77.31256224,
33170,73.4844049,
33171,71.24153573,
33172,70.46589955,
33173,66.8965376,
33174,65.56525794,
33175,64.42901046,
33176,62.49230658,
33177,59.2312114,
33178,57.55281848,
33179,56.44838195,
33180,54.5931491,
33181,52.61797466,
33182,52.80215373,
33183,51.97494532,
33184,50.43164594,
33185,48.01123469,
33186,47.73224663,
33187,47.56535368,
33188,47.2788787,
33189,46.8744141,
33190,47.3918458,
33191,48.01367183,
33192,48.02847203,
33193,47.78380352,
33194,48.01514196,
33195,48.72196407,
33196,49.25518674,
33197,49.79777567,
33198,50.56920221,
33199,51.69459019,
33200,52.80771651,
33201,53.14194508,
33202,54.75283814,
33203,56.59267764,
33204,58.0439997,
33205,58.31369397,
33206,60.7153034,
33207,62.42491268,
33208,63.19207166,
33209,64.15444998,
33210,64.98294163,
33211,66.36069282,
33212,67.79981946,
33213,69.09505371,
33214,70.50969908,
33215,73.72611629,
33216,75.42212917,
33217,76.40144171,
33218,78.23788061,
33219,81.48524209,
33220,83.31068413,
33221,84.45312543,
33222,87.38559763,
33223,89.59531627,
33224,90.32317644,
33225,92.09138031,
33226,95.10566605,
33227,97.32356312,
33228,97.67830583,
33229,100.091623,
33230,102.7621692,
33231,104.3871504,
33232,106.0378798,
33233,107.8680909,
33234,110.225571,
33235,111.0147942,
33236,111.5484803,
33237,112.8281841,
33238,115.3414847,
33239,116.7696756,
33240,117.1957978,
33241,119.0758138,
33242,121.0986594,
33243,122.1288942,
33244,123.0691958,
33245,125.6572875,
33246,127.4890235,
33247,128.2033165,
33248,128.6181051,
33249,129.871844,
33250,131.6657124,
33251,132.5548841,
33252,133.4129628,
33253,135.4678204,
33254,136.6275702,
33255,137.437015,
33256,138.9924327,
33257,140.650912,
33258,141.752428,
33259,142.2869625,
33260,143.2010373,
33261,145.3987793,
33262,145.9715354,
33263,146.979668,
33264,148.4720598,
33265,149.6576394,
33266,149.7115267,
33267,150.1909602,
33268,151.3034248,
33269,152.3087736,
33270,152.6519518,
33271,153.256432,
33272,154.6248027,
33273,155.2674577,
33274,155.1518373,
33275,155.2869161,
33276,156.5431801,
33277,157.1610485,
33278,157.6529998,
33279,157.6048188,
33280,157.4372428,
33281,157.4208691,
33282,156.5628019,
33283,155.9611413,
33284,155.8178849,
33285,155.9805115,
33286,155.5668001,
33287,155.667913,
33288,155.0853379,
33289,154.6152988,
33290,153.520482,
33291,153.0244987,
33292,152.7427351,
33293,152.2949062,
33294,151.6042591,
33295,150.551681,
33296,150.3372188,
33297,149.2099354,
33298,147.8861155,
33299,147.2756703,
33300,147.4474069,
33301,147.0761794,
33302,146.3995754,
33303,145.5710781,
33304,145.2155478,
33305,144.9310735,
33306,144.3937195,
33307,143.526508,
33308,143.1580345,
33309,143.6436851,
33310,143.504022,
33311,142.7327092,
33312,142.4919571,
33313,141.8104607,
33314,141.1183235,
33315,140.5476703,
33316,140.0745428,
33317,139.925885,
33318,139.3401559,
33319,138.6881838,
33320,138.281413,
33321,137.2845956,
33322,135.7706707,
33323,133.9861093,
33324,133.2863229,
33325,132.5654395,
33326,131.9171257,
33327,130.7098844,
33328,129.6007888,
33329,128.5724396,
33330,126.4486774,
33331,124.0916579,
33332,123.569149,
33333,122.5035424,
33334,120.7576049,
33335,118.6742824,
33336,117.6597769,
33337,116.4446526,
33338,114.515164,
33339,111.4823899,
33340,110.5346651,
33341,108.8803487,
33342,107.0665494,
33343,104.2640147,
33344,102.9347284,
33345,99.47612135,
33346,97.01749071,
33347,97.07965216,
33348,95.75687123,
33349,93.11713854,
33350,91.43632767,
33351,90.45668227,
33352,88.10096171,
33353,85.44030146,
33354,83.61489541,
33355,82.95305241,
33356,80.65625323,
33357,78.33836967,
33358,76.33473499,
33359,75.96297098,
33360,72.88111508,
33361,70.75874586,
33362,70.42118224,
33363,69.47181463,
33364,69.1639556,
33365,68.04052587,
33366,67.65717408,
33367,67.55756872,
33368,67.35188519,
33369,66.26101304,
33370,65.87972446,
33371,65.50764347,
33372,64.94061401,
33373,64.33865852,
33374,63.72151046,
33375,64.00520856,
33376,63.74736484,
33377,63.43874263,
33378,63.25371966,
33379,63.3227301,
33380,63.4080174,
33381,63.70562296,
33382,64.02904929,
33383,64.74224283,
33384,65.93734706,
33385,67.05153222,
33386,67.28093215,
33387,68.29558473,
33388,69.88952169,
33389,70.29089279,
33390,71.11828003,
33391,72.37754619,
33392,74.42585854,
33393,75.79529221,
33394,76.37465726,
33395,77.37585634,
33396,79.55734628,
33397,81.0037424,
33398,81.59357663,
33399,84.80543588,
33400,86.9009687,
33401,88.07646475,
33402,89.21992736,
33403,91.75153896,
33404,93.97916905,
33405,94.75780609,
33406,96.17068614,
33407,98.63243921,
33408,100.8022647,
33409,101.9763286,
33410,103.2280879,
33411,105.4636609,
33412,107.4571727,
33413,108.8721123,
33414,110.0590041,
33415,111.7147864,
33416,114.2533543,
33417,114.8552654,
33418,116.3799999,
33419,118.7358046,
33420,120.5367372,
33421,121.6315735,
33422,122.8596068,
33423,125.7496177,
33424,126.5446536,
33425,127.2753769,
33426,128.6283226,
33427,129.6538179,
33428,129.6826562,
33429,129.8291281,
33430,131.1572151,
33431,131.9483848,
33432,132.4262749,
33433,132.8165914,
33434,132.4106187,
33435,132.2788144,
33436,132.1163244,
33437,131.9755068,
33438,132.5527283,
33439,132.9257179,
33440,133.3132635,
33441,133.6224018,
33442,133.8752401,
33443,134.4135044,
33444,135.2010752,
33445,135.7262791,
33446,136.7323337,
33447,138.1539095,
33448,139.1007352,
33449,140.0363746,
33450,141.6461785,
33451,143.095204,
33452,143.6573176,
33453,144.602822,
33454,146.1780534,
33455,147.1324284,
33456,147.6408641,
33457,147.9895373,
33458,149.0080309,
33459,149.6467407,
33460,149.8140012,
33461,149.2936662,
33462,149.8574858,
33463,150.4329479,
33464,150.59611,
33465,151.0265856,
33466,151.1646058,
33467,151.2464618,
33468,150.7675426,
33469,150.0904983,
33470,150.760932,
33471,150.7347107,
33472,150.7334528,
33473,150.3560853,
33474,149.8918586,
33475,149.4765137,
33476,148.9129324,
33477,147.5648782,
33478,146.540693,
33479,145.5442416,
33480,145.3407892,
33481,144.847565,
33482,143.4773225,
33483,142.73923,
33484,141.899127,
33485,141.4062296,
33486,140.2503307,
33487,138.5681191,
33488,136.6164869,
33489,136.0660199,
33490,135.3050139,
33491,133.9760686,
33492,132.4800477,
33493,132.4122752,
33494,132.0310012,
33495,130.7288778,
33496,131.0565779,
33497,129.8753155,
33498,130.4027782,
33499,129.2386505,
33500,129.1601952,
33501,128.9321693,
33502,128.3570894,
33503,127.9374621,
33504,127.5828014,
33505,127.22712,
33506,126.6990445,
33507,126.0061474,
33508,125.5754026,
33509,124.3176765,
33510,123.3622447,
33511,123.0560843,
33512,122.2867955,
33513,120.8048071,
33514,119.6971527,
33515,119.3600741,
33516,118.3973903,
33517,117.1709247,
33518,116.0754359,
33519,115.6069622,
33520,115.0046592,
33521,113.8801882,
33522,113.0545444,
33523,112.6077362,
33524,111.8660132,
33525,111.0260432,
33526,109.8978298,
33527,109.504337,
33528,109.0394491,
33529,108.6783474,
33530,107.3329413,
33531,106.3546798,
33532,106.0531901,
33533,104.8303226,
33534,103.5996983,
33535,102.4847247,
33536,102.2848508,
33537,101.3033598,
33538,99.21059354,
33539,98.60682478,
33540,97.88437273,
33541,96.73542977,
33542,94.49094974,
33543,93.02658693,
33544,92.52079487,
33545,90.80835075,
33546,89.43265335,
33547,88.52585659,
33548,87.97214701,
33549,86.16385519,
33550,84.32434693,
33551,81.75597477,
33552,81.57637351,
33553,80.00313544,
33554,78.11223198,
33555,76.76657995,
33556,76.28994068,
33557,75.55189979,
33558,74.58685101,
33559,71.99257057,
33560,71.3805021,
33561,69.67876073,
33562,68.73498865,
33563,69.50786651,
33564,67.83330365,
33565,67.52183118,
33566,67.11712407,
33567,65.097486,
33568,63.8160706,
33569,63.71510008,
33570,63.22772394,
33571,63.34380497,
33572,63.68151654,
33573,63.88605216,
33574,63.87008277,
33575,64.11525962,
33576,64.5236028,
33577,64.9262812,
33578,65.35279941,
33579,65.72170964,
33580,66.15516919,
33581,66.75579752,
33582,67.83060699,
33583,68.37610152,
33584,68.56887673,
33585,68.90527559,
33586,69.21932992,
33587,69.84767602,
33588,70.43513253,
33589,70.9013559,
33590,71.25833321,
33591,71.44767458,
33592,72.42064954,
33593,73.28764551,
33594,74.18017873,
33595,74.49545792,
33596,74.75182653,
33597,74.85063699,
33598,75.65952282,
33599,76.47973524,
33600,77.21281064,
33601,77.69438418,
33602,78.09244091,
33603,78.69307647,
33604,80.14265333,
33605,80.98689324,
33606,81.39797977,
33607,82.22110255,
33608,83.47252264,
33609,84.64998114,
33610,85.6750118,
33611,86.09378306,
33612,86.92091024,
33613,87.58409018,
33614,88.47764173,
33615,89.29992785,
33616,90.33156957,
33617,90.87493642,
33618,92.18727677,
33619,94.14775976,
33620,96.31370456,
33621,96.99343819,
33622,97.42064524,
33623,98.44206561,
33624,99.71873292,
33625,102.2538028,
33626,103.1453038,
33627,103.4424819,
33628,104.91801,
33629,106.9143814,
33630,108.8548792,
33631,110.0167858,
33632,110.9366476,
33633,112.5362235,
33634,114.7339603,
33635,116.2697777,
33636,117.2606881,
33637,118.8263954,
33638,121.848533,
33639,123.6240251,
33640,124.1478256,
33641,125.8472809,
33642,127.3989446,
33643,128.4558441,
33644,129.1196125,
33645,130.1600052,
33646,132.5181785,
33647,134.7725655,
33648,134.829416,
33649,135.6843248,
33650,136.2646357,
33651,137.113075,
33652,138.2143171,
33653,138.1036952,
33654,138.5738079,
33655,139.3318049,
33656,139.4894898,
33657,139.2483536,
33658,138.8003687,
33659,138.1842635,
33660,137.4392013,
33661,137.5118663,
33662,137.2261704,
33663,136.6050943,
33664,136.2110545,
33665,135.9145122,
33666,135.2571339,
33667,134.8087956,
33668,134.4663903,
33669,134.237576,
33670,133.7282481,
33671,132.5432074,
33672,131.8509145,
33673,131.1394293,
33674,130.4987388,
33675,129.9180161,
33676,129.2028474,
33677,128.6328054,
33678,128.0860828,
33679,127.4666241,
33680,126.7846871,
33681,126.4947545,
33682,125.6783319,
33683,125.6189472,
33684,125.3262015,
33685,124.6692927,
33686,123.4117244,
33687,121.7836931,
33688,121.3431966,
33689,120.8975739,
33690,119.7758001,
33691,118.7615928,
33692,117.7278548,
33693,116.5971414,
33694,115.8111943,
33695,115.161108,
33696,112.8494226,
33697,111.1344125,
33698,110.5489896,
33699,109.2337972,
33700,107.5096339,
33701,105.5968041,
33702,103.8642143,
33703,103.192726,
33704,101.4080463,
33705,99.22511573,
33706,97.13932193,
33707,97.11319025,
33708,95.35078575,
33709,93.26513892,
33710,91.56795212,
33711,90.73227702,
33712,89.29338525,
33713,86.50697555,
33714,84.90431917,
33715,84.04791583,
33716,82.68069897,
33717,80.3094049,
33718,79.10500607,
33719,78.37836506,
33720,77.41106516,
33721,76.87611397,
33722,75.30566648,
33723,74.81958051,
33724,74.5159813,
33725,74.04348423,
33726,73.08669336,
33727,73.32804762,
33728,74.52694451,
33729,73.04793023,
33730,73.15109675,
33731,72.11740623,
33732,72.19254249,
33733,72.89751032,
33734,73.56192206,
33735,74.20132942,
33736,74.43071033,
33737,74.39797215,
33738,74.26348998,
33739,74.96705901,
33740,75.4290354,
33741,75.65315686,
33742,75.93526249,
33743,75.84454368,
33744,75.84862474,
33745,75.8378845,
33746,75.83551913,
33747,76.1683436,
33748,76.44877232,
33749,77.15471973,
33750,77.43114146,
33751,77.42958364,
33752,77.3431266,
33753,77.37283126,
33754,77.48824915,
33755,77.82588028,
33756,77.76041223,
33757,77.57613138,
33758,77.75885646,
33759,78.32116081,
33760,78.92207002,
33761,79.27183166,
33762,79.39418698,
33763,79.85203954,
33764,80.84949207,
33765,81.58011391,
33766,81.82672555,
33767,82.18070035,
33768,83.58840117,
33769,84.74179063,
33770,85.61291629,
33771,86.51563482,
33772,87.79472244,
33773,88.92633341,
33774,89.42196569,
33775,90.66234647,
33776,92.53919552,
33777,94.49510123,
33778,95.25640549,
33779,95.89567267,
33780,97.50968496,
33781,99.43468091,
33782,101.01168,
33783,102.0945458,
33784,104.3224813,
33785,106.2718151,
33786,107.5148363,
33787,108.3518812,
33788,110.3615783,
33789,112.6634916,
33790,113.5754895,
33791,114.6946727,
33792,116.5220221,
33793,119.1035513,
33794,120.3136839,
33795,121.3489686,
33796,123.1100658,
33797,124.3014715,
33798,125.9353858,
33799,125.9451392,
33800,126.7726871,
33801,127.924418,
33802,129.1283022,
33803,129.1126896,
33804,129.6626248,
33805,129.9452691,
33806,129.6482748,
33807,130.328037,
33808,130.2498847,
33809,130.0470042,
33810,129.0400513,
33811,129.1100904,
33812,129.0815068,
33813,129.2062847,
33814,129.4686492,
33815,129.150029,
33816,129.9544646,
33817,130.7155351,
33818,130.288657,
33819,129.8180771,
33820,129.4696653,
33821,129.2522229,
33822,129.0693913,
33823,129.269657,
33824,129.2009018,
33825,129.3266559,
33826,129.9882538,
33827,129.9706656,
33828,130.0607594,
33829,129.7711875,
33830,129.6466918,
33831,129.1842434,
33832,129.050722,
33833,128.8102861,
33834,128.416447,
33835,128.3257256,
33836,128.5321959,
33837,128.1285296,
33838,127.9324932,
33839,127.6975455,
33840,127.6806815,
33841,127.5235115,
33842,127.0727655,
33843,126.7999402,
33844,126.696521,
33845,126.2028739,
33846,125.6490963,
33847,125.2168217,
33848,124.8990898,
33849,124.5854129,
33850,123.6960549,
33851,122.9494805,
33852,122.1970858,
33853,121.8281733,
33854,121.1687179,
33855,120.0472785,
33856,118.6656649,
33857,117.8515925,
33858,117.7741324,
33859,117.0223469,
33860,115.3660249,
33861,114.757621,
33862,114.1712017,
33863,113.0337477,
33864,111.5321738,
33865,110.1061332,
33866,108.7363764,
33867,108.2264952,
33868,107.367444,
33869,105.9639216,
33870,103.6583477,
33871,102.5604029,
33872,102.2676097,
33873,100.9485545,
33874,97.95950019,
33875,97.39761543,
33876,96.82404619,
33877,95.85502269,
33878,95.34592926,
33879,94.34617477,
33880,94.64171517,
33881,95.99758257,
33882,94.99809145,
33883,92.78689245,
33884,91.55614446,
33885,90.98701321,
33886,90.87988693,
33887,91.16236677,
33888,91.00864919,
33889,91.22781228,
33890,91.39045943,
33891,91.54485712,
33892,91.82595587,
33893,92.25379859,
33894,92.13668346,
33895,92.32434117,
33896,92.29761805,
33897,92.51201694,
33898,92.8250762,
33899,92.97936506,
33900,93.20057496,
33901,93.26630366,
33902,93.56351597,
33903,94.1293945,
33904,94.438376,
33905,94.63009724,
33906,95.19038183,
33907,95.37708043,
33908,95.52276999,
33909,95.93101658,
33910,96.30288673,
33911,96.5533225,
33912,96.4254792,
33913,96.70589247,
33914,97.19629507,
33915,97.87780929,
33916,98.71409313,
33917,99.06218837,
33918,99.35656692,
33919,99.73290643,
33920,100.336666,
33921,101.1247555,
33922,101.854496,
33923,101.8649088,
33924,102.6262029,
33925,103.9671378,
33926,104.8871954,
33927,105.9503667,
33928,106.0693532,
33929,106.4169782,
33930,107.351396,
33931,108.1426614,
33932,108.7496228,
33933,109.1090289,
33934,109.6774872,
33935,110.9880032,
33936,111.7568905,
33937,112.3546654,
33938,112.7581269,
33939,113.9413332,
33940,114.9938376,
33941,115.0251203,
33942,115.6016062,
33943,116.218468,
33944,117.7193674,
33945,119.0182839,
33946,120.4970774,
33947,120.7629339,
33948,120.477264,
33949,120.5684513,
33950,121.6951077,
33951,122.6772939,
33952,122.8397593,
33953,123.2722693,
33954,123.6437579,
33955,123.879483,
33956,124.9035884,
33957,125.3686595,
33958,125.763625,
33959,126.3096042,
33960,126.6859804,
33961,127.991562,
33962,128.4118021,
33963,128.6081812,
33964,128.9397007,
33965,129.7947983,
33966,131.3395045,
33967,133.5409661,
33968,133.5791811,
33969,133.4067472,
33970,134.4511567,
33971,137.516413,
33972,138.8978282,
33973,139.2519221,
33974,140.6706241,
33975,141.7885087,
33976,143.195295,
33977,143.7644108,
33978,142.6140557,
33979,144.1534723,
33980,143.9906495,
33981,144.4858815,
33982,144.3249712,
33983,144.2901362,
33984,144.1113892,
33985,144.0291484,
33986,143.7134505,
33987,143.4734595,
33988,143.3280492,
33989,143.1436692,
33990,143.3741082,
33991,143.0117791,
33992,142.6111695,
33993,142.2871234,
33994,141.8616076,
33995,141.3813753,
33996,140.8556744,
33997,140.6841184,
33998,140.4802298,
33999,139.749402,
34000,138.8621534,
34001,138.260823,
34002,137.8929251,
34003,137.2373189,
34004,136.0450304,
34005,135.3541676,
34006,134.9626189,
34007,134.6433792,
34008,134.2920131,
34009,133.1268896,
34010,132.3405328,
34011,131.9591128,
34012,131.0928078,
34013,130.06127,
34014,129.103682,
34015,128.0244788,
34016,127.826319,
34017,127.4936088,
34018,126.4150366,
34019,125.3883945,
34020,125.0037555,
34021,124.0577409,
34022,122.1613857,
34023,120.5885857,
34024,119.9074271,
34025,119.0079684,
34026,118.1287475,
34027,116.4990544,
34028,115.9431869,
34029,114.3806972,
34030,112.9906426,
34031,111.1579665,
34032,110.3729338,
34033,109.5437401,
34034,108.2767168,
34035,106.6682124,
34036,105.7032599,
34037,105.6452715,
34038,104.5117625,
34039,103.6334671,
34040,101.5746681,
34041,101.4418327,
34042,100.8641114,
34043,99.98759844,
34044,99.73400709,
34045,100.2104074,
34046,100.1946307,
34047,99.50017765,
34048,99.23355378,
34049,98.84753631,
34050,99.09525065,
34051,99.29402909,
34052,99.79013242,
34053,100.2961148,
34054,100.825423,
34055,100.970404,
34056,100.6358201,
34057,100.0443117,
34058,100.649559,
34059,100.0398247,
34060,100.7119181,
34061,100.7301624,
34062,99.75735953,
34063,99.62619797,
34064,99.52329823,
34065,99.95888408,
34066,99.62646567,
34067,99.9631422,
34068,100.0829045,
34069,100.3191074,
34070,100.5844751,
34071,101.4550271,
34072,101.4558164,
34073,102.1868553,
34074,102.3527669,
34075,102.6360105,
34076,102.8392271,
34077,102.3575532,
34078,102.7531135,
34079,102.4914607,
34080,102.7993286,
34081,103.2931031,
34082,103.0622517,
34083,102.9835121,
34084,102.4107354,
34085,101.5466587,
34086,102.1220982,
34087,102.4940204,
34088,103.2481564,
34089,103.3184776,
34090,103.2995826,
34091,103.0595703,
34092,103.2925321,
34093,103.4386545,
34094,103.4235486,
34095,103.6838918,
34096,103.9385854,
34097,104.1913297,
34098,103.9665469,
34099,104.2166422,
34100,104.5540926,
34101,104.7320696,
34102,104.6410888,
34103,104.7385468,
34104,104.8619705,
34105,105.1547709,
34106,105.5846599,
34107,105.6856717,
34108,106.2056669,
34109,106.3947048,
34110,106.3301422,
34111,106.881218,
34112,107.133073,
34113,107.7990768,
34114,108.976056,
34115,109.7990193,
34116,110.5257609,
34117,111.3848394,
34118,111.5245294,
34119,112.1705799,
34120,113.6307143,
34121,114.7496916,
34122,115.4938058,
34123,116.2258158,
34124,117.0623837,
34125,119.0799983,
34126,120.3187062,
34127,121.602116,
34128,122.3836084,
34129,123.5808701,
34130,124.4451175,
34131,125.2303604,
34132,126.5839185,
34133,126.780336,
34134,128.0265025,
34135,130.628572,
34136,131.3383939,
34137,131.8199515,
34138,133.4339526,
34139,134.3464874,
34140,135.1805126,
34141,135.2721425,
34142,135.38001,
34143,136.1366858,
34144,136.4063853,
34145,136.5306044,
34146,136.9870981,
34147,136.4849672,
34148,136.6748113,
34149,136.7732909,
34150,137.4634901,
34151,137.2792979,
34152,138.0933242,
34153,137.9568648,
34154,138.3172397,
34155,138.8875745,
34156,138.68348,
34157,139.0761507,
34158,138.6562051,
34159,139.4455362,
34160,140.0937016,
34161,140.2274437,
34162,139.9889931,
34163,139.514618,
34164,139.4717238,
34165,139.2718662,
34166,139.3670614,
34167,139.3874661,
34168,139.3122453,
34169,139.0083722,
34170,138.6718966,
34171,138.5295064,
34172,138.5675413,
34173,138.6563949,
34174,138.553722,
34175,138.2361399,
34176,137.6458938,
34177,136.8414716,
34178,136.6743695,
34179,136.5582557,
34180,136.1938853,
34181,135.9037641,
34182,135.1302329,
34183,134.7962776,
34184,134.5525671,
34185,133.7562554,
34186,132.6666283,
34187,132.1226722,
34188,131.6914027,
34189,131.5380917,
34190,130.985392,
34191,129.6760208,
34192,129.3549614,
34193,128.8404818,
34194,128.4035021,
34195,127.8055238,
34196,127.2641376,
34197,126.9917133,
34198,126.8998432,
34199,126.4186071,
34200,125.9019796,
34201,125.0553043,
34202,124.6188667,
34203,124.2769053,
34204,123.10415,
34205,121.6151845,
34206,120.5303108,
34207,119.7843552,
34208,119.3253587,
34209,118.1446612,
34210,117.5557495,
34211,118.1663881,
34212,116.2216381,
34213,115.8519957,
34214,115.9729072,
34215,114.5792182,
34216,113.5454105,
34217,112.4120176,
34218,110.849089,
34219,110.1245811,
34220,110.1830724,
34221,108.1772137,
34222,107.2732369,
34223,107.2454959,
34224,106.5454064,
34225,106.8298692,
34226,105.5639815,
34227,103.5891824,
34228,103.006549,
34229,102.7796154,
34230,101.5106506,
34231,100.8835464,
34232,98.63999324,
34233,98.72799379,
34234,97.18996206,
34235,95.73855234,
34236,94.75952511,
34237,92.49802672,
34238,91.12464405,
34239,90.09124976,
34240,88.77602315,
34241,86.6597526,
34242,85.10718942,
34243,85.22243303,
34244,84.42620427,
34245,82.63440144,
34246,81.35169513,
34247,81.07534465,
34248,80.20535388,
34249,79.64909217,
34250,78.43502269,
34251,77.47565653,
34252,76.6329196,
34253,75.66591255,
34254,73.88874559,
34255,73.3599448,
34256,71.87612485,
34257,71.76971169,
34258,70.30384326,
34259,69.30258279,
34260,68.75574968,
34261,68.55981378,
34262,68.83507164,
34263,68.40123872,
34264,67.50118478,
34265,67.36189294,
34266,67.27519796,
34267,67.02807643,
34268,67.25521423,
34269,67.5882853,
34270,67.89678453,
34271,68.34956011,
34272,68.88278801,
34273,69.15165264,
34274,69.00709438,
34275,69.48448584,
34276,70.24926372,
34277,70.55914471,
34278,71.70252932,
34279,72.46640661,
34280,73.00126719,
34281,73.30793341,
34282,73.31127256,
34283,73.95910394,
34284,74.42133708,
34285,75.50967598,
34286,75.34203505,
34287,76.64203571,
34288,77.63057903,
34289,78.30559131,
34290,78.58389331,
34291,78.55656958,
34292,80.95662485,
34293,82.42446984,
34294,82.72215256,
34295,84.75337968,
34296,86.051957,
34297,88.05096289,
34298,89.40977346,
34299,90.29578603,
34300,92.04326415,
34301,94.00261159,
34302,96.04265254,
34303,97.29722681,
34304,97.90772499,
34305,99.60562154,
34306,101.4304961,
34307,102.7354392,
34308,103.7655321,
34309,105.7592618,
34310,108.2670234,
34311,110.1658699,
34312,109.9737219,
34313,112.3097054,
34314,114.634048,
34315,115.6693569,
34316,116.721286,
34317,117.7289826,
34318,119.3107475,
34319,120.9038178,
34320,122.1379455,
34321,122.6136405,
34322,124.9477588,
34323,127.4643939,
34324,128.6097305,
34325,129.291724,
34326,131.0155035,
34327,133.2898145,
34328,134.9941929,
34329,135.3343419,
34330,136.8107966,
34331,138.4147396,
34332,139.6848583,
34333,140.9173056,
34334,141.2772251,
34335,141.8680449,
34336,143.6751043,
34337,144.7755037,
34338,146.1648377,
34339,146.3042728,
34340,146.6717428,
34341,146.7470897,
34342,147.0103714,
34343,146.920331,
34344,146.4748565,
34345,146.1519902,
34346,145.4702306,
34347,145.2209537,
34348,145.3042608,
34349,144.5247621,
34350,144.1994435,
34351,144.2121654,
34352,143.8982416,
34353,144.245383,
34354,143.7278357,
34355,143.4609555,
34356,142.728081,
34357,142.0498013,
34358,141.495624,
34359,141.2614283,
34360,140.6250371,
34361,139.7579621,
34362,139.1589344,
34363,139.0861945,
34364,138.4551168,
34365,137.4913089,
34366,136.3245737,
34367,135.2745279,
34368,134.8327487,
34369,133.5346753,
34370,132.1814177,
34371,131.0950163,
34372,130.069341,
34373,129.8626024,
34374,127.7754704,
34375,125.7705213,
34376,124.3367359,
34377,124.117753,
34378,122.9709752,
34379,122.5359683,
34380,122.5057107,
34381,121.9275183,
34382,121.278928,
34383,120.711748,
34384,120.0254543,
34385,119.0565525,
34386,117.8349992,
34387,115.9866391,
34388,115.5711754,
34389,114.8321002,
34390,113.5051879,
34391,112.1689252,
34392,110.9599022,
34393,109.7844298,
34394,109.650252,
34395,107.9405166,
34396,106.4780654,
34397,104.6170053,
34398,104.1411251,
34399,105.2040934,
34400,103.9104489,
34401,102.2027088,
34402,101.9203796,
34403,101.5791656,
34404,101.1491047,
34405,102.1861941,
34406,102.7657123,
34407,102.4976697,
34408,102.3594061,
34409,102.0576188,
34410,101.2630036,
34411,101.6864141,
34412,102.1189898,
34413,102.3013944,
34414,101.9428297,
34415,101.8045827,
34416,102.4626202,
34417,102.730853,
34418,102.1621794,
34419,101.6105357,
34420,101.6153522,
34421,101.6165393,
34422,101.7764898,
34423,102.3804378,
34424,102.6187335,
34425,102.8103264,
34426,103.3896222,
34427,104.4099624,
34428,104.8655712,
34429,105.4580488,
34430,105.7414546,
34431,105.7396478,
34432,106.1155626,
34433,106.3465565,
34434,106.3603432,
34435,106.7967101,
34436,107.987197,
34437,109.2597255,
34438,109.7720959,
34439,109.9300034,
34440,110.6133735,
34441,112.3344822,
34442,113.2697466,
34443,113.7551833,
34444,114.6700103,
34445,116.7085603,
34446,118.4924705,
34447,119.1796963,
34448,120.0962825,
34449,121.8322317,
34450,124.0821562,
34451,124.662798,
34452,125.2837948,
34453,127.4124417,
34454,129.1156809,
34455,130.0825177,
34456,130.927462,
34457,133.081882,
34458,134.7412805,
34459,135.3310509,
34460,135.7887459,
34461,137.1705187,
34462,137.867436,
34463,138.8441579,
34464,140.2486081,
34465,140.7305421,
34466,140.7218482,
34467,141.2010799,
34468,141.9705013,
34469,142.3219673,
34470,142.1589988,
34471,141.7110837,
34472,141.8937976,
34473,142.0375694,
34474,142.5877197,
34475,142.036655,
34476,142.1440514,
34477,141.0630966,
34478,142.1232253,
34479,143.0451569,
34480,143.3354186,
34481,143.5960173,
34482,143.0252264,
34483,143.0200218,
34484,143.6849472,
34485,144.2485199,
34486,144.3669686,
34487,144.7828346,
34488,144.8679014,
34489,144.8057541,
34490,144.3967587,
34491,144.5212058,
34492,144.3667491,
34493,144.6358766,
34494,145.0570971,
34495,145.9303211,
34496,146.1375205,
34497,146.6318216,
34498,147.3896254,
34499,148.5577802,
34500,148.883227,
34501,148.7484848,
34502,149.2760342,
34503,150.3681943,
34504,150.7167709,
34505,150.9657085,
34506,151.3728805,
34507,151.9730513,
34508,153.1163522,
34509,153.4854514,
34510,153.6692241,
34511,154.7352761,
34512,155.5475381,
34513,156.184573,
34514,156.9332422,
34515,158.0159078,
34516,158.9696787,
34517,159.8247538,
34518,159.8144118,
34519,160.4097689,
34520,161.7978198,
34521,163.3472455,
34522,164.0267945,
34523,164.4972728,
34524,166.2090663,
34525,167.7046627,
34526,168.3814911,
34527,169.0363491,
34528,170.2514543,
34529,171.6409536,
34530,171.5846824,
34531,172.4753483,
34532,172.9790999,
34533,175.5661445,
34534,177.4872343,
34535,177.8320523,
34536,179.119088,
34537,180.6573771,
34538,181.5436072,
34539,181.9070608,
34540,182.5518213,
34541,183.6404253,
34542,184.9623197,
34543,186.2464506,
34544,187.458691,
34545,187.5746935,
34546,189.0292074,
34547,190.0437031,
34548,190.548422,
34549,190.6333425,
34550,190.8033567,
34551,191.0119596,
34552,190.3987042,
34553,189.9952225,
34554,189.5841742,
34555,188.8488792,
34556,188.2373459,
34557,187.1767588,
34558,186.7647247,
34559,186.6915325,
34560,186.0926544,
34561,185.4702388,
34562,184.8914369,
34563,184.8602779,
34564,184.6692026,
34565,184.1970651,
34566,183.7838129,
34567,182.8476314,
34568,182.6311161,
34569,182.8394875,
34570,182.5303208,
34571,182.2012445,
34572,182.1188822,
34573,182.051261,
34574,181.1660271,
34575,180.5663434,
34576,180.4588942,
34577,179.8696104,
34578,179.4234649,
34579,178.4923754,
34580,178.4042745,
34581,177.5599583,
34582,176.9340564,
34583,175.6920526,
34584,174.4526216,
34585,174.0270982,
34586,173.3975018,
34587,172.6028282,
34588,170.9271156,
34589,169.876332,
34590,169.5109193,
34591,168.2594157,
34592,167.2902061,
34593,166.2246966,
34594,164.9562254,
34595,165.1410789,
34596,164.1595457,
34597,162.9537458,
34598,161.8439142,
34599,160.9947053,
34600,160.1238495,
34601,158.3518449,
34602,156.7746418,
34603,156.0243858,
34604,155.1814817,
34605,154.1431398,
34606,152.7578912,
34607,151.4812338,
34608,150.8137893,
34609,149.4876246,
34610,147.610181,
34611,145.8059653,
34612,145.5718479,
34613,144.6908313,
34614,143.1194366,
34615,142.5632469,
34616,142.0136981,
34617,141.4847044,
34618,140.3949344,
34619,139.2162503,
34620,139.1485109,
34621,138.6278894,
34622,136.8883069,
34623,135.8416904,
34624,135.2882238,
34625,133.9138046,
34626,133.023176,
34627,132.5890092,
34628,132.5396026,
34629,131.5966411,
34630,130.8828066,
34631,130.4676064,
34632,129.5870162,
34633,128.8216051,
34634,127.8810475,
34635,127.7859591,
34636,127.3885925,
34637,126.7966556,
34638,127.0273404,
34639,126.9434026,
34640,127.260554,
34641,127.7527793,
34642,127.9646812,
34643,127.6443294,
34644,128.7537199,
34645,129.6996519,
34646,130.3100795,
34647,130.9336728,
34648,131.9334963,
34649,132.9480121,
34650,133.4606136,
34651,133.8826715,
34652,134.7427467,
34653,136.3521676,
34654,137.6095756,
34655,138.3128391,
34656,139.1977444,
34657,139.9176106,
34658,141.2816377,
34659,142.0671266,
34660,142.4763813,
34661,143.0192293,
34662,143.5389547,
34663,145.3292715,
34664,145.8387839,
34665,146.5000452,
34666,147.6170863,
34667,147.8432168,
34668,148.7147727,
34669,150.4778626,
34670,151.0444472,
34671,151.9714257,
34672,152.5451845,
34673,152.56573,
34674,152.896656,
34675,152.6711543,
34676,152.829757,
34677,153.2888534,
34678,153.4050076,
34679,153.4277267,
34680,153.9162291,
34681,153.954547,
34682,155.0330156,
34683,156.0732463,
34684,156.6539149,
34685,156.7329754,
34686,157.2298389,
34687,157.2067254,
34688,157.3598458,
34689,157.6963275,
34690,158.2050977,
34691,158.6667841,
34692,159.1803036,
34693,159.3051905,
34694,159.3934201,
34695,159.1029872,
34696,159.1529432,
34697,159.4995773,
34698,158.8218124,
34699,160.1105997,
34700,160.2381629,
34701,159.2036564,
34702,159.8288438,
34703,160.5927177,
34704,160.880613,
34705,161.1331749,
34706,160.9848338,
34707,160.7852647,
34708,161.0057369,
34709,161.1189113,
34710,161.0836305,
34711,159.5842108,
34712,159.5087538,
34713,159.7352331,
34714,158.9699565,
34715,159.1381154,
34716,160.2954734,
34717,160.2430782,
34718,160.0047474,
34719,160.4435719,
34720,160.5961527,
34721,160.326753,
34722,160.4336906,
34723,159.8986553,
34724,159.7418253,
34725,160.0549956,
34726,160.2433995,
34727,159.352627,
34728,159.5364506,
34729,159.8293471,
34730,159.6296827,
34731,159.6104356,
34732,159.6619229,
34733,159.8300129,
34734,160.0949388,
34735,159.3166863,
34736,159.9649775,
34737,159.7506009,
34738,159.378947,
34739,159.7423237,
34740,159.1268849,
34741,159.1730885,
34742,158.7144274,
34743,158.9873388,
34744,159.0755473,
34745,159.2556892,
34746,159.7582084,
34747,159.706654,
34748,159.7069875,
34749,159.4512402,
34750,159.317774,
34751,158.8836963,
34752,158.9823706,
34753,159.1838438,
34754,158.9565776,
34755,159.1438176,
34756,159.4142659,
34757,159.7652238,
34758,159.975441,
34759,159.5817468,
34760,159.6195899,
34761,159.5990308,
34762,159.6459806,
34763,159.4392843,
34764,159.4204927,
34765,158.6351651,
34766,158.2091145,
34767,158.0264713,
34768,157.7162864,
34769,157.4437036,
34770,157.0849058,
34771,156.3964537,
34772,156.4144303,
34773,155.5723048,
34774,155.1201747,
34775,154.5992882,
34776,154.1396999,
34777,153.2027428,
34778,152.6026902,
34779,151.934787,
34780,151.0899275,
34781,150.8703801,
34782,150.3201896,
34783,149.2614721,
34784,149.0037614,
34785,148.2724468,
34786,147.7350232,
34787,146.3801997,
34788,145.378995,
34789,145.1094444,
34790,144.9192123,
34791,144.4803046,
34792,143.8415021,
34793,143.6721897,
34794,143.0881349,
34795,142.3684506,
34796,141.7162053,
34797,141.3308777,
34798,141.0873232,
34799,140.5013202,
34800,139.7933922,
34801,138.8909196,
34802,138.4261407,
34803,137.9420057,
34804,136.6282155,
34805,136.0616472,
34806,135.4436386,
34807,134.6825356,
34808,133.5923566,
34809,132.8292536,
34810,131.7124915,
34811,131.2652047,
34812,130.9823717,
34813,129.0190635,
34814,127.8695176,
34815,126.9526267,
34816,126.8874496,
34817,126.2142891,
34818,126.062569,
34819,126.234027,
34820,126.0118675,
34821,125.3478573,
34822,125.9490669,
34823,124.9649632,
34824,124.5889206,
34825,123.9707399,
34826,123.7150376,
34827,123.2287137,
34828,123.7168606,
34829,123.3859752,
34830,123.2214163,
34831,123.9615416,
34832,122.6835149,
34833,122.8025379,
34834,123.1359492,
34835,123.5028457,
34836,122.9943499,
34837,123.119314,
34838,122.8403504,
34839,123.3173998,
34840,123.3925966,
34841,123.2959884,
34842,123.7951698,
34843,123.5928074,
34844,123.6480683,
34845,123.4819978,
34846,123.4577829,
34847,123.2943665,
34848,123.5802946,
34849,123.8846688,
34850,123.7292193,
34851,124.1119145,
34852,124.4972899,
34853,124.5754909,
34854,124.6347338,
34855,124.7633229,
34856,125.2077688,
34857,125.0696144,
34858,125.4183542,
34859,125.5362627,
34860,125.7631533,
34861,126.1139945,
34862,126.577788,
34863,127.2944424,
34864,127.4085753,
34865,127.6692609,
34866,127.9010453,
34867,128.4341661,
34868,128.7381196,
34869,129.1162015,
34870,129.5618089,
34871,129.9531997,
34872,130.1393463,
34873,130.2966321,
34874,130.8933473,
34875,131.7382595,
34876,131.5737422,
34877,131.4216611,
34878,132.6055788,
34879,132.7484152,
34880,132.6379912,
34881,132.6235131,
34882,133.4841429,
34883,134.1323617,
34884,133.5860762,
34885,133.355193,
34886,132.94802,
34887,133.8188246,
34888,133.6606508,
34889,133.8771047,
34890,133.3287157,
34891,134.0796933,
34892,133.553757,
34893,134.3282791,
34894,136.0618955,
34895,136.3165377,
34896,137.1787013,
34897,138.5721021,
34898,139.0214971,
34899,139.2308971,
34900,138.5740974,
34901,139.617253,
34902,140.5665058,
34903,141.8678651,
34904,142.2293534,
34905,142.6247728,
34906,143.0932661,
34907,143.7698285,
34908,144.243256,
34909,145.2754412,
34910,145.3438878,
34911,146.3555775,
34912,147.1829919,
34913,148.6521907,
34914,149.3643379,
34915,151.5431497,
34916,151.9794073,
34917,152.9342686,
34918,154.7454009,
34919,155.6217233,
34920,156.4050049,
34921,157.2896563,
34922,157.7210712,
34923,158.4057363,
34924,159.0226637,
34925,160.2441293,
34926,160.737952,
34927,161.4786234,
34928,162.3956272,
34929,164.000997,
34930,165.1424213,
34931,165.1054675,
34932,166.2035913,
34933,167.2661233,
34934,168.356724,
34935,169.8676773,
34936,170.2417637,
34937,170.5074008,
34938,171.277501,
34939,172.0019736,
34940,172.1182909,
34941,173.1392403,
34942,173.6162167,
34943,174.2402935,
34944,174.2361843,
34945,174.2886638,
34946,174.9019821,
34947,175.3107268,
34948,174.9754395,
34949,175.5553578,
34950,175.2631881,
34951,175.7591552,
34952,176.2199704,
34953,176.9546763,
34954,176.9968657,
34955,177.617025,
34956,177.5078358,
34957,177.7462476,
34958,177.4644417,
34959,177.7283216,
34960,177.856283,
34961,178.9929419,
34962,179.4345005,
34963,179.0206803,
34964,179.0190201,
34965,179.5705784,
34966,179.3904962,
34967,179.1589192,
34968,179.0411533,
34969,178.6578713,
34970,178.6354205,
34971,178.6767835,
34972,178.9470998,
34973,178.4853528,
34974,178.4025596,
34975,178.2975678,
34976,177.9577957,
34977,177.430381,
34978,177.0868936,
34979,176.3029404,
34980,176.0508982,
34981,175.5992772,
34982,175.3370723,
34983,175.0061544,
34984,174.4435867,
34985,174.4181035,
34986,174.1069258,
34987,174.1234356,
34988,173.8292479,
34989,173.4682207,
34990,172.7029212,
34991,171.1749238,
34992,170.3005143,
34993,169.8400312,
34994,169.1654617,
34995,168.2697057,
34996,168.0743308,
34997,167.110212,
34998,166.5931613,
34999,164.5312123,
35000,163.0203654,
35001,162.523088,
35002,162.1376313,
35003,161.630863,
35004,161.6436644,
35005,161.1549564,
35006,160.583142,
35007,159.7659253,
35008,159.3675578,
35009,157.7630031,
35010,156.2365831,
35011,155.2516858,
35012,155.2007428,
35013,154.1189533,
35014,153.6667039,
35015,152.7095908,
35016,152.0641988,
35017,150.2801251,
35018,148.591207,
35019,146.7023918,
35020,146.1361326,
35021,144.5748916,
35022,143.0198591,
35023,141.7810905,
35024,141.3349224,
35025,139.6086319,
35026,138.2791819,
35027,136.8124703,
35028,136.7166082,
35029,134.8440862,
35030,133.1672381,
35031,132.2928762,
35032,132.2967308,
35033,131.1175232,
35034,129.5054519,
35035,128.4699505,
35036,128.3247135,
35037,127.7630663,
35038,127.1325289,
35039,126.4670105,
35040,126.0098901,
35041,125.6564781,
35042,124.1944298,
35043,122.6915389,
35044,121.0166453,
35045,120.8574503,
35046,120.3667605,
35047,119.5876228,
35048,118.7572194,
35049,118.2099362,
35050,117.5367955,
35051,116.6552626,
35052,116.2965436,
35053,116.0449916,
35054,115.796933,
35055,115.0281996,
35056,114.6878788,
35057,114.450849,
35058,113.9246447,
35059,112.971792,
35060,111.8182822,
35061,111.4403004,
35062,111.0839186,
35063,110.6989722,
35064,110.4909138,
35065,109.8325834,
35066,110.0826803,
35067,109.8056055,
35068,109.7123466,
35069,109.3293813,
35070,108.8205296,
35071,108.7214338,
35072,108.968301,
35073,107.4785526,
35074,108.0260832,
35075,107.2998148,
35076,107.3305136,
35077,106.8149141,
35078,106.5406854,
35079,106.3425779,
35080,106.661679,
35081,106.2434537,
35082,105.9926451,
35083,106.3746363,
35084,106.9442641,
35085,106.8445819,
35086,106.8770091,
35087,107.0081973,
35088,106.2657269,
35089,106.0134625,
35090,105.8149324,
35091,105.5980385,
35092,105.147185,
35093,104.7029557,
35094,104.4944256,
35095,104.4500858,
35096,104.6694825,
35097,104.3907993,
35098,104.1085709,
35099,104.173904,
35100,104.1185651,
35101,104.2049927,
35102,104.0512842,
35103,104.2503041,
35104,104.2803532,
35105,104.3594052,
35106,104.5518163,
35107,104.7699745,
35108,104.6564228,
35109,105.0608061,
35110,105.411393,
35111,105.6104451,
35112,105.9613923,
35113,106.8364962,
35114,107.4392273,
35115,107.5770619,
35116,108.2791073,
35117,109.2492402,
35118,110.2971074,
35119,111.1181052,
35120,111.4077374,
35121,112.2115545,
35122,113.7106576,
35123,114.7320931,
35124,115.1860736,
35125,115.3850085,
35126,116.1757251,
35127,117.6372265,
35128,118.7954948,
35129,119.5437313,
35130,119.8737056,
35131,121.5709789,
35132,122.7631285,
35133,123.4125217,
35134,123.9138801,
35135,124.2245147,
35136,124.5562557,
35137,126.0503393,
35138,126.4193462,
35139,126.6359675,
35140,126.9725595,
35141,126.5560668,
35142,127.7326664,
35143,128.226686,
35144,127.9629477,
35145,128.3830315,
35146,129.1700342,
35147,129.8310155,
35148,129.9747837,
35149,130.0875913,
35150,130.1699599,
35151,130.3999272,
35152,130.4842347,
35153,130.4842162,
35154,130.4423532,
35155,130.5457211,
35156,130.6553552,
35157,130.4094548,
35158,130.2775234,
35159,130.419042,
35160,130.5569624,
35161,130.9608407,
35162,130.9442328,
35163,130.8189292,
35164,130.9188794,
35165,130.8677803,
35166,130.8615033,
35167,130.846344,
35168,131.0227575,
35169,131.1097665,
35170,131.1468788,
35171,131.0519509,
35172,130.9063905,
35173,130.8595737,
35174,130.7133813,
35175,130.4946062,
35176,130.2315251,
35177,130.0619051,
35178,129.5630095,
35179,129.1492751,
35180,128.7446081,
35181,127.5913889,
35182,126.8107691,
35183,125.790449,
35184,125.603029,
35185,125.1172138,
35186,124.5148214,
35187,124.1601437,
35188,123.3259492,
35189,123.5228033,
35190,122.4302112,
35191,121.1710027,
35192,119.6383873,
35193,118.7983814,
35194,118.4128649,
35195,117.9416136,
35196,115.6074622,
35197,114.2634121,
35198,113.5728549,
35199,113.0821423,
35200,111.6288448,
35201,109.7401706,
35202,107.5567007,
35203,106.9651116,
35204,106.3097725,
35205,104.9465227,
35206,103.3299974,
35207,102.3267463,
35208,101.837733,
35209,99.9953391,
35210,98.24837372,
35211,96.99181885,
35212,96.43650449,
35213,95.80228201,
35214,94.11624585,
35215,92.37286508,
35216,91.28575629,
35217,90.38434198,
35218,88.82037943,
35219,86.08810751,
35220,85.5054105,
35221,85.2283748,
35222,83.72018891,
35223,81.97411893,
35224,82.51715263,
35225,81.72444869,
35226,81.11618811,
35227,79.93948863,
35228,78.31025755,
35229,75.95719537,
35230,76.06108387,
35231,75.01684917,
35232,73.10667853,
35233,71.39462934,
35234,70.76290607,
35235,70.67201024,
35236,71.44018965,
35237,69.24838353,
35238,68.34556848,
35239,67.98994886,
35240,67.04698069,
35241,66.55751242,
35242,66.06229871,
35243,64.91491881,
35244,64.73467151,
35245,64.24307683,
35246,63.17848526,
35247,61.60958969,
35248,60.74291552,
35249,60.26639941,
35250,59.4532022,
35251,59.13562665,
35252,58.88752816,
35253,58.2880813,
35254,57.95108876,
35255,57.71962816,
35256,57.31945906,
35257,56.68168515,
35258,56.04939562,
35259,55.96237719,
35260,56.12029729,
35261,56.0347305,
35262,56.15687057,
35263,56.31339593,
35264,56.25147759,
35265,56.57371022,
35266,56.7632565,
35267,57.33334882,
35268,57.91536299,
35269,58.34585147,
35270,58.5313839,
35271,58.52619505,
35272,59.03108121,
35273,59.77843107,
35274,60.27311258,
35275,60.64273703,
35276,60.97848236,
35277,61.13047546,
35278,60.58163909,
35279,61.52329462,
35280,61.98093426,
35281,62.18166205,
35282,63.79124208,
35283,64.56783682,
35284,65.43694583,
35285,66.62079544,
35286,67.00360771,
35287,67.1842539,
35288,67.82430506,
35289,69.69657973,
35290,71.4989333,
35291,72.4830178,
35292,73.36067325,
35293,74.6880938,
35294,76.37289469,
35295,77.95708504,
35296,79.14450143,
35297,79.3654324,
35298,80.43033815,
35299,81.24487711,
35300,81.7119023,
35301,83.93133521,
35302,84.68536028,
35303,85.9550528,
35304,87.70972557,
35305,89.31796281,
35306,90.73451013,
35307,91.15559254,
35308,93.01153128,
35309,94.59137691,
35310,95.9046171,
35311,96.11920624,
35312,98.38340372,
35313,100.2019683,
35314,101.6564826,
35315,102.9783748,
35316,104.4059803,
35317,106.151427,
35318,108.1727179,
35319,109.1982593,
35320,110.1331445,
35321,112.2643836,
35322,113.6649071,
35323,114.3400711,
35324,115.6984288,
35325,117.682736,
35326,119.0774707,
35327,120.6838852,
35328,121.3401452,
35329,123.2270232,
35330,125.0820429,
35331,126.6053227,
35332,127.4741379,
35333,128.1430015,
35334,129.3428336,
35335,131.3667748,
35336,132.2452325,
35337,133.1590301,
35338,134.0020987,
35339,135.7068029,
35340,136.0675616,
35341,136.1700563,
35342,135.9665459,
35343,136.6191434,
35344,136.3160138,
35345,136.3408143,
35346,136.6219602,
35347,136.1068291,
35348,136.759674,
35349,136.6819024,
35350,135.8485605,
35351,135.467314,
35352,134.9159891,
35353,134.7013864,
35354,134.385618,
35355,134.2863972,
35356,134.0048896,
35357,133.4673458,
35358,133.1134839,
35359,132.5914073,
35360,131.9568005,
35361,131.2073095,
35362,130.147866,
35363,129.2224873,
35364,128.7380386,
35365,128.3502943,
35366,127.1732728,
35367,126.1587543,
35368,126.2165009,
35369,125.6797223,
35370,125.7144806,
35371,124.6312652,
35372,123.4082047,
35373,121.8278275,
35374,120.7675036,
35375,120.0615206,
35376,119.4675981,
35377,118.3985111,
35378,117.0155734,
35379,115.0934833,
35380,114.2991365,
35381,112.288847,
35382,110.6054643,
35383,109.5482465,
35384,108.7281571,
35385,106.9033971,
35386,105.6139356,
35387,104.9764228,
35388,102.8813445,
35389,101.1026872,
35390,99.55626811,
35391,99.18316929,
35392,97.5898818,
35393,95.00260532,
35394,93.78232689,
35395,93.25792211,
35396,91.19045287,
35397,88.37547628,
35398,87.33784775,
35399,87.08844566,
35400,83.88564719,
35401,82.13483496,
35402,81.41218804,
35403,80.21844759,
35404,77.12081775,
35405,75.51957377,
35406,74.68328353,
35407,73.85113519,
35408,73.05807249,
35409,71.82257401,
35410,70.43930565,
35411,70.61391886,
35412,68.72732238,
35413,66.14128663,
35414,66.41625062,
35415,65.05902211,
35416,63.84892831,
35417,62.64625687,
35418,61.9677241,
35419,61.85502322,
35420,61.46389459,
35421,60.82434124,
35422,60.44158666,
35423,60.4542797,
35424,60.81170278,
35425,60.87264026,
35426,61.27524875,
35427,61.72195115,
35428,61.95337182,
35429,62.64184191,
35430,63.57414223,
35431,64.55591221,
35432,65.02242929,
35433,65.29261166,
35434,66.14940821,
35435,66.72868373,
35436,67.3675769,
35437,67.65729849,
35438,68.17511945,
35439,68.62966863,
35440,69.40361145,
35441,69.80195438,
35442,70.60495496,
35443,71.02565372,
35444,71.71621487,
35445,73.23757591,
35446,74.43774715,
35447,75.30989047,
35448,76.70392255,
35449,78.50921206,
35450,79.86914645,
35451,80.64492897,
35452,82.17746114,
35453,84.6193441,
35454,85.67733461,
35455,86.16919392,
35456,89.10038216,
35457,90.46936912,
35458,92.26912008,
35459,92.64063526,
35460,94.79105509,
35461,97.50152234,
35462,98.22211153,
35463,99.50114744,
35464,101.7893913,
35465,103.6528303,
35466,104.8075803,
35467,106.4546485,
35468,108.2355658,
35469,109.3634245,
35470,111.5413126,
35471,112.244192,
35472,115.1459675,
35473,117.8708403,
35474,119.0375768,
35475,120.3950444,
35476,122.4014857,
35477,124.9507794,
35478,125.7797615,
35479,127.2003642,
35480,129.2245797,
35481,131.0584637,
35482,132.3431735,
35483,133.1022594,
35484,133.7177644,
35485,135.0898873,
35486,135.7554923,
35487,136.306569,
35488,136.6376506,
35489,136.968135,
35490,137.5582248,
35491,138.0952701,
35492,138.2410169,
35493,138.3787714,
35494,138.6809924,
35495,138.9626644,
35496,139.140742,
35497,138.9412257,
35498,138.31949,
35499,138.478142,
35500,138.051995,
35501,137.9668021,
35502,137.7987909,
35503,137.5221389,
35504,137.217315,
35505,136.8368184,
35506,136.4436509,
35507,135.9816611,
35508,135.3628364,
35509,135.2760108,
35510,134.919824,
35511,134.7172252,
35512,134.4921424,
35513,134.4373691,
35514,134.2288783,
35515,133.8875666,
35516,133.0623138,
35517,132.2436336,
35518,132.0656782,
35519,131.857933,
35520,131.4297783,
35521,131.2119324,
35522,130.8139695,
35523,130.6079094,
35524,129.5044158,
35525,128.4940969,
35526,128.1863995,
35527,127.5958779,
35528,126.6287919,
35529,125.4203582,
35530,125.1819259,
35531,124.5119929,
35532,123.1687849,
35533,122.1622706,
35534,121.7690015,
35535,121.4638041,
35536,119.8602593,
35537,118.7613544,
35538,117.9354943,
35539,116.3672174,
35540,114.7230544,
35541,113.0581178,
35542,112.5051702,
35543,111.4076678,
35544,109.9336271,
35545,109.8423896,
35546,108.3057645,
35547,107.6017673,
35548,105.5236571,
35549,104.5812345,
35550,104.2413351,
35551,102.6863217,
35552,101.1571446,
35553,100.0934078,
35554,99.9793488,
35555,99.25960002,
35556,97.7456343,
35557,95.63211621,
35558,93.93867819,
35559,93.2860207,
35560,92.09031504,
35561,89.57184555,
35562,87.69256847,
35563,87.36623125,
35564,86.13705729,
35565,85.01618253,
35566,81.76574228,
35567,80.76134497,
35568,80.31125499,
35569,79.1153906,
35570,77.86996515,
35571,76.08717293,
35572,75.49848058,
35573,74.29446619,
35574,72.62287134,
35575,71.20178741,
35576,70.17012817,
35577,69.5710635,
35578,68.12448906,
35579,65.7666663,
35580,64.86688961,
35581,64.40553223,
35582,63.24921427,
35583,61.65095767,
35584,60.8508589,
35585,60.19303767,
35586,59.86150062,
35587,59.85103897,
35588,61.01316028,
35589,60.23091496,
35590,60.91620181,
35591,60.9059106,
35592,60.64167794,
35593,61.17583076,
35594,61.72720262,
35595,62.3907816,
35596,62.70937604,
35597,63.41753727,
35598,64.19249559,
35599,64.50350897,
35600,64.28101587,
35601,64.9046456,
35602,65.16978118,
35603,65.99476251,
35604,66.65670324,
35605,66.94696115,
35606,67.33937086,
35607,67.81121271,
35608,68.4240668,
35609,68.68537675,
35610,69.09060265,
35611,69.60758397,
35612,70.16105886,
35613,71.00306717,
35614,72.14501846,
35615,72.56340478,
35616,73.08742531,
35617,74.41142738,
35618,74.99160919,
35619,76.38185901,
35620,76.77528998,
35621,77.57608014,
35622,79.2076118,
35623,81.11509984,
35624,82.08279757,
35625,82.82717898,
35626,84.37083846,
35627,86.31152669,
35628,88.15289932,
35629,88.91969225,
35630,91.08064276,
35631,93.60391846,
35632,95.29142128,
35633,95.65946118,
35634,97.24649876,
35635,99.96769208,
35636,101.3265304,
35637,101.8886458,
35638,104.8307322,
35639,107.3569836,
35640,107.9914786,
35641,109.4597756,
35642,112.2426048,
35643,114.7531462,
35644,115.4945536,
35645,118.4771836,
35646,121.7692429,
35647,122.3916075,
35648,124.0428061,
35649,126.0002748,
35650,128.4336807,
35651,129.7119553,
35652,131.1254485,
35653,134.28309,
35654,136.110863,
35655,136.940964,
35656,139.2068016,
35657,142.3235929,
35658,143.1848025,
35659,144.3583581,
35660,146.6175063,
35661,149.6457467,
35662,150.647603,
35663,152.2383234,
35664,154.2506558,
35665,156.0388351,
35666,157.1841507,
35667,158.3314604,
35668,161.0804993,
35669,163.494004,
35670,163.9969726,
35671,166.4146956,
35672,168.9498402,
35673,170.2022741,
35674,171.1543496,
35675,172.9987141,
35676,175.31859,
35677,175.8150282,
35678,177.1610597,
35679,178.941746,
35680,180.5975717,
35681,181.2579244,
35682,181.497492,
35683,183.4294741,
35684,185.735641,
35685,185.8944477,
35686,186.4429283,
35687,187.0748459,
35688,188.0836217,
35689,188.1805768,
35690,188.2247333,
35691,189.3370941,
35692,190.467381,
35693,190.8700329,
35694,191.648118,
35695,193.2073702,
35696,194.3303849,
35697,194.5063295,
35698,195.2762178,
35699,196.048695,
35700,196.2907585,
35701,196.848192,
35702,197.7389859,
35703,198.767199,
35704,198.7040536,
35705,198.6549465,
35706,198.6665343,
35707,199.4886441,
35708,200.2043039,
35709,200.7744366,
35710,201.2887934,
35711,201.3630967,
35712,200.9941327,
35713,200.4094824,
35714,200.519906,
35715,200.6040352,
35716,200.4262331,
35717,200.5803985,
35718,200.3963599,
35719,200.1970416,
35720,199.6518816,
35721,199.1263847,
35722,198.8198834,
35723,198.6511186,
35724,198.2984793,
35725,197.5233964,
35726,196.9053907,
35727,196.770899,
35728,195.5824922,
35729,194.6958669,
35730,194.5454884,
35731,193.9716206,
35732,193.2317608,
35733,192.2856583,
35734,192.1584417,
35735,191.5851677,
35736,189.6801064,
35737,188.008398,
35738,187.7723139,
35739,186.760724,
35740,184.9593079,
35741,183.7218441,
35742,184.0048838,
35743,182.0361145,
35744,181.1051435,
35745,179.4609504,
35746,178.2395602,
35747,177.9647442,
35748,175.7352524,
35749,174.5817187,
35750,172.0422358,
35751,170.969029,
35752,169.0321263,
35753,166.9798667,
35754,166.0674588,
35755,164.1514627,
35756,161.7848124,
35757,159.0717535,
35758,158.4271112,
35759,156.5665717,
35760,154.1142349,
35761,151.03089,
35762,150.3370708,
35763,148.9154428,
35764,146.6000119,
35765,144.8115213,
35766,145.1692124,
35767,143.0784768,
35768,140.3563325,
35769,137.8796562,
35770,136.7410207,
35771,135.3471317,
35772,132.5217778,
35773,129.8643447,
35774,129.697565,
35775,127.9467903,
35776,127.2913368,
35777,126.893048,
35778,125.2435288,
35779,124.413823,
35780,122.8218754,
35781,120.4192656,
35782,119.8109414,
35783,119.2731569,
35784,116.6528715,
35785,114.7866204,
35786,114.2241883,
35787,112.6607682,
35788,110.651224,
35789,109.5134562,
35790,109.3492572,
35791,107.9389376,
35792,106.2251252,
35793,105.900659,
35794,105.1248615,
35795,103.9573485,
35796,103.5263989,
35797,103.7989304,
35798,103.7843512,
35799,103.084999,
35800,103.1380434,
35801,102.5018212,
35802,102.0452267,
35803,101.7534461,
35804,101.8863926,
35805,102.6612053,
35806,103.1797251,
35807,103.2082969,
35808,103.2586633,
35809,103.4343668,
35810,104.2621136,
35811,104.6636769,
35812,105.0068555,
35813,106.0322433,
35814,107.0309162,
35815,107.5111369,
35816,107.5145217,
35817,108.2762872,
35818,109.1898071,
35819,109.9122948,
35820,110.9525714,
35821,113.1442092,
35822,114.6333917,
35823,114.6006274,
35824,115.5156751,
35825,117.4691649,
35826,118.8141577,
35827,119.5090794,
35828,122.0647576,
35829,124.3015051,
35830,125.4227801,
35831,126.3816525,
35832,127.9391039,
35833,130.423051,
35834,132.1309842,
35835,133.0485561,
35836,135.5139025,
35837,136.8481039,
35838,137.9132138,
35839,138.6795732,
35840,140.1588669,
35841,142.1638978,
35842,143.3314596,
35843,143.8191634,
35844,145.8117025,
35845,148.0265577,
35846,149.466581,
35847,150.3579375,
35848,150.9789957,
35849,152.4377992,
35850,153.6098839,
35851,154.1183577,
35852,154.4721487,
35853,156.502626,
35854,159.062613,
35855,159.8616577,
35856,160.502918,
35857,162.0113815,
35858,163.8364729,
35859,164.9407532,
35860,165.2020636,
35861,166.7245585,
35862,169.3116537,
35863,171.130369,
35864,172.360429,
35865,173.6500167,
35866,175.9224348,
35867,176.4304771,
35868,177.4225844,
35869,179.3149795,
35870,181.6916712,
35871,182.3611372,
35872,183.0408162,
35873,184.4396203,
35874,186.2613755,
35875,187.0360344,
35876,187.0098697,
35877,187.0992029,
35878,187.9787727,
35879,188.4537373,
35880,188.9137071,
35881,188.578486,
35882,189.3970633,
35883,189.7101815,
35884,189.5497733,
35885,189.3159456,
35886,188.9947605,
35887,188.3713543,
35888,188.1166636,
35889,187.9129748,
35890,187.6589892,
35891,187.2431724,
35892,186.9064416,
35893,186.6268197,
35894,186.4070213,
35895,186.1208719,
35896,185.5858434,
35897,184.915299,
35898,184.3520973,
35899,184.0156075,
35900,183.491774,
35901,182.6093544,
35902,181.4845249,
35903,180.8800454,
35904,180.604764,
35905,179.982715,
35906,179.1407433,
35907,177.6750167,
35908,176.1437708,
35909,175.8835639,
35910,174.9605274,
35911,174.4401021,
35912,173.5745732,
35913,172.8771404,
35914,171.7601354,
35915,170.6776776,
35916,169.3743842,
35917,167.2903956,
35918,167.139318,
35919,165.9078812,
35920,164.454611,
35921,163.3033325,
35922,162.3623948,
35923,161.7856133,
35924,159.9729956,
35925,158.0507275,
35926,156.879156,
35927,156.4729278,
35928,155.4152488,
35929,153.3243152,
35930,152.4615944,
35931,151.8623872,
35932,151.4169078,
35933,151.0495931,
35934,148.2522313,
35935,145.9330716,
35936,144.5937536,
35937,143.5770618,
35938,141.4998745,
35939,138.5134054,
35940,137.6469695,
35941,136.5659996,
35942,133.5028951,
35943,131.0050526,
35944,129.2275431,
35945,128.7820587,
35946,125.7993796,
35947,123.1371367,
35948,122.3822968,
35949,119.8545377,
35950,116.9817846,
35951,115.5356218,
35952,114.6806972,
35953,112.5125841,
35954,109.461503,
35955,108.5317398,
35956,106.8457028,
35957,103.4944512,
35958,101.3188347,
35959,100.6758517,
35960,98.69655711,
35961,96.47843239,
35962,94.25480462,
35963,94.07651494,
35964,91.6311053,
35965,88.89127017,
35966,88.37340483,
35967,88.03027571,
35968,86.66507863,
35969,85.55958916,
35970,84.20148845,
35971,83.53979575,
35972,82.80358401,
35973,80.51395914,
35974,79.79393572,
35975,79.15332841,
35976,79.12771516,
35977,78.85944872,
35978,78.62576175,
35979,78.88021153,
35980,79.21387155,
35981,79.42222369,
35982,78.97876888,
35983,78.70242779,
35984,78.56901919,
35985,78.49070502,
35986,78.4650098,
35987,77.8454241,
35988,77.45897333,
35989,77.44120147,
35990,77.29826435,
35991,77.06202864,
35992,76.76993121,
35993,76.53229261,
35994,75.98205312,
35995,75.26699974,
35996,74.89951694,
35997,74.63684872,
35998,74.42440683,
35999,74.00473294,
36000,73.74185997,
36001,73.48441401,
36002,73.07834111,
36003,73.09539296,
36004,72.95733659,
36005,72.90541572,
36006,73.38768387,
36007,73.34275741,
36008,74.09681669,
36009,74.21886055,
36010,74.19251495,
36011,74.96027108,
36012,75.19683534,
36013,75.75063256,
36014,76.03654098,
36015,76.76323567,
36016,77.32914146,
36017,78.11296668,
36018,78.41577152,
36019,78.84747877,
36020,78.96289104,
36021,78.94511383,
36022,79.73903156,
36023,80.54554595,
36024,81.44737585,
36025,81.98712411,
36026,83.16993154,
36027,84.5734064,
36028,85.51655379,
36029,85.84652459,
36030,86.73445405,
36031,87.97243141,
36032,89.40476887,
36033,90.04198017,
36034,91.51110025,
36035,92.96006591,
36036,94.17895591,
36037,94.74799166,
36038,95.84543987,
36039,96.74463601,
36040,97.79745529,
36041,98.92330077,
36042,99.80347748,
36043,101.033137,
36044,102.9455371,
36045,104.253016,
36046,104.7760577,
36047,105.5735801,
36048,107.0189465,
36049,109.1010923,
36050,110.5606953,
36051,111.2666842,
36052,112.3031584,
36053,115.0441373,
36054,117.0775156,
36055,117.6120261,
36056,119.1538401,
36057,120.7603103,
36058,122.4749297,
36059,123.1859352,
36060,124.3761253,
36061,126.3084693,
36062,128.2338183,
36063,129.0681096,
36064,129.535382,
36065,130.7648373,
36066,131.6476178,
36067,132.4464507,
36068,132.5311951,
36069,133.1653315,
36070,133.8670144,
36071,134.4468799,
36072,135.1354667,
36073,136.0099261,
36074,136.8713065,
36075,137.5913163,
36076,137.8222055,
36077,138.6009511,
36078,139.9028933,
36079,140.5179112,
36080,141.002475,
36081,141.6772701,
36082,142.4996761,
36083,143.0463359,
36084,142.8243509,
36085,143.3119646,
36086,144.0952933,
36087,144.3950403,
36088,145.2652831,
36089,146.1799132,
36090,146.9313065,
36091,146.8635517,
36092,147.6220802,
36093,148.0982277,
36094,148.5999862,
36095,149.1762854,
36096,149.4818238,
36097,149.4451266,
36098,149.304029,
36099,149.3087944,
36100,149.2513018,
36101,148.9595644,
36102,148.9403542,
36103,149.0733417,
36104,148.9593311,
36105,149.0185856,
36106,148.98091,
36107,149.0421204,
36108,149.2637676,
36109,149.0699982,
36110,148.2996101,
36111,147.9558764,
36112,148.1232168,
36113,148.2630504,
36114,147.7087623,
36115,147.3267435,
36116,147.0491068,
36117,146.7082516,
36118,146.2469238,
36119,145.5261879,
36120,144.9145859,
36121,144.4685582,
36122,144.183494,
36123,144.0694534,
36124,143.7117836,
36125,143.3186036,
36126,143.4066837,
36127,143.411425,
36128,143.1486777,
36129,142.9448326,
36130,142.6455712,
36131,141.91082,
36132,141.4242102,
36133,141.5237875,
36134,140.6518305,
36135,140.3365654,
36136,139.9846943,
36137,139.2604316,
36138,138.315504,
36139,137.5383328,
36140,137.0878592,
36141,136.5233185,
36142,135.7059064,
36143,135.2090276,
36144,133.332631,
36145,132.3919072,
36146,132.3059352,
36147,131.506238,
36148,130.1965828,
36149,129.2525438,
36150,128.4702103,
36151,126.7832985,
36152,124.8150655,
36153,124.3619986,
36154,123.4365973,
36155,121.5145755,
36156,120.1133093,
36157,119.3287715,
36158,117.1804858,
36159,115.0441088,
36160,113.9210595,
36161,112.9006321,
36162,110.3393115,
36163,108.3510594,
36164,107.4891398,
36165,104.7834307,
36166,102.4065919,
36167,101.8851163,
36168,100.9735995,
36169,97.89210233,
36170,96.6017107,
36171,96.35706867,
36172,94.2067513,
36173,91.62953019,
36174,90.77999754,
36175,89.36033376,
36176,86.34568917,
36177,84.74401791,
36178,84.23448197,
36179,82.61249114,
36180,79.99421466,
36181,77.86890361,
36182,76.97184278,
36183,75.2782415,
36184,72.65323329,
36185,71.20690916,
36186,70.0112844,
36187,66.63923538,
36188,63.96180078,
36189,63.65144226,
36190,61.45363017,
36191,58.11918763,
36192,57.38785582,
36193,57.00409541,
36194,54.22600766,
36195,51.58677068,
36196,51.02967952,
36197,50.45860895,
36198,49.06378814,
36199,46.98742025,
36200,46.34981071,
36201,46.2269884,
36202,46.05676135,
36203,45.0322956,
36204,44.26925671,
36205,44.01627173,
36206,43.43251876,
36207,43.11286673,
36208,42.98349229,
36209,42.64843896,
36210,42.67921461,
36211,42.89362073,
36212,43.31408905,
36213,43.47482826,
36214,43.38378836,
36215,43.57775087,
36216,43.770624,
36217,44.0721606,
36218,44.62534166,
36219,45.24469782,
36220,45.73952839,
36221,46.16788443,
36222,46.56698175,
36223,47.26457705,
36224,47.96347333,
36225,48.41786406,
36226,48.9076382,
36227,48.88425125,
36228,48.81393182,
36229,48.56299314,
36230,48.67230952,
36231,48.77180523,
36232,48.91602844,
36233,49.00546789,
36234,48.98674313,
36235,48.98574596,
36236,49.13035604,
36237,49.2757729,
36238,49.58140804,
36239,49.71952716,
36240,49.81273047,
36241,49.99218744,
36242,50.54305488,
36243,50.62938407,
36244,51.027213,
36245,51.20404278,
36246,51.21576564,
36247,51.83626633,
36248,52.72710964,
36249,53.32761127,
36250,53.33185469,
36251,54.06860776,
36252,54.9609013,
36253,56.31082683,
36254,57.18189994,
36255,57.61988886,
36256,58.91760743,
36257,60.06106782,
36258,61.0552484,
36259,61.99552169,
36260,63.31415884,
36261,65.84265873,
36262,67.03022258,
36263,67.70574004,
36264,69.34431882,
36265,70.86358324,
36266,71.54485713,
36267,72.78674832,
36268,73.77491572,
36269,75.23017729,
36270,77.48173804,
36271,79.15512593,
36272,79.88803318,
36273,81.41490014,
36274,83.83434829,
36275,85.85447511,
36276,86.07789922,
36277,88.4236464,
36278,91.14025427,
36279,92.79576223,
36280,93.87333862,
36281,95.31377754,
36282,97.66892948,
36283,99.2477284,
36284,100.0154871,
36285,101.5886619,
36286,104.4688095,
36287,106.7404497,
36288,107.9057066,
36289,108.8223245,
36290,111.2740183,
36291,113.5495105,
36292,114.8302879,
36293,116.5729548,
36294,118.9205106,
36295,120.101258,
36296,121.0198984,
36297,123.1504595,
36298,124.5126293,
36299,125.2306199,
36300,125.6172213,
36301,128.064886,
36302,129.8706333,
36303,130.3179226,
36304,130.8367633,
36305,132.1562505,
36306,133.9969222,
36307,134.3235926,
36308,135.3691043,
36309,136.5774668,
36310,137.0488735,
36311,137.9354352,
36312,138.7552482,
36313,140.2154776,
36314,141.1825878,
36315,140.9469527,
36316,142.3116,
36317,143.4452707,
36318,143.7151585,
36319,144.7366259,
36320,145.7745768,
36321,146.3376282,
36322,146.1408856,
36323,146.8714437,
36324,147.7446931,
36325,147.4788369,
36326,148.0437184,
36327,148.7661385,
36328,149.1410348,
36329,149.310898,
36330,149.7489934,
36331,149.8740728,
36332,150.0829676,
36333,150.6039187,
36334,151.0553371,
36335,151.6273004,
36336,151.5227086,
36337,151.3301373,
36338,151.8244338,
36339,152.111318,
36340,152.4225491,
36341,152.8404662,
36342,152.5552472,
36343,152.2059544,
36344,151.7216416,
36345,151.2245415,
36346,150.9429301,
36347,150.8474961,
36348,150.2275247,
36349,149.6067544,
36350,149.0992769,
36351,148.9867798,
36352,148.8970408,
36353,148.8283496,
36354,146.4428023,
36355,145.2680793,
36356,144.3041544,
36357,143.5651348,
36358,142.3737585,
36359,140.8727482,
36360,139.7494555,
36361,138.894504,
36362,137.563834,
36363,135.8541539,
36364,134.6576428,
36365,133.8285192,
36366,132.1010898,
36367,129.7849154,
36368,127.832997,
36369,127.5627906,
36370,125.9217878,
36371,123.0209648,
36372,121.3420449,
36373,120.9103942,
36374,118.3145948,
36375,116.0222962,
36376,114.3409861,
36377,112.5289081,
36378,109.7024468,
36379,107.4820407,
36380,106.6219237,
36381,104.8702047,
36382,101.4362625,
36383,100.0851628,
36384,98.90136161,
36385,95.76024457,
36386,93.39030773,
36387,92.9094555,
36388,90.83456036,
36389,87.27557332,
36390,86.90819558,
36391,85.44723063,
36392,82.72472982,
36393,80.60681922,
36394,79.1777081,
36395,77.97357603,
36396,76.74576546,
36397,74.73667816,
36398,73.4843568,
36399,72.92419089,
36400,71.98834212,
36401,70.11831114,
36402,69.36613318,
36403,68.86595503,
36404,67.83255935,
36405,66.48946905,
36406,65.46466257,
36407,65.02063156,
36408,64.1224185,
36409,63.38043361,
36410,62.82650951,
36411,62.10978074,
36412,61.1930322,
36413,60.651683,
36414,60.38487209,
36415,60.61891739,
36416,60.05445124,
36417,59.37030425,
36418,59.23114243,
36419,58.78046288,
36420,58.5472761,
36421,58.40279703,
36422,58.89450658,
36423,58.92792098,
36424,59.0789084,
36425,59.46460721,
36426,59.81596538,
36427,60.45790936,
36428,61.36867588,
36429,62.46997973,
36430,62.74352138,
36431,63.56625538,
36432,65.31733753,
36433,66.46841339,
36434,67.10371342,
36435,68.03017458,
36436,69.01423697,
36437,71.00758259,
36438,71.99605252,
36439,72.58984437,
36440,73.75694402,
36441,76.64683936,
36442,78.61271025,
36443,79.20782643,
36444,80.87577952,
36445,82.21960926,
36446,83.15204698,
36447,83.74180021,
36448,86.04650306,
36449,89.32502043,
36450,90.8106325,
36451,91.2621822,
36452,93.1751618,
36453,95.11053618,
36454,97.34058879,
36455,98.00221573,
36456,99.84515537,
36457,102.521256,
36458,104.5749926,
36459,105.3932162,
36460,107.0100537,
36461,108.9460528,
36462,110.2168935,
36463,110.6421023,
36464,112.3280237,
36465,114.2264717,
36466,115.1332899,
36467,116.0628831,
36468,116.8570771,
36469,118.2855434,
36470,119.0301042,
36471,119.1352652,
36472,120.4987049,
36473,122.2779035,
36474,122.8341655,
36475,124.1460712,
36476,125.8561842,
36477,127.9692198,
36478,128.2014195,
36479,128.7987606,
36480,130.8391402,
36481,132.0368217,
36482,132.8001301,
36483,134.6283887,
36484,135.851196,
36485,136.5044045,
36486,136.6731122,
36487,137.6171014,
36488,139.0640765,
36489,139.7297861,
36490,140.5072669,
36491,141.7683649,
36492,142.7946021,
36493,142.6976949,
36494,142.6546322,
36495,143.4408071,
36496,143.7490161,
36497,144.1572126,
36498,144.3421031,
36499,144.5914874,
36500,144.8233715,
36501,144.5514541,
36502,144.6249751,
36503,145.1255666,
36504,145.7098126,
36505,146.5115469,
36506,146.6945818,
36507,146.8674808,
36508,146.6108132,
36509,146.6161912,
36510,147.021398,
36511,147.2946837,
36512,147.7016575,
36513,148.0133707,
36514,147.9607653,
36515,147.7516271,
36516,147.3042065,
36517,146.8288753,
36518,146.6851595,
36519,146.5689312,
36520,146.385374,
36521,145.7833391,
36522,145.5840084,
36523,145.0637743,
36524,143.6640821,
36525,143.0166861,
36526,143.016297,
36527,142.7306318,
36528,142.0135655,
36529,141.0600827,
36530,140.3254694,
36531,139.1951696,
36532,137.5615806,
36533,136.6946741,
36534,136.2077186,
36535,134.9206564,
36536,133.6582267,
36537,132.3959136,
36538,131.4372305,
36539,129.2384401,
36540,127.6499513,
36541,127.292531,
36542,126.6906213,
36543,124.7254419,
36544,122.5248299,
36545,121.4408575,
36546,120.1373053,
36547,119.0485845,
36548,117.786327,
36549,117.4205316,
36550,116.0002749,
36551,114.5427581,
36552,112.5861648,
36553,110.7271838,
36554,109.9349805,
36555,108.14933,
36556,105.7311587,
36557,103.5912505,
36558,103.2752842,
36559,101.5397034,
36560,99.26005812,
36561,97.86309232,
36562,96.63140745,
36563,94.57018544,
36564,92.13453957,
36565,91.43947002,
36566,90.56709615,
36567,88.55199781,
36568,87.09554271,
36569,86.04919771,
36570,85.79108136,
36571,83.46514946,
36572,80.64488348,
36573,79.01910144,
36574,78.90418913,
36575,77.713005,
36576,75.10119071,
36577,73.06316359,
36578,72.23882009,
36579,70.70135831,
36580,67.8632088,
36581,65.48872654,
36582,65.43938021,
36583,63.81268277,
36584,61.84039216,
36585,61.3069957,
36586,60.27388143,
36587,59.95047656,
36588,58.96232281,
36589,57.52213822,
36590,57.07610903,
36591,56.79677743,
36592,56.14972813,
36593,55.66426651,
36594,55.78030271,
36595,56.19086042,
36596,56.21421292,
36597,56.13951821,
36598,56.40504776,
36599,56.60739579,
36600,57.07004414,
36601,57.46309084,
36602,57.56797248,
36603,57.96383068,
36604,58.69212719,
36605,59.36168645,
36606,59.63364002,
36607,59.79260608,
36608,60.82829332,
36609,62.13808616,
36610,62.61052043,
36611,63.89446133,
36612,65.23501656,
36613,66.38793891,
36614,66.9545773,
36615,67.09021897,
36616,68.63360144,
36617,70.35392398,
36618,71.40502047,
36619,72.07534055,
36620,74.64575841,
36621,76.80295546,
36622,77.28633625,
36623,78.30009911,
36624,79.93551211,
36625,82.06011126,
36626,82.87946135,
36627,83.98191528,
36628,85.94051212,
36629,88.57755669,
36630,89.55333803,
36631,90.69922333,
36632,92.64077163,
36633,93.87896326,
36634,95.65520239,
36635,96.58319345,
36636,98.74191767,
36637,101.608806,
36638,102.0314602,
36639,103.1931692,
36640,104.865448,
36641,106.7319872,
36642,107.3850742,
36643,108.4147319,
36644,110.5566001,
36645,113.0753192,
36646,114.3632891,
36647,115.4216656,
36648,117.0317799,
36649,118.4572679,
36650,118.5445678,
36651,119.0378736,
36652,120.4567542,
36653,122.201584,
36654,122.4839838,
36655,123.6903011,
36656,125.4614837,
36657,126.3579055,
36658,126.8571579,
36659,127.0321255,
36660,128.5879762,
36661,129.7636101,
36662,129.8214752,
36663,130.6297614,
36664,131.6042726,
36665,133.0730318,
36666,133.6010094,
36667,134.214532,
36668,134.5450894,
36669,135.2569045,
36670,136.5713628,
36671,137.2747233,
36672,138.2345128,
36673,139.9747428,
36674,140.8252904,
36675,140.8586706,
36676,141.3114675,
36677,142.902384,
36678,143.5544014,
36679,144.2185886,
36680,145.4829706,
36681,146.6994009,
36682,147.080556,
36683,147.8063462,
36684,149.0278838,
36685,149.8183717,
36686,149.9143658,
36687,150.9652914,
36688,151.9967666,
36689,151.9562431,
36690,151.6202025,
36691,151.626176,
36692,152.0427319,
36693,152.4586693,
36694,152.3966335,
36695,152.5618593,
36696,152.6940615,
36697,152.6278084,
36698,152.1778588,
36699,151.6040344,
36700,151.2390683,
36701,151.6227543,
36702,151.3900317,
36703,150.6268341,
36704,150.0808786,
36705,149.8539791,
36706,149.0304151,
36707,147.9309162,
36708,147.0318495,
36709,146.6924349,
36710,146.3062894,
36711,145.5094561,
36712,144.5592585,
36713,144.226225,
36714,143.4777236,
36715,141.5768092,
36716,140.3774175,
36717,140.4924175,
36718,139.5192521,
36719,137.9131331,
36720,137.7038815,
36721,136.2655892,
36722,134.6421449,
36723,132.7853021,
36724,132.3415089,
36725,131.4937621,
36726,130.1739145,
36727,128.6040918,
36728,128.2698524,
36729,127.2588107,
36730,125.1630988,
36731,122.9438433,
36732,122.7233245,
36733,121.5458815,
36734,119.8691848,
36735,117.9509993,
36736,116.7682174,
36737,114.7389592,
36738,112.6425332,
36739,111.3687964,
36740,110.8403481,
36741,108.9735595,
36742,106.6671714,
36743,105.0834857,
36744,103.7577693,
36745,101.0130513,
36746,98.55458553,
36747,97.86021435,
36748,95.97163148,
36749,94.15601944,
36750,92.42842286,
36751,91.38355329,
36752,89.30771868,
36753,86.98295087,
36754,85.59731303,
36755,84.44219673,
36756,82.88592264,
36757,81.92095512,
36758,81.35994341,
36759,81.01997064,
36760,81.5024326,
36761,80.41944923,
36762,78.00922669,
36763,76.39646929,
36764,75.28317061,
36765,73.50261542,
36766,73.41389079,
36767,72.36007451,
36768,70.04051602,
36769,68.29261521,
36770,67.51665426,
36771,67.24799764,
36772,65.22416756,
36773,62.77402404,
36774,61.88659661,
36775,60.99315572,
36776,59.4511567,
36777,57.00099769,
36778,56.1703644,
36779,55.74356513,
36780,52.97803619,
36781,51.17355021,
36782,50.88352541,
36783,50.12572535,
36784,49.09274142,
36785,47.98017639,
36786,47.95221179,
36787,47.75645368,
36788,46.98552227,
36789,45.48638887,
36790,44.74200054,
36791,44.47103965,
36792,43.87452287,
36793,43.44626072,
36794,43.15056659,
36795,43.0936049,
36796,43.01796855,
36797,42.75739016,
36798,42.5759676,
36799,42.42261155,
36800,42.07586897,
36801,41.87547251,
36802,42.27640462,
36803,42.58057932,
36804,43.24855634,
36805,43.71802845,
36806,44.64235286,
36807,44.97266884,
36808,45.76085427,
36809,47.06372732,
36810,47.91403224,
36811,48.37444323,
36812,49.56052178,
36813,51.07802336,
36814,52.78796208,
36815,53.11735476,
36816,53.65466473,
36817,55.11784476,
36818,56.10763209,
36819,57.13848948,
36820,58.03697139,
36821,58.58686928,
36822,60.14533176,
36823,62.39887632,
36824,64.39493368,
36825,65.15866822,
36826,66.29743482,
36827,68.32857644,
36828,69.87939057,
36829,70.21354565,
36830,72.02454699,
36831,74.02112039,
36832,76.33615391,
36833,77.20117821,
36834,79.41606426,
36835,81.71376782,
36836,84.41456267,
36837,85.32243321,
36838,88.01482919,
36839,90.16717568,
36840,91.47886234,
36841,91.96809527,
36842,95.12719605,
36843,97.5827313,
36844,98.33713766,
36845,100.2855385,
36846,102.6981724,
36847,104.996807,
36848,105.2321656,
36849,107.1844632,
36850,108.929187,
36851,110.6492174,
36852,110.833044,
36853,111.6887559,
36854,113.6371447,
36855,114.364988,
36856,115.0609229,
36857,115.8536975,
36858,116.4531911,
36859,117.8256887,
36860,118.1598026,
36861,118.7753073,
36862,120.1187625,
36863,121.3043369,
36864,121.6045142,
36865,123.1141612,
36866,124.5254034,
36867,125.2295265,
36868,125.0754972,
36869,126.2833229,
36870,128.271552,
36871,128.9997027,
36872,129.7444613,
36873,130.9135157,
36874,132.2298228,
36875,132.3408816,
36876,132.5466685,
36877,134.4502195,
36878,135.265762,
36879,135.7792631,
36880,137.0158722,
36881,138.1660409,
36882,138.729272,
36883,138.9990734,
36884,139.5946675,
36885,140.8568814,
36886,141.690429,
36887,141.8158667,
36888,142.4220293,
36889,143.1396796,
36890,143.4938887,
36891,143.3486134,
36892,142.8453046,
36893,143.2079872,
36894,143.6241633,
36895,143.8402325,
36896,143.7068957,
36897,143.535912,
36898,143.3896588,
36899,142.9766467,
36900,141.969373,
36901,141.3295528,
36902,141.0961663,
36903,140.3635394,
36904,139.4514212,
36905,138.8578554,
36906,138.5299324,
36907,137.7773761,
36908,136.8094713,
36909,135.5858613,
36910,135.3297023,
36911,135.4871772,
36912,134.8780287,
36913,133.5977526,
36914,132.2845332,
36915,132.027294,
36916,130.8966236,
36917,129.5854101,
36918,128.7447217,
36919,128.4040682,
36920,128.1228446,
36921,127.3219916,
36922,126.0935448,
36923,125.6450799,
36924,125.0937745,
36925,124.475079,
36926,123.3988568,
36927,122.6514126,
36928,122.5487244,
36929,121.9793765,
36930,121.1093636,
36931,120.0517306,
36932,119.4512077,
36933,118.7761094,
36934,116.6650317,
36935,115.4857064,
36936,114.9189976,
36937,113.5089803,
36938,111.4551048,
36939,110.248288,
36940,109.2377368,
36941,108.2395518,
36942,106.1665332,
36943,103.6773547,
36944,102.9883394,
36945,102.3218835,
36946,100.861178,
36947,98.78667718,
36948,97.75547365,
36949,96.00930015,
36950,92.81563826,
36951,91.28415117,
36952,90.12612517,
36953,88.21525771,
36954,86.51200025,
36955,84.70724742,
36956,83.32831958,
36957,80.48824305,
36958,78.35960481,
36959,77.4046156,
36960,76.68474367,
36961,74.19638872,
36962,71.47296526,
36963,70.65854283,
36964,68.84907009,
36965,65.55551105,
36966,64.42156993,
36967,63.4109503,
36968,61.39465295,
36969,59.33533962,
36970,58.05555839,
36971,57.30703945,
36972,54.76276438,
36973,53.26129717,
36974,52.54593646,
36975,51.89192922,
36976,49.50297315,
36977,48.22617365,
36978,47.66172206,
36979,47.53838202,
36980,46.16183954,
36981,44.97717298,
36982,44.72514601,
36983,43.84105012,
36984,42.58598569,
36985,42.04027172,
36986,42.0221951,
36987,41.72290026,
36988,41.53285118,
36989,40.84686615,
36990,40.75980486,
36991,40.47591007,
36992,40.75978323,
36993,40.8846218,
36994,41.43930969,
36995,42.3817328,
36996,43.62690098,
36997,43.66948821,
36998,44.38307595,
36999,45.36649981,
37000,46.71281235,
37001,47.6674341,
37002,48.07729232,
37003,49.52285376,
37004,51.23521866,
37005,52.36877654,
37006,52.66960118,
37007,53.26985596,
37008,55.50360837,
37009,56.72769422,
37010,57.81272022,
37011,58.61518689,
37012,60.51798814,
37013,62.97317177,
37014,63.81303315,
37015,64.59687551,
37016,66.82304455,
37017,68.63025747,
37018,70.43257189,
37019,71.14911198,
37020,72.58654451,
37021,75.63712002,
37022,77.00758219,
37023,77.60289354,
37024,80.39463051,
37025,82.56552005,
37026,84.37728152,
37027,84.83099915,
37028,87.68108719,
37029,90.91027985,
37030,91.88661487,
37031,92.82122179,
37032,95.24293787,
37033,97.24824229,
37034,97.94782457,
37035,99.82176255,
37036,102.4709745,
37037,104.8490455,
37038,105.4533902,
37039,107.3545184,
37040,109.3030624,
37041,110.4436637,
37042,111.3302989,
37043,112.9834333,
37044,114.8024075,
37045,116.0320674,
37046,116.8462897,
37047,117.929702,
37048,118.7153267,
37049,118.990709,
37050,119.5036136,
37051,120.7378712,
37052,121.0586832,
37053,121.4054136,
37054,122.1261684,
37055,123.1660675,
37056,124.4270052,
37057,125.4135166,
37058,125.7127825,
37059,126.8961705,
37060,127.925523,
37061,128.2702755,
37062,128.8948434,
37063,129.970612,
37064,131.065681,
37065,132.2320842,
37066,132.8272075,
37067,134.0128882,
37068,135.2286849,
37069,136.8708667,
37070,138.0053494,
37071,138.2694507,
37072,139.5156676,
37073,141.1360597,
37074,142.5226983,
37075,143.4197482,
37076,143.8540553,
37077,145.4430153,
37078,146.5629821,
37079,147.7826289,
37080,148.366018,
37081,148.2836035,
37082,149.3911134,
37083,150.1894756,
37084,150.2176902,
37085,150.2800674,
37086,150.7994833,
37087,151.220448,
37088,151.385244,
37089,151.547268,
37090,151.2669067,
37091,150.9674273,
37092,150.7510121,
37093,150.3393609,
37094,150.1162297,
37095,149.5888578,
37096,149.0529574,
37097,148.5383925,
37098,148.3959563,
37099,148.189795,
37100,147.7706705,
37101,147.4890071,
37102,147.2668012,
37103,146.873254,
37104,146.5248888,
37105,145.663594,
37106,145.6196307,
37107,145.1782694,
37108,144.8858619,
37109,144.6288006,
37110,143.9400551,
37111,143.4434516,
37112,142.5694255,
37113,141.7372567,
37114,141.3453792,
37115,140.848123,
37116,139.9825838,
37117,139.0055844,
37118,138.3142946,
37119,138.3148218,
37120,137.1341684,
37121,135.6680817,
37122,134.7724732,
37123,134.3150906,
37124,133.4607226,
37125,132.2523855,
37126,130.9632288,
37127,130.2319472,
37128,128.3037901,
37129,126.6871655,
37130,126.3172235,
37131,126.0219034,
37132,124.9314906,
37133,123.5011867,
37134,122.7544984,
37135,121.2963982,
37136,119.340885,
37137,117.3212372,
37138,116.8784283,
37139,116.4942983,
37140,115.4380924,
37141,113.5399777,
37142,112.8373095,
37143,111.8065166,
37144,109.5793422,
37145,107.7993093,
37146,107.6552994,
37147,105.5512978,
37148,103.4343887,
37149,102.5777712,
37150,101.7601018,
37151,100.3807714,
37152,98.60028672,
37153,96.93767451,
37154,96.73147896,
37155,94.97894287,
37156,94.15322115,
37157,93.06738482,
37158,92.9294753,
37159,93.05743065,
37160,91.7479315,
37161,89.41413303,
37162,87.35152267,
37163,85.42967875,
37164,85.79263812,
37165,83.70808531,
37166,81.52512121,
37167,79.51738579,
37168,79.42147222,
37169,76.89902448,
37170,75.0242232,
37171,74.00112915,
37172,72.30192758,
37173,71.90195474,
37174,70.85430684,
37175,69.59990229,
37176,67.61559164,
37177,67.34609519,
37178,65.01720202,
37179,62.61788794,
37180,60.26565954,
37181,59.59875641,
37182,58.44288127,
37183,55.62336772,
37184,53.43565649,
37185,52.31708599,
37186,51.87467186,
37187,48.8932394,
37188,46.59553442,
37189,45.37170091,
37190,44.83977291,
37191,43.61816276,
37192,40.16806797,
37193,38.95440493,
37194,38.19023186,
37195,35.91510761,
37196,33.66547944,
37197,32.59767844,
37198,30.98313094,
37199,29.32739782,
37200,28.50113019,
37201,28.2051539,
37202,27.06041579,
37203,25.66490642,
37204,23.62445189,
37205,23.31255713,
37206,23.00350914,
37207,21.52294506,
37208,20.5944451,
37209,20.07750165,
37210,20.08662479,
37211,20.21490928,
37212,19.63662585,
37213,19.12304048,
37214,18.9854723,
37215,19.18924909,
37216,19.57468817,
37217,20.05065819,
37218,20.35963654,
37219,20.10370882,
37220,21.01841878,
37221,21.9775492,
37222,22.96244007,
37223,23.39049348,
37224,24.2264698,
37225,25.52449436,
37226,26.97518718,
37227,28.10825941,
37228,29.2282038,
37229,31.6642701,
37230,33.55326525,
37231,33.96251725,
37232,35.63347718,
37233,37.27466288,
37234,38.48469691,
37235,39.47669272,
37236,40.02789024,
37237,41.49424682,
37238,43.03753338,
37239,43.27790846,
37240,43.87742893,
37241,45.02034934,
37242,45.57798809,
37243,46.27814722,
37244,47.27965579,
37245,48.16565842,
37246,48.81686946,
37247,49.91853566,
37248,51.2326154,
37249,53.11502307,
37250,54.66128527,
37251,55.23367023,
37252,56.89277789,
37253,58.9955851,
37254,60.96400999,
37255,61.94566612,
37256,63.74013513,
37257,66.58733362,
37258,68.43008737,
37259,68.86361805,
37260,70.4798426,
37261,72.05334763,
37262,74.4565013,
37263,75.02564321,
37264,75.50355641,
37265,76.88178762,
37266,79.37801131,
37267,80.8073515,
37268,81.67077176,
37269,82.75393924,
37270,84.95456046,
37271,87.49367557,
37272,87.36233714,
37273,87.7862593,
37274,89.15068347,
37275,90.67744421,
37276,91.82388295,
37277,92.97397757,
37278,94.28704862,
37279,95.15495729,
37280,96.45054534,
37281,97.74630928,
37282,98.95043174,
37283,99.46709694,
37284,100.7866015,
37285,103.0336864,
37286,104.9066389,
37287,105.4488958,
37288,106.2931227,
37289,107.4343297,
37290,109.4018957,
37291,109.9812703,
37292,110.7161539,
37293,112.4548066,
37294,114.7313531,
37295,115.3848059,
37296,116.9935644,
37297,118.9125109,
37298,120.4193241,
37299,120.8509171,
37300,121.5711764,
37301,123.0268017,
37302,124.5854149,
37303,125.3727898,
37304,126.4518201,
37305,129.1183656,
37306,130.4351015,
37307,131.0149218,
37308,132.1506887,
37309,134.6075585,
37310,135.7115442,
37311,136.6530656,
37312,138.1014171,
37313,139.3197908,
37314,139.704002,
37315,139.6526128,
37316,141.3500543,
37317,142.1942492,
37318,142.1782655,
37319,142.7254365,
37320,143.2126823,
37321,144.255016,
37322,144.4906891,
37323,144.5833265,
37324,144.6876801,
37325,145.2059859,
37326,145.6550424,
37327,146.0083635,
37328,146.8698701,
37329,147.191955,
37330,147.1395842,
37331,147.1202311,
37332,147.3558814,
37333,147.4612618,
37334,147.457399,
37335,147.9662459,
37336,147.7779597,
37337,147.351089,
37338,146.8953477,
37339,146.0758047,
37340,145.4008541,
37341,145.305795,
37342,145.2860232,
37343,144.1844132,
37344,143.5464201,
37345,143.2028446,
37346,142.7750289,
37347,141.4384995,
37348,140.3091605,
37349,140.4097306,
37350,139.7314151,
37351,139.3635069,
37352,138.6930294,
37353,137.9605872,
37354,137.3611521,
37355,136.3365415,
37356,135.1432339,
37357,134.3134591,
37358,133.8406577,
37359,133.7253332,
37360,133.0311827,
37361,131.841797,
37362,131.0563182,
37363,130.7105174,
37364,129.8093848,
37365,128.8104641,
37366,128.4342567,
37367,128.0277207,
37368,128.1704236,
37369,127.6275287,
37370,126.9155233,
37371,126.0815898,
37372,125.307869,
37373,124.5868707,
37374,123.4711394,
37375,122.5206306,
37376,121.6661401,
37377,121.5824902,
37378,120.5979138,
37379,119.9359091,
37380,118.5820861,
37381,118.0925725,
37382,117.6576831,
37383,116.2045093,
37384,113.9840401,
37385,113.3047315,
37386,112.73252,
37387,112.4790024,
37388,111.1525165,
37389,109.6760809,
37390,109.5851127,
37391,108.3262114,
37392,107.4148947,
37393,105.1819471,
37394,104.0104787,
37395,103.1076506,
37396,102.0184167,
37397,101.0704327,
37398,98.93411109,
37399,97.30550391,
37400,96.932986,
37401,96.25511295,
37402,94.06542571,
37403,91.73420913,
37404,90.31830492,
37405,89.93048835,
37406,87.68742264,
37407,85.85154915,
37408,84.22533375,
37409,84.16901559,
37410,81.5911336,
37411,79.3902445,
37412,78.18028941,
37413,78.02940883,
37414,76.84152373,
37415,75.07398663,
37416,73.3800931,
37417,72.60006594,
37418,72.41604803,
37419,70.66713155,
37420,68.10189944,
37421,66.91918639,
37422,66.30838017,
37423,64.78514893,
37424,63.70251925,
37425,62.6007358,
37426,62.39151867,
37427,61.81002978,
37428,61.5140225,
37429,60.88772953,
37430,60.55748722,
37431,60.27299085,
37432,59.84878261,
37433,59.67205896,
37434,59.27498703,
37435,59.57239163,
37436,59.73715301,
37437,59.75301694,
37438,59.56240483,
37439,59.34997854,
37440,59.58993409,
37441,59.79139099,
37442,60.0608303,
37443,60.2492669,
37444,60.72789961,
37445,61.89979629,
37446,62.69445411,
37447,63.40320712,
37448,64.10283629,
37449,64.85698147,
37450,65.34847127,
37451,66.07118739,
37452,66.51230601,
37453,67.05868627,
37454,68.47551701,
37455,69.76135334,
37456,71.58636612,
37457,71.87539085,
37458,72.69086907,
37459,74.66783553,
37460,76.57413767,
37461,77.24993017,
37462,78.52807304,
37463,81.035994,
37464,82.95298784,
37465,83.39582305,
37466,84.92222539,
37467,87.10699625,
37468,89.4273842,
37469,90.49460252,
37470,91.79358574,
37471,94.87501366,
37472,97.32940549,
37473,97.92501179,
37474,99.58151795,
37475,102.3549059,
37476,104.0594094,
37477,104.2858269,
37478,106.8646616,
37479,109.8297859,
37480,111.5405175,
37481,112.0623845,
37482,114.7553905,
37483,117.2155764,
37484,118.2069516,
37485,118.7793459,
37486,121.3231963,
37487,123.9773608,
37488,124.96791,
37489,125.7883231,
37490,127.5235801,
37491,128.8174066,
37492,130.2132153,
37493,130.1454717,
37494,131.9667232,
37495,134.1311862,
37496,134.8254455,
37497,135.2775516,
37498,135.4813728,
37499,135.4871563,
37500,135.6556226,
37501,136.1789607,
37502,136.5038631,
37503,136.5316133,
37504,136.5119467,
37505,136.831198,
37506,136.8292199,
37507,136.8386859,
37508,137.0050168,
37509,136.9604433,
37510,136.8892629,
37511,137.0091442,
37512,136.9512291,
37513,137.0089276,
37514,137.008242,
37515,137.1026655,
37516,137.3464026,
37517,137.8556999,
37518,138.3255399,
37519,138.8706299,
37520,139.3149624,
37521,140.218651,
37522,141.0420051,
37523,141.9244532,
37524,142.4822173,
37525,143.1806318,
37526,144.431003,
37527,145.6998729,
37528,146.3778774,
37529,146.5774151,
37530,147.103196,
37531,147.9096385,
37532,148.781412,
37533,149.9285881,
37534,150.5923997,
37535,151.5632956,
37536,153.0213577,
37537,154.0557218,
37538,154.3626445,
37539,155.5162816,
37540,157.5346581,
37541,158.1918587,
37542,158.8585231,
37543,159.3441021,
37544,160.5715289,
37545,161.7316533,
37546,162.1786785,
37547,162.6271347,
37548,162.6331517,
37549,162.7944259,
37550,163.4150409,
37551,163.9023118,
37552,163.4794618,
37553,163.2844105,
37554,163.6105333,
37555,163.3220982,
37556,163.2037255,
37557,163.0768552,
37558,162.6433177,
37559,162.0218193,
37560,161.5912928,
37561,161.2506876,
37562,160.6790769,
37563,160.3056499,
37564,159.7960304,
37565,159.5134153,
37566,158.8265013,
37567,157.7274644,
37568,156.9289682,
37569,156.5876036,
37570,156.0509331,
37571,155.1500287,
37572,153.829328,
37573,153.0458381,
37574,152.5338071,
37575,151.2369214,
37576,149.9581456,
37577,148.1696751,
37578,147.8242255,
37579,147.1699988,
37580,145.6129831,
37581,144.0997124,
37582,143.5220569,
37583,142.8764289,
37584,140.9338588,
37585,139.2026419,
37586,138.9668696,
37587,138.4757513,
37588,137.3263144,
37589,135.9088472,
37590,135.5235976,
37591,134.5803869,
37592,132.3797195,
37593,130.7144282,
37594,129.7343668,
37595,129.3489718,
37596,127.935806,
37597,126.1545028,
37598,125.4697027,
37599,124.1165297,
37600,122.2613879,
37601,120.1257805,
37602,119.365785,
37603,118.8400995,
37604,117.5813512,
37605,116.1047788,
37606,114.5307915,
37607,114.0133569,
37608,111.8681108,
37609,109.8221162,
37610,108.2912946,
37611,108.1237049,
37612,107.300727,
37613,105.349315,
37614,103.8924705,
37615,103.6304384,
37616,101.5613881,
37617,99.74289524,
37618,97.15040129,
37619,96.79646764,
37620,96.73756362,
37621,94.07445261,
37622,92.50737749,
37623,92.01896907,
37624,91.73894775,
37625,90.6499387,
37626,87.27351176,
37627,85.10899934,
37628,84.44379963,
37629,82.76669743,
37630,81.8245729,
37631,78.56347506,
37632,78.16270138,
37633,78.35227775,
37634,75.61850536,
37635,72.19396845,
37636,72.0501103,
37637,70.46604366,
37638,67.34312243,
37639,64.92578056,
37640,64.21885113,
37641,62.35818307,
37642,58.74940823,
37643,56.81824728,
37644,56.63076136,
37645,55.32377893,
37646,52.98945424,
37647,51.22492116,
37648,50.65566343,
37649,49.17539856,
37650,46.85470918,
37651,44.77511861,
37652,44.59850764,
37653,43.03255708,
37654,41.44653942,
37655,39.54478083,
37656,38.53121074,
37657,37.18729817,
37658,37.14499404,
37659,34.99317329,
37660,32.83670875,
37661,33.10433169,
37662,31.60816357,
37663,30.82998293,
37664,29.71246326,
37665,28.78699742,
37666,27.17284373,
37667,26.47065087,
37668,24.87139571,
37669,24.39520087,
37670,23.79976391,
37671,22.94804481,
37672,22.76922761,
37673,22.50383182,
37674,22.62983681,
37675,22.93632848,
37676,23.70333933,
37677,24.18681542,
37678,24.3624807,
37679,24.64293365,
37680,25.38920398,
37681,26.82663784,
37682,27.3399793,
37683,27.4317072,
37684,28.35253656,
37685,28.98545171,
37686,29.89198196,
37687,30.55979165,
37688,31.19632806,
37689,31.68271397,
37690,32.7364196,
37691,33.591721,
37692,34.77357045,
37693,35.12056994,
37694,35.85065932,
37695,36.09319201,
37696,37.29100988,
37697,38.5697928,
37698,40.06264659,
37699,40.54802236,
37700,41.7530419,
37701,42.79587059,
37702,43.31777181,
37703,43.4895695,
37704,43.78533218,
37705,43.61081258,
37706,43.22782624,
37707,43.56191537,
37708,43.21801246,
37709,42.59722656,
37710,42.38971101,
37711,42.70868488,
37712,42.74981877,
37713,42.17508733,
37714,41.95266399,
37715,41.53668875,
37716,41.35943011,
37717,40.9096501,
37718,40.6777147,
37719,40.52316248,
37720,40.19663424,
37721,39.86564336,
37722,40.11202774,
37723,39.73413014,
37724,39.24127757,
37725,38.9527586,
37726,38.53757483,
37727,38.05898929,
37728,37.67215112,
37729,37.31011001,
37730,37.48430354,
37731,37.29419503,
37732,37.31795955,
37733,37.90984235,
37734,38.42395055,
37735,38.89805229,
37736,39.24507693,
37737,40.29015949,
37738,41.06768484,
37739,41.58916029,
37740,42.1424786,
37741,43.24204485,
37742,44.98555964,
37743,45.35041061,
37744,46.35644316,
37745,47.50926311,
37746,49.01232475,
37747,49.73832962,
37748,50.28943456,
37749,52.59449964,
37750,54.41897416,
37751,55.32562976,
37752,56.07538619,
37753,58.12044443,
37754,60.16562831,
37755,60.90598501,
37756,61.77908529,
37757,63.33385725,
37758,65.48704614,
37759,66.41122171,
37760,67.4311764,
37761,68.17537356,
37762,70.34620456,
37763,72.33542025,
37764,74.18054763,
37765,74.12659714,
37766,76.55442517,
37767,79.10831691,
37768,81.24730799,
37769,81.78010742,
37770,83.74228116,
37771,85.24765532,
37772,86.1065215,
37773,87.04855432,
37774,87.83491246,
37775,90.09139572,
37776,92.72456904,
37777,93.25243291,
37778,94.60926082,
37779,95.68412704,
37780,97.15125222,
37781,97.89616116,
37782,98.318006,
37783,99.30327107,
37784,101.4122864,
37785,101.9364867,
37786,102.708688,
37787,103.3380826,
37788,104.6123257,
37789,105.8644201,
37790,106.9619974,
37791,107.2468164,
37792,108.4159378,
37793,109.8371976,
37794,110.6488683,
37795,110.593155,
37796,111.3903424,
37797,112.6952011,
37798,113.4537675,
37799,113.8320655,
37800,114.7283585,
37801,116.578773,
37802,117.3513272,
37803,117.9373664,
37804,119.1740397,
37805,120.3439374,
37806,121.6763721,
37807,122.3589053,
37808,122.3305417,
37809,122.4155358,
37810,122.9956474,
37811,123.1210097,
37812,123.3250048,
37813,123.3001993,
37814,123.6995786,
37815,123.5990544,
37816,123.6132899,
37817,123.3984144,
37818,123.3595187,
37819,122.9303456,
37820,122.8630984,
37821,123.2671089,
37822,123.3513419,
37823,123.5907581,
37824,124.2176425,
37825,125.0314264,
37826,124.9481295,
37827,125.0106258,
37828,125.105375,
37829,125.5108191,
37830,125.7074085,
37831,125.7420179,
37832,126.3187582,
37833,127.337751,
37834,127.6262352,
37835,127.665655,
37836,127.7877145,
37837,127.7390069,
37838,127.2557782,
37839,127.4091011,
37840,127.3872747,
37841,126.8424444,
37842,126.811593,
37843,126.2275245,
37844,126.3823476,
37845,125.7615759,
37846,125.141063,
37847,125.217594,
37848,124.7240727,
37849,124.3822978,
37850,123.5819461,
37851,122.6714269,
37852,122.3196736,
37853,121.604415,
37854,121.3397723,
37855,121.2083711,
37856,120.9571145,
37857,120.4711839,
37858,119.9139654,
37859,119.6290768,
37860,118.4609371,
37861,118.714191,
37862,118.5561057,
37863,118.1129959,
37864,118.3849824,
37865,118.506989,
37866,118.3987768,
37867,118.6912759,
37868,117.7780788,
37869,117.6966741,
37870,117.2559218,
37871,116.5706261,
37872,116.2366368,
37873,116.2404259,
37874,116.0150904,
37875,115.649507,
37876,115.65387,
37877,115.7236104,
37878,115.7184855,
37879,116.0394207,
37880,116.1272853,
37881,115.8334473,
37882,115.6720868,
37883,115.620109,
37884,115.2684698,
37885,115.0110746,
37886,114.8285466,
37887,115.3199197,
37888,115.2050187,
37889,114.9657081,
37890,114.8695059,
37891,114.6751684,
37892,114.3548022,
37893,114.122499,
37894,113.3831075,
37895,112.9066125,
37896,112.6645298,
37897,112.4987702,
37898,111.9954019,
37899,111.5933643,
37900,111.0541356,
37901,110.5646636,
37902,110.2102909,
37903,109.8209819,
37904,109.4362304,
37905,108.7718855,
37906,108.4970306,
37907,107.9923738,
37908,107.2786597,
37909,106.7301882,
37910,106.128623,
37911,105.7568405,
37912,105.4179062,
37913,104.9681239,
37914,104.4556156,
37915,103.5480292,
37916,102.7990916,
37917,102.1274426,
37918,101.5112085,
37919,101.4189883,
37920,100.8962405,
37921,99.99036864,
37922,99.09066065,
37923,98.62721713,
37924,98.13175613,
37925,97.28745914,
37926,96.54097767,
37927,95.79359416,
37928,94.99118728,
37929,94.97914335,
37930,94.20441694,
37931,93.403129,
37932,93.0807758,
37933,92.54347077,
37934,92.2789485,
37935,92.11339932,
37936,91.29116222,
37937,90.24561019,
37938,89.68437503,
37939,89.48486564,
37940,88.9347765,
37941,88.51922122,
37942,87.80519762,
37943,87.06688961,
37944,87.02764948,
37945,86.8147337,
37946,86.39777684,
37947,86.34724323,
37948,85.98727203,
37949,85.35318679,
37950,84.78299954,
37951,84.42450762,
37952,85.01817598,
37953,84.07460275,
37954,83.70900162,
37955,83.67454663,
37956,83.78573255,
37957,83.72659671,
37958,83.64070756,
37959,83.42817926,
37960,83.7897566,
37961,83.68116029,
37962,83.86798089,
37963,83.80394412,
37964,83.60440067,
37965,83.5645363,
37966,82.87691451,
37967,82.5037802,
37968,82.32166074,
37969,82.18146213,
37970,82.97205955,
37971,83.1732746,
37972,82.58483712,
37973,82.42078269,
37974,82.76885531,
37975,82.29968335,
37976,81.88939333,
37977,81.59478932,
37978,81.39616252,
37979,81.39873204,
37980,81.82627023,
37981,81.98431803,
37982,82.05463031,
37983,82.31727942,
37984,82.53843111,
37985,83.26507943,
37986,83.69108553,
37987,83.79781604,
37988,83.78260037,
37989,83.93733978,
37990,84.44957842,
37991,85.12651206,
37992,85.78954122,
37993,86.02869377,
37994,86.13526425,
37995,86.96635254,
37996,87.57322864,
37997,88.44926676,
37998,88.75063945,
37999,89.47130255,
38000,90.81512645,
38001,92.39513456,
38002,93.14363442,
38003,94.04217243,
38004,95.71691708,
38005,96.76911461,
38006,96.90824649,
38007,97.54243543,
38008,99.1328882,
38009,100.659721,
38010,101.8077397,
38011,102.1327809,
38012,103.8390435,
38013,105.4823486,
38014,106.4753051,
38015,107.0631612,
38016,108.0447311,
38017,109.889538,
38018,112.2638042,
38019,112.4185581,
38020,113.1916844,
38021,114.2672101,
38022,116.1980554,
38023,117.6525646,
38024,117.2985888,
38025,118.7153482,
38026,120.351719,
38027,121.2671211,
38028,121.0561264,
38029,122.0637866,
38030,124.571535,
38031,126.0702078,
38032,126.9571496,
38033,128.1093599,
38034,129.6078538,
38035,131.2375939,
38036,132.0918741,
38037,132.1073585,
38038,133.1857889,
38039,133.864463,
38040,134.6365387,
38041,135.0230525,
38042,135.2219779,
38043,135.6203561,
38044,136.1882331,
38045,136.3621564,
38046,136.5426603,
38047,137.4218965,
38048,138.6148933,
38049,138.7027711,
38050,138.8545059,
38051,138.8137067,
38052,138.2678946,
38053,138.1180336,
38054,138.4383835,
38055,139.2629567,
38056,138.9533814,
38057,139.3877937,
38058,139.6736657,
38059,140.1257838,
38060,140.8612632,
38061,141.4806981,
38062,141.7276932,
38063,142.0011418,
38064,142.4569797,
38065,143.3891308,
38066,143.8140731,
38067,144.303939,
38068,145.008678,
38069,145.8796734,
38070,146.7884179,
38071,147.4276067,
38072,147.500682,
38073,147.8227855,
38074,147.9750593,
38075,147.9383094,
38076,148.1670942,
38077,148.5684889,
38078,148.453888,
38079,148.2768645,
38080,148.1479768,
38081,147.6644779,
38082,147.5234234,
38083,147.3286482,
38084,146.95832,
38085,146.8455808,
38086,146.8155874,
38087,146.5919056,
38088,146.1906719,
38089,145.8730262,
38090,145.4213883,
38091,144.5659487,
38092,144.0663089,
38093,143.7097274,
38094,143.1584295,
38095,143.0018167,
38096,142.7201915,
38097,142.403155,
38098,141.6060533,
38099,141.2088305,
38100,141.5771213,
38101,141.1739386,
38102,140.051281,
38103,139.7016624,
38104,138.8594791,
38105,137.439721,
38106,137.2473408,
38107,137.3647887,
38108,137.2143611,
38109,136.8760684,
38110,135.7308902,
38111,134.4443765,
38112,134.2289837,
38113,133.1427228,
38114,132.0781985,
38115,130.9342707,
38116,129.4675512,
38117,128.6828784,
38118,128.1996067,
38119,128.0649115,
38120,126.630735,
38121,124.7365759,
38122,122.9358842,
38123,122.0947348,
38124,121.2542395,
38125,119.3579106,
38126,117.3497704,
38127,116.2810981,
38128,115.3870668,
38129,114.6178288,
38130,113.0239617,
38131,111.542045,
38132,110.1852211,
38133,109.4338595,
38134,108.6085365,
38135,107.3073288,
38136,106.4653502,
38137,105.8562557,
38138,105.5097677,
38139,105.5253036,
38140,104.9374512,
38141,104.1938747,
38142,102.3741288,
38143,101.1107796,
38144,99.62595043,
38145,99.31137989,
38146,97.96346075,
38147,96.68333725,
38148,94.91717131,
38149,94.22382956,
38150,93.65885537,
38151,93.03848734,
38152,91.64980906,
38153,90.97526795,
38154,91.06630725,
38155,90.66779841,
38156,90.72480868,
38157,91.31943687,
38158,91.08057099,
38159,90.51281806,
38160,91.48428333,
38161,90.83122062,
38162,90.67650646,
38163,90.78889283,
38164,91.32267055,
38165,91.50339573,
38166,91.50251651,
38167,91.51695784,
38168,91.84154786,
38169,91.79675158,
38170,91.96885725,
38171,92.19558891,
38172,92.08077821,
38173,92.62407083,
38174,92.52379647,
38175,92.5757748,
38176,92.52107258,
38177,92.85071965,
38178,93.06817737,
38179,93.39584092,
38180,93.67162888,
38181,94.03315153,
38182,94.06917564,
38183,94.4152975,
38184,95.11338971,
38185,95.19787373,
38186,95.34092751,
38187,95.21588366,
38188,95.16356139,
38189,95.31162486,
38190,95.68375323,
38191,96.06346359,
38192,96.20859357,
38193,96.42605363,
38194,96.62210986,
38195,96.21370057,
38196,96.58802797,
38197,96.33054253,
38198,96.26361407,
38199,96.37441846,
38200,96.48544998,
38201,96.31627325,
38202,96.61397292,
38203,96.48283661,
38204,96.57836212,
38205,96.49072323,
38206,96.5623002,
38207,96.66809371,
38208,96.9226044,
38209,96.5811831,
38210,96.98652139,
38211,97.33247252,
38212,97.33114053,
38213,97.69835656,
38214,97.35696061,
38215,96.94366226,
38216,96.82690947,
38217,96.17483564,
38218,96.66374428,
38219,96.58513323,
38220,95.74458113,
38221,96.7579146,
38222,96.72310248,
38223,95.65233594,
38224,95.67704334,
38225,94.95899835,
38226,94.73190475,
38227,94.74968553,
38228,94.46152726,
38229,93.453245,
38230,93.45225051,
38231,93.14792825,
38232,92.65982614,
38233,92.64754131,
38234,92.6509319,
38235,93.17058579,
38236,92.64380233,
38237,93.58642518,
38238,93.77956173,
38239,94.34812927,
38240,94.98898512,
38241,95.42662686,
38242,95.82559367,
38243,96.28711404,
38244,96.31598691,
38245,96.47144486,
38246,97.03564951,
38247,97.28167381,
38248,97.58060989,
38249,98.1218621,
38250,98.75930978,
38251,99.22676485,
38252,100.4294933,
38253,101.5093657,
38254,103.351337,
38255,104.6822151,
38256,106.08779,
38257,107.3032373,
38258,108.4733231,
38259,108.5011521,
38260,109.121918,
38261,110.5654295,
38262,111.9302344,
38263,112.7261512,
38264,113.2946712,
38265,115.2768487,
38266,117.0737122,
38267,117.5127113,
38268,118.2435595,
38269,119.4761954,
38270,120.2821958,
38271,121.3099933,
38272,122.4877411,
38273,123.2048329,
38274,123.7605538,
38275,125.0481143,
38276,126.452853,
38277,128.0633582,
38278,128.4617104,
38279,129.8807557,
38280,130.4379359,
38281,131.8603778,
38282,132.5502834,
38283,132.9723316,
38284,133.0991522,
38285,133.0826273,
38286,133.1161285,
38287,133.0385541,
38288,133.215151,
38289,132.6624992,
38290,132.3923109,
38291,132.8086669,
38292,132.8943372,
38293,133.0898592,
38294,132.9825649,
38295,133.2057897,
38296,132.8228433,
38297,132.4582223,
38298,132.1265752,
38299,132.0424857,
38300,131.966243,
38301,131.7305948,
38302,131.7655749,
38303,131.6161133,
38304,131.3675534,
38305,130.9610923,
38306,130.3900107,
38307,130.4210958,
38308,130.4440466,
38309,130.8982751,
38310,130.9895796,
38311,131.1544257,
38312,131.8468533,
38313,131.5125766,
38314,130.961975,
38315,130.0813985,
38316,129.6747838,
38317,129.736589,
38318,129.5668881,
38319,129.4278374,
38320,129.0085265,
38321,128.2606099,
38322,127.8581539,
38323,127.7394049,
38324,127.3131357,
38325,126.443867,
38326,126.0474446,
38327,124.8669845,
38328,124.8304561,
38329,124.7998036,
38330,124.2615018,
38331,123.8740959,
38332,123.5225873,
38333,122.207508,
38334,121.6881335,
38335,121.4691535,
38336,121.0333761,
38337,119.8049613,
38338,119.0316225,
38339,118.4964465,
38340,118.9187714,
38341,118.7012019,
38342,119.0103952,
38343,117.7132025,
38344,117.5271913,
38345,116.6587473,
38346,116.2356195,
38347,114.2356881,
38348,113.7263142,
38349,113.0135614,
38350,113.0899381,
38351,112.5528674,
38352,112.2878509,
38353,111.8268553,
38354,111.1268455,
38355,111.0579073,
38356,111.1135182,
38357,110.9378117,
38358,110.8133674,
38359,110.3976796,
38360,108.6567307,
38361,107.5326683,
38362,106.4941276,
38363,105.8800372,
38364,105.4200101,
38365,104.8539802,
38366,104.985899,
38367,105.2311308,
38368,105.6127088,
38369,105.6546098,
38370,105.9994778,
38371,105.6946409,
38372,105.6156437,
38373,105.3957239,
38374,105.2733864,
38375,105.643238,
38376,105.73246,
38377,105.9106532,
38378,106.0078598,
38379,105.7052195,
38380,105.8555296,
38381,106.2401283,
38382,106.5656417,
38383,106.8681869,
38384,107.1653619,
38385,107.4087372,
38386,108.5083556,
38387,109.0351982,
38388,109.4044991,
38389,109.5827427,
38390,110.0213693,
38391,110.5234097,
38392,110.4182365,
38393,112.0343179,
38394,112.2232086,
38395,112.8932789,
38396,112.8661534,
38397,113.6847892,
38398,115.0390842,
38399,116.1692379,
38400,116.1942621,
38401,116.092941,
38402,116.6935294,
38403,118.0891317,
38404,120.8662752,
38405,121.4365146,
38406,122.2283181,
38407,123.0816834,
38408,124.6415696,
38409,125.5740338,
38410,126.2336506,
38411,126.4268103,
38412,127.4047929,
38413,127.7630275,
38414,128.9764636,
38415,130.0677267,
38416,130.1824953,
38417,130.2144508,
38418,130.5389122,
38419,131.4347251,
38420,131.9080878,
38421,131.9391023,
38422,132.3140056,
38423,131.9807063,
38424,132.2358568,
38425,132.7921379,
38426,133.3455162,
38427,133.5772184,
38428,133.8450789,
38429,134.1382554,
38430,134.6672348,
38431,134.6794793,
38432,135.3601408,
38433,136.2515487,
38434,137.3487307,
38435,138.2506818,
38436,138.7137722,
38437,139.1047446,
38438,139.6131297,
38439,140.6854546,
38440,141.0498359,
38441,141.8122934,
38442,141.9026084,
38443,143.077021,
38444,144.319983,
38445,145.1151891,
38446,145.1940469,
38447,146.1214902,
38448,146.3130113,
38449,147.9455478,
38450,148.9258162,
38451,148.7554749,
38452,148.9813774,
38453,149.3421493,
38454,149.2042521,
38455,150.5576528,
38456,151.3476083,
38457,152.1934116,
38458,153.0258031,
38459,154.0594139,
38460,155.2099432,
38461,156.0492987,
38462,156.7191651,
38463,156.9521564,
38464,157.6206794,
38465,158.2688155,
38466,158.2769779,
38467,158.8192608,
38468,159.446142,
38469,159.9972591,
38470,160.4395834,
38471,160.7180853,
38472,161.437398,
38473,161.8591962,
38474,162.4029534,
38475,163.0914871,
38476,164.1417685,
38477,164.3079971,
38478,164.835873,
38479,165.3049086,
38480,165.8201825,
38481,166.7969195,
38482,168.088056,
38483,168.6148377,
38484,168.7413075,
38485,169.880289,
38486,171.093407,
38487,172.660297,
38488,173.0828328,
38489,173.6785456,
38490,174.3680749,
38491,175.5010811,
38492,176.6394135,
38493,178.0218712,
38494,178.6043808,
38495,179.0152865,
38496,180.2135799,
38497,181.4888254,
38498,181.9990125,
38499,182.4165627,
38500,182.6396424,
38501,183.4398453,
38502,184.6539864,
38503,185.2137894,
38504,186.6377185,
38505,187.4543109,
38506,188.4539021,
38507,190.0409408,
38508,191.4421922,
38509,191.5610086,
38510,191.9968374,
38511,192.1081434,
38512,192.22532,
38513,192.6469116,
38514,192.9752104,
38515,193.3079399,
38516,193.3208298,
38517,193.321166,
38518,192.8762824,
38519,192.2098216,
38520,191.6546543,
38521,191.5515979,
38522,191.1100626,
38523,190.1490559,
38524,189.3753624,
38525,188.1474208,
38526,187.3298164,
38527,186.9287469,
38528,186.9050179,
38529,186.3442173,
38530,186.0373442,
38531,186.1456281,
38532,185.7937858,
38533,185.2397619,
38534,184.8981221,
38535,184.2682805,
38536,184.0021436,
38537,183.7265415,
38538,183.8044779,
38539,183.9282911,
38540,183.8942602,
38541,183.7580041,
38542,183.4582771,
38543,183.5911965,
38544,183.2678332,
38545,183.0342616,
38546,182.54574,
38547,182.0577952,
38548,181.6808741,
38549,180.8095076,
38550,180.6095061,
38551,181.3548062,
38552,181.0367756,
38553,180.901434,
38554,180.4540452,
38555,180.7577378,
38556,180.4088237,
38557,179.8295598,
38558,179.186693,
38559,178.42369,
38560,178.8810698,
38561,179.0767579,
38562,178.1351939,
38563,177.3579329,
38564,176.7864259,
38565,176.1029115,
38566,175.556698,
38567,174.8441824,
38568,174.2280332,
38569,173.7406774,
38570,173.4068796,
38571,173.0991229,
38572,172.711374,
38573,171.030291,
38574,169.443382,
38575,168.7744887,
38576,168.4124677,
38577,166.9343885,
38578,165.0066301,
38579,163.6582337,
38580,162.1712076,
38581,161.6444507,
38582,160.0979987,
38583,158.2139341,
38584,156.9547925,
38585,156.1111435,
38586,154.9208257,
38587,153.2370688,
38588,150.6103026,
38589,149.4238254,
38590,148.6656207,
38591,147.4154244,
38592,145.7408627,
38593,144.4315246,
38594,143.1225538,
38595,142.0892129,
38596,140.1469352,
38597,138.4184498,
38598,136.6881549,
38599,136.2159317,
38600,134.4790217,
38601,132.358002,
38602,130.9124805,
38603,130.0764434,
38604,128.6881664,
38605,127.2078046,
38606,125.6875847,
38607,123.9274343,
38608,123.3390594,
38609,122.4301628,
38610,120.5500699,
38611,119.0450101,
38612,118.4757146,
38613,117.9977448,
38614,117.0633459,
38615,115.6585178,
38616,114.3121728,
38617,113.5037969,
38618,113.0297843,
38619,112.6887947,
38620,111.5722339,
38621,110.5229342,
38622,110.5940777,
38623,109.9541448,
38624,109.722574,
38625,109.5176266,
38626,109.0046067,
38627,109.0723949,
38628,109.3593539,
38629,109.8150851,
38630,110.3916753,
38631,110.97406,
38632,111.0403803,
38633,111.4655046,
38634,112.41325,
38635,113.0431681,
38636,113.425656,
38637,114.0386989,
38638,114.4601107,
38639,115.1881033,
38640,115.6828809,
38641,115.9371648,
38642,116.2817841,
38643,116.7321834,
38644,117.132139,
38645,117.3303677,
38646,118.0568682,
38647,118.2535477,
38648,118.3172567,
38649,119.0935392,
38650,120.2837364,
38651,120.7995955,
38652,121.2980532,
38653,121.7347523,
38654,122.8943729,
38655,124.3691878,
38656,125.66349,
38657,126.1105707,
38658,126.7777544,
38659,128.383763,
38660,129.5961028,
38661,130.858343,
38662,131.5328622,
38663,132.6993132,
38664,134.3025187,
38665,135.7056234,
38666,136.6937997,
38667,137.1351647,
38668,138.6775157,
38669,140.1183161,
38670,141.7575177,
38671,142.856322,
38672,142.5192012,
38673,143.6867301,
38674,144.9172484,
38675,145.5700768,
38676,146.0619778,
38677,146.840335,
38678,148.1729078,
38679,149.989048,
38680,150.3530429,
38681,150.5951964,
38682,150.8822296,
38683,151.3878416,
38684,151.4993934,
38685,151.3618132,
38686,151.2697922,
38687,151.1340375,
38688,150.4930511,
38689,150.170708,
38690,149.8270383,
38691,149.501625,
38692,149.2668592,
38693,148.8703421,
38694,148.6178085,
38695,148.7593303,
38696,148.8616035,
38697,148.6910974,
38698,148.3853051,
38699,148.2094832,
38700,147.7895759,
38701,147.4129008,
38702,147.4860299,
38703,147.4142733,
38704,147.3454093,
38705,147.5242146,
38706,147.6301729,
38707,147.7595063,
38708,148.329257,
38709,148.4728903,
38710,148.6238565,
38711,148.7041488,
38712,148.9544795,
38713,148.7081328,
38714,148.472668,
38715,148.6723063,
38716,148.8838182,
38717,149.4133375,
38718,149.4009644,
38719,149.5072595,
38720,149.9654748,
38721,150.5014185,
38722,150.6058252,
38723,150.8389441,
38724,151.3097382,
38725,151.8069394,
38726,152.2580053,
38727,152.0569798,
38728,152.5193658,
38729,153.1377744,
38730,153.8967076,
38731,154.3725344,
38732,155.0446303,
38733,156.0079356,
38734,156.8580409,
38735,157.8291714,
38736,158.3595787,
38737,159.1740774,
38738,159.6674597,
38739,159.8583966,
38740,160.4055915,
38741,161.5205459,
38742,162.4296538,
38743,162.9112971,
38744,163.2131366,
38745,164.0897684,
38746,165.2458539,
38747,166.0510684,
38748,166.6871112,
38749,167.5392162,
38750,168.2952226,
38751,169.3915402,
38752,169.9558365,
38753,169.8257105,
38754,169.8705764,
38755,170.2908563,
38756,170.3991076,
38757,169.8143387,
38758,169.924433,
38759,169.814067,
38760,169.3957046,
38761,168.9381079,
38762,168.4424444,
38763,167.6667071,
38764,167.0072698,
38765,166.4521273,
38766,166.1761493,
38767,165.6840216,
38768,165.2522354,
38769,164.7640589,
38770,164.6372367,
38771,164.3149013,
38772,164.0858386,
38773,164.0641997,
38774,163.8695472,
38775,163.7309256,
38776,163.4305918,
38777,163.0352748,
38778,163.1925757,
38779,163.0391279,
38780,162.5128355,
38781,162.2659898,
38782,162.0915628,
38783,162.2023989,
38784,162.075423,
38785,162.4099776,
38786,162.3390311,
38787,162.1966961,
38788,161.322243,
38789,160.9170824,
38790,160.6135066,
38791,160.1683335,
38792,159.2597762,
38793,159.0353411,
38794,158.8417663,
38795,158.8746874,
38796,158.6248966,
38797,158.1090056,
38798,157.0840037,
38799,157.4690973,
38800,157.387729,
38801,156.0530306,
38802,155.9069985,
38803,155.4854982,
38804,155.07639,
38805,153.7265107,
38806,153.6793904,
38807,154.1775397,
38808,153.1338592,
38809,151.0879679,
38810,150.9208946,
38811,150.8473996,
38812,150.6734161,
38813,150.3550526,
38814,151.0847252,
38815,150.0709438,
38816,148.6574407,
38817,148.5549987,
38818,148.175397,
38819,146.943347,
38820,147.0343043,
38821,145.2976292,
38822,144.1315151,
38823,142.6629857,
38824,141.3314695,
38825,140.4345875,
38826,139.2958324,
38827,137.0541337,
38828,135.1965054,
38829,134.4309014,
38830,134.0100705,
38831,132.4529357,
38832,130.6303339,
38833,129.2553993,
38834,128.2506852,
38835,127.0129455,
38836,125.9024218,
38837,124.1015158,
38838,123.4671061,
38839,122.622845,
38840,121.6040924,
38841,120.3132387,
38842,119.5275004,
38843,119.1762615,
38844,118.3299045,
38845,118.2230893,
38846,118.3420837,
38847,116.3379208,
38848,116.5129724,
38849,116.2991437,
38850,116.7253472,
38851,116.4563667,
38852,116.2575539,
38853,115.7526856,
38854,115.7406253,
38855,115.8881271,
38856,116.236766,
38857,116.4496957,
38858,116.9903062,
38859,117.5265201,
38860,118.1386674,
38861,118.3735656,
38862,118.6884854,
38863,118.5113545,
38864,118.5503133,
38865,118.5708385,
38866,118.5284216,
38867,118.4411214,
38868,118.5256795,
38869,118.7032844,
38870,118.8034081,
38871,119.0307788,
38872,119.2941827,
38873,119.5085868,
38874,119.8432941,
38875,119.7997791,
38876,119.9323391,
38877,120.0698591,
38878,119.9433993,
38879,119.3606996,
38880,119.4964961,
38881,119.6288162,
38882,119.8239419,
38883,120.2544713,
38884,120.7330355,
38885,120.7471377,
38886,120.6495744,
38887,121.0767063,
38888,121.1073315,
38889,121.21592,
38890,121.6552984,
38891,122.2103928,
38892,122.7083073,
38893,123.2761881,
38894,124.1891655,
38895,124.9281279,
38896,125.7059365,
38897,126.0563312,
38898,126.3064574,
38899,127.9286963,
38900,128.1461926,
38901,128.0866068,
38902,128.9842123,
38903,130.2132799,
38904,131.4244274,
38905,131.8708767,
38906,132.897923,
38907,133.95764,
38908,134.7117321,
38909,136.0072592,
38910,136.1670828,
38911,136.5959736,
38912,137.8831991,
38913,138.8408017,
38914,139.5048342,
38915,139.7243015,
38916,141.0132473,
38917,141.5736482,
38918,142.1112718,
38919,142.8667029,
38920,143.6671359,
38921,143.7806519,
38922,144.1175941,
38923,145.1718589,
38924,146.4854792,
38925,146.8568403,
38926,147.1992319,
38927,147.441968,
38928,147.8991582,
38929,148.4045756,
38930,149.4913776,
38931,150.2045427,
38932,150.8480547,
38933,151.6439683,
38934,152.2093692,
38935,152.6965634,
38936,153.2506471,
38937,153.6920679,
38938,153.7924303,
38939,153.5064008,
38940,153.8779769,
38941,153.730163,
38942,153.9304007,
38943,154.4011769,
38944,154.3745722,
38945,154.5926806,
38946,155.8515055,
38947,156.0144115,
38948,156.2116478,
38949,156.1106636,
38950,155.7858257,
38951,155.9341988,
38952,155.8057303,
38953,156.1034851,
38954,156.2022163,
38955,156.1571168,
38956,155.5872142,
38957,155.6112261,
38958,155.7105102,
38959,155.473281,
38960,155.5079531,
38961,155.8514245,
38962,156.0817548,
38963,156.596347,
38964,157.3384248,
38965,158.0768329,
38966,158.4298753,
38967,158.3397688,
38968,158.4970184,
38969,158.3020281,
38970,158.3852378,
38971,158.7129455,
38972,158.4123266,
38973,158.2602478,
38974,157.9569599,
38975,157.6639208,
38976,157.5566099,
38977,157.239455,
38978,157.2516987,
38979,157.2980749,
38980,156.8797836,
38981,156.8891307,
38982,156.5597718,
38983,156.4467695,
38984,155.702414,
38985,155.6319796,
38986,155.9809736,
38987,155.9117034,
38988,155.5788103,
38989,154.8972993,
38990,154.8591139,
38991,154.4414685,
38992,154.242171,
38993,153.9671053,
38994,153.0106847,
38995,152.1144069,
38996,151.5314837,
38997,151.622358,
38998,151.3738233,
38999,150.5627648,
39000,149.902793,
39001,149.6847442,
39002,149.3126292,
39003,148.2247869,
39004,147.5120194,
39005,147.0994846,
39006,146.6787921,
39007,145.9394516,
39008,145.2519374,
39009,145.283155,
39010,144.8574061,
39011,144.2239768,
39012,143.7331397,
39013,143.9270012,
39014,144.0449486,
39015,143.9436787,
39016,143.7259767,
39017,143.5461878,
39018,143.7879106,
39019,144.037396,
39020,144.4106526,
39021,144.6435302,
39022,145.1950782,
39023,145.4203029,
39024,145.5139381,
39025,145.4918586,
39026,145.0649148,
39027,144.522182,
39028,144.1271841,
39029,143.8969525,
39030,143.4875519,
39031,142.9658847,
39032,142.3151068,
39033,141.8985176,
39034,141.2272022,
39035,140.3153726,
39036,139.9201141,
39037,139.4651429,
39038,139.2616433,
39039,138.4722927,
39040,138.089251,
39041,137.266407,
39042,136.558083,
39043,136.8194879,
39044,136.2868346,
39045,135.7914709,
39046,135.8820617,
39047,136.1002165,
39048,135.9442047,
39049,136.0107253,
39050,135.7967653,
39051,135.8535619,
39052,135.5454796,
39053,135.3770942,
39054,135.5539455,
39055,136.4517551,
39056,136.7055669,
39057,136.5047845,
39058,136.7400917,
39059,136.8220708,
39060,136.8062459,
39061,136.5451352,
39062,136.8285298,
39063,135.7348042,
39064,134.7803157,
39065,133.8209163,
39066,133.862428,
39067,132.8155985,
39068,133.1648586,
39069,132.4367925,
39070,131.1990987,
39071,130.4345886,
39072,129.6850613,
39073,128.8399964,
39074,126.9840372,
39075,125.8640634,
39076,125.5435474,
39077,123.9016478,
39078,122.589859,
39079,122.5180364,
39080,122.2186641,
39081,122.4590672,
39082,122.4669693,
39083,121.3682272,
39084,120.969593,
39085,120.7312166,
39086,119.9996387,
39087,119.5563299,
39088,119.3857916,
39089,118.9102033,
39090,118.3838222,
39091,118.3225922,
39092,118.0808487,
39093,118.3366348,
39094,118.1450983,
39095,117.8972877,
39096,117.2587745,
39097,116.9807908,
39098,116.4744495,
39099,116.0401253,
39100,115.8876127,
39101,116.0608792,
39102,116.2004968,
39103,116.4165924,
39104,116.482149,
39105,116.5515784,
39106,116.1114025,
39107,115.7689609,
39108,115.6682718,
39109,115.812811,
39110,115.7616956,
39111,115.9993263,
39112,116.0446806,
39113,116.7265762,
39114,117.2852796,
39115,117.6506382,
39116,117.702201,
39117,117.6884896,
39118,117.7249644,
39119,117.7784599,
39120,117.8104261,
39121,117.6323224,
39122,118.0051101,
39123,117.9768179,
39124,117.7574022,
39125,117.6157368,
39126,117.6567475,
39127,117.4204007,
39128,117.3363705,
39129,117.3362693,
39130,117.2830112,
39131,117.5298912,
39132,117.4987207,
39133,117.7267078,
39134,118.0192775,
39135,118.5298476,
39136,119.0962787,
39137,119.6869129,
39138,120.0715901,
39139,120.739505,
39140,121.6873549,
39141,122.4689297,
39142,122.85083,
39143,123.4920283,
39144,124.7491167,
39145,125.8149181,
39146,126.1582783,
39147,126.0888867,
39148,127.0877914,
39149,127.6038628,
39150,128.0762816,
39151,128.4973416,
39152,128.5673275,
39153,128.5705983,
39154,128.7584374,
39155,128.8931031,
39156,129.1470751,
39157,129.221942,
39158,129.3504063,
39159,129.6434343,
39160,130.3265187,
39161,131.1905146,
39162,131.3241901,
39163,131.2744274,
39164,131.0396088,
39165,131.4030653,
39166,131.2600137,
39167,132.1675483,
39168,132.2363534,
39169,133.3872571,
39170,133.8242535,
39171,134.5333553,
39172,134.6679217,
39173,135.4616426,
39174,136.2745744,
39175,137.7690013,
39176,138.5175429,
39177,138.6764522,
39178,139.4652755,
39179,140.2772843,
39180,140.7559509,
39181,140.6939731,
39182,140.3021534,
39183,139.8866002,
39184,139.4139873,
39185,139.2446094,
39186,138.6301481,
39187,137.8823864,
39188,137.3843604,
39189,137.0435387,
39190,136.3080567,
39191,135.4724952,
39192,134.7792755,
39193,134.3203672,
39194,133.8551598,
39195,133.0644784,
39196,131.8302895,
39197,131.1298326,
39198,130.3444765,
39199,129.8731164,
39200,129.072264,
39201,128.535334,
39202,128.0495234,
39203,127.8838918,
39204,127.4619298,
39205,126.2529178,
39206,125.3418447,
39207,124.6717714,
39208,124.5405365,
39209,124.4382461,
39210,123.9163723,
39211,122.8071597,
39212,122.495256,
39213,121.8088566,
39214,120.946305,
39215,120.1965384,
39216,119.8554707,
39217,119.7537395,
39218,118.9705041,
39219,117.7986383,
39220,117.4872106,
39221,117.0199057,
39222,116.168005,
39223,115.702694,
39224,115.4261398,
39225,115.1874958,
39226,114.9116447,
39227,114.8526501,
39228,114.4788663,
39229,113.7975165,
39230,113.243861,
39231,113.2149845,
39232,112.8410597,
39233,112.4013028,
39234,112.1564909,
39235,111.5124007,
39236,110.7435557,
39237,110.0112228,
39238,109.5385058,
39239,109.5082746,
39240,109.3834501,
39241,108.6740026,
39242,108.1490603,
39243,107.6834992,
39244,106.8044318,
39245,105.8246708,
39246,105.2613575,
39247,105.0370451,
39248,104.4820545,
39249,103.8288591,
39250,103.1498053,
39251,103.0442343,
39252,102.7107042,
39253,101.0277661,
39254,100.3247837,
39255,99.44418414,
39256,99.39505945,
39257,98.69733139,
39258,97.55940041,
39259,96.82500716,
39260,96.4737621,
39261,95.0423292,
39262,93.29039599,
39263,92.26915257,
39264,92.36155436,
39265,91.53330684,
39266,91.45888353,
39267,91.23979127,
39268,90.6237343,
39269,89.85656892,
39270,89.32891986,
39271,89.28645193,
39272,87.93310886,
39273,87.2436314,
39274,86.21275677,
39275,85.59494395,
39276,85.4769629,
39277,84.89564431,
39278,84.06668278,
39279,83.23696891,
39280,82.75850896,
39281,81.77233796,
39282,81.37840853,
39283,80.74925673,
39284,80.63631575,
39285,80.61404451,
39286,80.12989428,
39287,79.85137993,
39288,79.33655792,
39289,79.12594238,
39290,78.83050282,
39291,78.38551171,
39292,77.91797181,
39293,77.27290666,
39294,76.88252701,
39295,76.68325827,
39296,76.45335227,
39297,76.24482782,
39298,76.24546089,
39299,75.96185121,
39300,75.93753672,
39301,75.66723262,
39302,75.14441135,
39303,74.84390278,
39304,74.42262564,
39305,73.88231038,
39306,73.37482275,
39307,72.73343869,
39308,72.40059718,
39309,72.64751274,
39310,72.81735105,
39311,72.34286951,
39312,71.85021178,
39313,71.4240791,
39314,71.40731486,
39315,71.2453408,
39316,70.76965665,
39317,70.52504645,
39318,70.65645856,
39319,71.26814361,
39320,71.21157981,
39321,71.34816025,
39322,71.24100742,
39323,71.33507187,
39324,71.52559802,
39325,71.74142544,
39326,71.88548024,
39327,71.90443894,
39328,71.93490981,
39329,72.0372569,
39330,71.94191394,
39331,71.73861528,
39332,71.59984014,
39333,71.57990374,
39334,71.59713824,
39335,71.65724579,
39336,71.84404602,
39337,71.89156694,
39338,72.01190303,
39339,72.21444268,
39340,72.29408099,
39341,72.35304157,
39342,72.39722781,
39343,72.22361754,
39344,72.03304783,
39345,71.78782051,
39346,71.57320019,
39347,71.39986958,
39348,71.37123146,
39349,71.0613946,
39350,70.79075675,
39351,70.39874132,
39352,69.98139269,
39353,69.96217081,
39354,69.68584174,
39355,69.37271747,
39356,69.29820424,
39357,69.45168314,
39358,69.2647482,
39359,69.31158397,
39360,69.43019685,
39361,69.32434439,
39362,69.39473218,
39363,69.32731762,
39364,69.35520482,
39365,69.69404109,
39366,69.76510547,
39367,69.78157331,
39368,69.85354017,
39369,69.82155268,
39370,70.01523444,
39371,69.99034034,
39372,69.95362386,
39373,69.96896678,
39374,70.04253122,
39375,70.02233573,
39376,70.01809572,
39377,70.01587758,
39378,70.03324089,
39379,70.05531591,
39380,70.05170042,
39381,70.00512,
39382,69.99871347,
39383,69.94440516,
39384,69.92268026,
39385,69.91917309,
39386,69.91720375,
39387,69.89417645,
39388,69.94114669,
39389,69.96326509,
39390,69.92037553,
39391,69.94649402,
39392,69.95392901,
39393,69.97082361,
39394,69.96332756,
39395,69.98784665,
39396,69.98628719,
39397,70.0137248,
39398,70.02135713,
39399,69.98695614,
39400,70.06647978,
39401,70.06555631,
39402,70.13122049,
39403,70.1427446,
39404,70.1213376,
39405,70.13495398,
39406,70.04493797,
39407,70.05581268,
39408,70.01799438,
39409,70.04909156,
39410,70.08526178,
39411,70.044594,
39412,70.14894199,
39413,70.08139829,
39414,70.195663,
39415,70.04866456,
39416,70.04866456,
39417,70.09694441,
39418,70.135294,
39419,70.09690095,
39420,70.07495095,
39421,70.10759913,
39422,70.11015058,
39423,70.08750839,
39424,70.06972905,
39425,70.00174439,
39426,70.00449428,
39427,70.0338111,
39428,70.05380137,
39429,70.02583961,
39430,70.09000368,
39431,70.19417547,
39432,70.18388392,
39433,70.2397631,
39434,70.17714498,
39435,70.18466276,
39436,70.18677537,
39437,70.17487947,
39438,70.13222877,
39439,70.23656231,
39440,70.21804521,
39441,70.18180716,
39442,70.17420519,
39443,70.16683367,
39444,70.18441635,
39445,70.22609457,
39446,70.32183893,
39447,70.34296583,
39448,70.34565171,
39449,70.34090511,
39450,70.37054618,
39451,70.39023866,
39452,70.51174668,
39453,70.54776591,
39454,70.56213254,
39455,70.49049623,
39456,70.44830344,
39457,70.4855809,
39458,70.60907475,
39459,70.48208946,
39460,70.63054713,
39461,70.49994449,
39462,70.55898425,
39463,70.88679321,
39464,70.61903023,
39465,70.21475493,
39466,69.97209906,
39467,69.90085987,
39468,70.25568838,
39469,69.15125614,
39470,68.80419979,
39471,68.50283408,
39472,68.44905305,
39473,68.75299502,
39474,68.33815165,
39475,68.55877082,
39476,68.58748441,
39477,68.80437504,
39478,69.26465231,
39479,69.43685469,
39480,69.36155525,
39481,69.08997597,
39482,69.1907947,
39483,69.07814453,
39484,68.89542694,
39485,68.73408884,
39486,69.88384663,
39487,69.4485697,
39488,70.17528285,
39489,70.32217942,
39490,70.01268896,
39491,70.14722775,
39492,70.48772529,
39493,70.75247676,
39494,71.0663165,
39495,71.47676573,
39496,71.81863791,
39497,71.75206104,
39498,71.26833971,
39499,72.29836044,
39500,72.2835166,
39501,71.6943556,
39502,71.24818638,
39503,70.83613193,
39504,70.18622907,
39505,69.26058454,
39506,69.00092498,
39507,68.78771406,
39508,68.58645266,
39509,68.27083633,
39510,67.88244469,
39511,67.38068354,
39512,66.25949247,
39513,65.8234746,
39514,65.25885633,
39515,64.79952343,
39516,64.53594343,
39517,64.37465036,
39518,63.77473676,
39519,63.65338638,
39520,63.19957976,
39521,63.28505956,
39522,63.0570813,
39523,63.09869439,
39524,62.66282601,
39525,62.80502401,
39526,62.65134215,
39527,62.91596814,
39528,62.78807661,
39529,62.87486013,
39530,62.81358619,
39531,63.18114186,
39532,63.84726418,
39533,64.29932296,
39534,64.95440155,
39535,64.85996516,
39536,65.88971553,
39537,66.81345081,
39538,67.21286336,
39539,67.87121285,
39540,68.62114625,
39541,69.61919087,
39542,70.74478595,
39543,71.25205002,
39544,72.04657594,
39545,73.13104132,
39546,74.37132943,
39547,75.33745505,
39548,76.26224947,
39549,77.63762613,
39550,79.18927503,
39551,79.5671143,
39552,80.69284544,
39553,81.97653103,
39554,83.198422,
39555,83.46494546,
39556,84.44709995,
39557,85.21561466,
39558,86.77756106,
39559,87.8475801,
39560,88.53236916,
39561,89.36099891,
39562,90.23167996,
39563,92.05043375,
39564,92.54795611,
39565,92.58530333,
39566,93.41567131,
39567,93.59772813,
39568,93.74106829,
39569,93.31833471,
39570,93.80180551,
39571,93.4971048,
39572,93.23587775,
39573,92.95510841,
39574,94.07542355,
39575,93.75580453,
39576,93.62837858,
39577,94.42571662,
39578,94.53900969,
39579,95.05344964,
39580,95.56561123,
39581,96.33228301,
39582,96.51004792,
39583,96.50284628,
39584,96.70430342,
39585,96.65688471,
39586,96.75347458,
39587,96.35185247,
39588,96.87648972,
39589,98.22821532,
39590,98.68986195,
39591,99.44396778,
39592,100.5246539,
39593,102.0813805,
39594,102.7951466,
39595,103.2051986,
39596,104.1178807,
39597,104.7691759,
39598,106.0068525,
39599,106.4313735,
39600,107.2103828,
39601,107.9662392,
39602,108.2601227,
39603,108.8927075,
39604,109.5118964,
39605,110.4793987,
39606,110.8415425,
39607,111.6953081,
39608,112.6468414,
39609,113.0548492,
39610,113.952748,
39611,114.8768396,
39612,115.2263104,
39613,116.4313048,
39614,116.7476084,
39615,117.8595282,
39616,118.0149959,
39617,118.0483583,
39618,119.1574497,
39619,120.0164097,
39620,120.268044,
39621,120.3937945,
39622,120.6131627,
39623,120.7718823,
39624,121.0174348,
39625,121.1219437,
39626,121.4069733,
39627,121.8175306,
39628,121.7181858,
39629,121.6960298,
39630,121.6244512,
39631,121.5787346,
39632,121.7879687,
39633,121.6656126,
39634,121.7096391,
39635,121.6298008,
39636,121.7805805,
39637,121.8621208,
39638,121.7674494,
39639,121.8349127,
39640,121.7091661,
39641,121.7145481,
39642,121.7345914,
39643,121.7626226,
39644,121.7290791,
39645,121.829862,
39646,121.9319447,
39647,121.8712482,
39648,121.8280685,
39649,121.8597715,
39650,121.7796727,
39651,121.7908427,
39652,121.8273459,
39653,121.7924196,
39654,121.7484762,
39655,121.6933158,
39656,121.8458151,
39657,121.8462616,
39658,121.8707653,
39659,121.8527298,
39660,121.6101245,
39661,121.7288655,
39662,121.7809138,
39663,121.7960706,
39664,121.7675403,
39665,121.8146711,
39666,121.8079032,
39667,121.9037229,
39668,121.9992245,
39669,122.0228497,
39670,122.0218662,
39671,122.0365324,
39672,121.9073539,
39673,121.9895895,
39674,122.0163271,
39675,121.9710979,
39676,122.0695854,
39677,122.0607915,
39678,121.9330469,
39679,121.9549077,
39680,122.1058407,
39681,122.0620908,
39682,122.2023272,
39683,122.3550668,
39684,122.5607477,
39685,122.8254506,
39686,122.8237985,
39687,122.5402511,
39688,122.5110497,
39689,122.2375711,
39690,122.1704835,
39691,122.1531101,
39692,121.9870842,
39693,121.6478685,
39694,121.6510602,
39695,121.3556836,
39696,121.1608678,
39697,121.1164437,
39698,120.9896021,
39699,120.7110274,
39700,120.1940607,
39701,119.765834,
39702,119.6716644,
39703,119.5647325,
39704,119.3095488,
39705,119.2542745,
39706,119.0265182,
39707,118.6475978,
39708,118.2926406,
39709,117.7944169,
39710,117.7212769,
39711,117.5918448,
39712,117.1546882,
39713,116.8472284,
39714,116.4566739,
39715,116.274568,
39716,116.0035342,
39717,115.7153125,
39718,115.5125837,
39719,115.4955877,
39720,115.51926,
39721,115.3699412,
39722,115.1705658,
39723,114.8518436,
39724,114.4149708,
39725,114.159966,
39726,113.8156318,
39727,113.2767197,
39728,113.1630698,
39729,113.0165673,
39730,112.9197354,
39731,112.5074148,
39732,112.3310185,
39733,112.194827,
39734,111.1720785,
39735,110.5647575,
39736,110.3757468,
39737,109.6743197,
39738,109.1793751,
39739,107.9609681,
39740,107.2914915,
39741,106.6664915,
39742,105.7834809,
39743,105.3668299,
39744,104.9451123,
39745,103.7685484,
39746,103.0238609,
39747,100.9681796,
39748,99.60329805,
39749,98.2510306,
39750,97.99864181,
39751,97.76083819,
39752,97.29728854,
39753,96.68369882,
39754,96.2383172,
39755,96.14650712,
39756,94.91300291,
39757,94.29688655,
39758,93.6048981,
39759,92.25575086,
39760,91.45332362,
39761,90.13621506,
39762,88.62331453,
39763,88.16463354,
39764,87.7531932,
39765,85.81851702,
39766,85.11786297,
39767,83.73689096,
39768,83.06831294,
39769,82.92716669,
39770,81.09036889,
39771,80.24681058,
39772,79.52513889,
39773,80.29668961,
39774,79.22337496,
39775,78.35767737,
39776,77.46696839,
39777,77.37150412,
39778,77.35203712,
39779,77.24309546,
39780,78.83433653,
39781,77.47656175,
39782,77.49731919,
39783,77.86869692,
39784,77.46019561,
39785,79.0092551,
39786,78.79301916,
39787,78.36850435,
39788,79.07046045,
39789,79.65098084,
39790,79.63791313,
39791,79.95296928,
39792,79.71455403,
39793,79.76978885,
39794,80.05291371,
39795,80.26957072,
39796,80.25102775,
39797,80.11045042,
39798,80.00649415,
39799,79.78228157,
39800,79.89760755,
39801,80.4251949,
39802,80.86581233,
39803,81.53325335,
39804,82.01605661,
39805,82.59399114,
39806,83.66503845,
39807,84.70682708,
39808,85.49890334,
39809,85.88751229,
39810,85.63618885,
39811,86.94386209,
39812,87.83702516,
39813,88.86887298,
39814,89.38360694,
39815,89.79864843,
39816,90.81646035,
39817,92.05908688,
39818,92.89722461,
39819,93.75435714,
39820,95.07561017,
39821,96.20901594,
39822,97.21929817,
39823,97.87231765,
39824,99.58034888,
39825,100.4748997,
39826,101.6542514,
39827,102.3551538,
39828,102.8368163,
39829,103.9062431,
39830,105.6089703,
39831,106.5907527,
39832,107.4049061,
39833,108.1962859,
39834,108.713037,
39835,108.811429,
39836,109.4345971,
39837,109.1154367,
39838,109.819071,
39839,111.5162294,
39840,112.8052796,
39841,113.6519155,
39842,114.2975438,
39843,116.0154056,
39844,117.8612557,
39845,118.5038192,
39846,118.4241236,
39847,118.5335038,
39848,119.6079019,
39849,119.4633844,
39850,119.5040569,
39851,119.752922,
39852,119.4374703,
39853,119.0500289,
39854,118.5788434,
39855,118.3052835,
39856,117.5962269,
39857,117.1799645,
39858,116.9198758,
39859,116.7192627,
39860,116.3207125,
39861,116.2206991,
39862,116.0831248,
39863,115.7395479,
39864,115.3868589,
39865,114.7848407,
39866,114.7709317,
39867,115.1325854,
39868,115.4363866,
39869,115.5016259,
39870,115.3528398,
39871,115.820926,
39872,116.0911908,
39873,116.0768235,
39874,116.0685528,
39875,116.0926013,
39876,116.1911913,
39877,116.5164858,
39878,116.8419704,
39879,116.8833486,
39880,116.9790613,
39881,116.67142,
39882,116.632422,
39883,116.5519652,
39884,116.5918813,
39885,116.7874531,
39886,117.0612155,
39887,117.2344348,
39888,117.2283022,
39889,117.1674716,
39890,117.5792952,
39891,117.5057323,
39892,117.5282101,
39893,117.0376588,
39894,116.5513952,
39895,116.0395476,
39896,116.1603868,
39897,116.0968448,
39898,115.9193063,
39899,115.7510059,
39900,115.5712803,
39901,115.1175536,
39902,114.6485745,
39903,114.2561126,
39904,114.1659992,
39905,113.7663454,
39906,113.4375492,
39907,112.8276427,
39908,112.3388053,
39909,111.7890813,
39910,110.5571829,
39911,109.5847695,
39912,109.0956647,
39913,108.7821645,
39914,108.0883168,
39915,107.6234187,
39916,107.1379115,
39917,106.2570113,
39918,105.7774018,
39919,104.6402118,
39920,104.0194737,
39921,102.4782296,
39922,101.3575297,
39923,101.1988517,
39924,100.815824,
39925,100.8758394,
39926,100.4874672,
39927,99.33018158,
39928,99.7187039,
39929,99.31533175,
39930,99.0193142,
39931,97.28551969,
39932,96.80755542,
39933,95.37367957,
39934,94.39445453,
39935,92.95763971,
39936,91.88750011,
39937,91.0510252,
39938,90.51695034,
39939,88.31200391,
39940,86.98288448,
39941,86.37384443,
39942,85.17013237,
39943,83.29878216,
39944,82.30059563,
39945,80.81310014,
39946,80.0669996,
39947,77.84230964,
39948,76.94861441,
39949,76.43368664,
39950,75.69200381,
39951,74.83361394,
39952,73.59431319,
39953,72.62851654,
39954,72.26470216,
39955,71.07961668,
39956,69.88258341,
39957,68.95940078,
39958,68.25329992,
39959,66.90942126,
39960,65.84387635,
39961,64.87843834,
39962,64.04763968,
39963,63.60991459,
39964,62.8238577,
39965,62.80110838,
39966,62.85424618,
39967,62.8082488,
39968,62.98517686,
39969,63.30351161,
39970,63.21087674,
39971,64.1035489,
39972,64.77302124,
39973,65.28739061,
39974,65.82808643,
39975,66.14201862,
39976,66.50344534,
39977,67.16054899,
39978,67.91598936,
39979,68.30005294,
39980,68.72825524,
39981,69.1963865,
39982,69.5869272,
39983,69.67373664,
39984,69.01642946,
39985,68.67104502,
39986,68.81993413,
39987,69.20448441,
39988,68.90769928,
39989,69.87361548,
39990,70.37243082,
39991,71.50660402,
39992,72.03143876,
39993,72.01378663,
39994,72.76807973,
39995,74.08645862,
39996,74.68260087,
39997,75.47237588,
39998,75.768561,
39999,76.89356513,
40000,78.80721207,
40001,79.79160965,
40002,80.91826415,
40003,81.75926658,
40004,83.83832085,
40005,85.6384593,
40006,86.49851694,
40007,87.46879562,
40008,88.79775271,
40009,91.06862885,
40010,93.08850599,
40011,93.18047437,
40012,95.51674352,
40013,97.68393171,
40014,98.87065615,
40015,99.95834327,
40016,101.3498428,
40017,103.8868392,
40018,105.1942963,
40019,106.3269983,
40020,106.9475722,
40021,108.7104341,
40022,111.1265649,
40023,112.5013894,
40024,113.1905476,
40025,115.7862906,
40026,118.1670511,
40027,118.5758244,
40028,120.0257863,
40029,121.2728992,
40030,122.9418468,
40031,123.9455721,
40032,124.6848926,
40033,126.3787482,
40034,129.2934101,
40035,130.606862,
40036,131.5211652,
40037,133.4674098,
40038,136.090724,
40039,137.0323742,
40040,138.559521,
40041,140.8256432,
40042,141.9387316,
40043,143.7840015,
40044,146.2061628,
40045,148.5463088,
40046,149.3720483,
40047,149.7706432,
40048,151.0080821,
40049,152.5365444,
40050,153.4501622,
40051,154.2009221,
40052,155.9454222,
40053,157.5640452,
40054,158.0806438,
40055,157.6554865,
40056,157.6266602,
40057,157.6839491,
40058,157.9468487,
40059,157.6904708,
40060,157.4027901,
40061,157.243311,
40062,156.9748715,
40063,157.1178854,
40064,156.4143479,
40065,155.9118708,
40066,155.2793323,
40067,154.7174175,
40068,154.5058955,
40069,154.0200631,
40070,153.2815571,
40071,152.6060253,
40072,152.3512096,
40073,151.73204,
40074,151.0412196,
40075,150.5214524,
40076,149.8370984,
40077,149.3790179,
40078,148.9994831,
40079,147.5395849,
40080,146.2934462,
40081,145.3583293,
40082,144.5232686,
40083,143.5057546,
40084,142.4570003,
40085,140.6650124,
40086,139.3866104,
40087,138.2085072,
40088,136.5958571,
40089,135.0187974,
40090,133.8999719,
40091,133.1624835,
40092,131.2701429,
40093,129.2308253,
40094,127.993274,
40095,127.8735795,
40096,127.5000385,
40097,126.7015704,
40098,126.1852544,
40099,125.5442039,
40100,125.3396018,
40101,125.4030972,
40102,124.8713059,
40103,124.534068,
40104,124.1339675,
40105,124.0780942,
40106,123.8928585,
40107,123.7338664,
40108,123.6721195,
40109,123.4504883,
40110,123.2903879,
40111,123.2196981,
40112,123.114757,
40113,123.0695745,
40114,123.0798049,
40115,123.1536194,
40116,122.9752563,
40117,122.8596765,
40118,122.8012571,
40119,122.8958876,
40120,122.8764411,
40121,122.7650904,
40122,122.6423822,
40123,122.6376639,
40124,122.6004746,
40125,122.5597731,
40126,122.4940019,
40127,122.3602389,
40128,122.5108408,
40129,122.267976,
40130,122.3636847,
40131,122.4772018,
40132,122.1940954,
40133,121.8841043,
40134,121.9048426,
40135,122.031483,
40136,122.0770373,
40137,122.0486247,
40138,122.169499,
40139,121.9788518,
40140,121.7851367,
40141,121.9961828,
40142,121.9916764,
40143,121.7794903,
40144,121.912873,
40145,121.701257,
40146,121.691744,
40147,121.7097608,
40148,121.8632189,
40149,121.8033101,
40150,121.7060793,
40151,121.6565821,
40152,121.676971,
40153,121.3362658,
40154,121.7529517,
40155,121.6887156,
40156,121.551013,
40157,121.705084,
40158,121.3241938,
40159,121.3929402,
40160,121.3397806,
40161,121.3987023,
40162,121.527161,
40163,121.317242,
40164,121.2760824,
40165,121.2677002,
40166,121.2085748,
40167,121.2430473,
40168,121.6181787,
40169,121.6758609,
40170,121.627822,
40171,121.5022519,
40172,121.5662074,
40173,121.4110077,
40174,121.3541734,
40175,121.1916943,
40176,121.2374814,
40177,121.3350015,
40178,121.5712679,
40179,121.5179912,
40180,121.2548602,
40181,121.3618343,
40182,121.4832298,
40183,121.1897846,
40184,121.4372235,
40185,120.6594818,
40186,120.3468807,
40187,120.2051114,
40188,119.8166436,
40189,119.1064564,
40190,118.1997426,
40191,117.4188072,
40192,116.7780001,
40193,115.7231463,
40194,114.8249589,
40195,114.3201052,
40196,113.0930844,
40197,112.5838698,
40198,111.8784759,
40199,111.2554724,
40200,110.6349508,
40201,110.0501083,
40202,109.7743806,
40203,110.2292465,
40204,110.2071246,
40205,110.3077709,
40206,109.4462453,
40207,110.3076371,
40208,109.9121791,
40209,109.7129862,
40210,108.7457149,
40211,108.5109688,
40212,108.5992451,
40213,109.5112303,
40214,109.032798,
40215,108.8321588,
40216,108.9258206,
40217,109.2206385,
40218,110.3154466,
40219,110.3978738,
40220,110.5520827,
40221,110.7997181,
40222,111.2839935,
40223,111.1205757,
40224,111.5892772,
40225,112.0263587,
40226,112.2941435,
40227,112.5519891,
40228,112.6159548,
40229,112.9603933,
40230,113.208455,
40231,113.4737886,
40232,113.5232192,
40233,113.6027725,
40234,113.3058893,
40235,113.0471379,
40236,113.0699915,
40237,113.2373681,
40238,112.9649807,
40239,113.0090467,
40240,113.2669792,
40241,113.3183062,
40242,113.5420857,
40243,113.8105785,
40244,113.6435672,
40245,113.721396,
40246,114.0134098,
40247,114.3924618,
40248,114.6627241,
40249,114.6011362,
40250,115.0622024,
40251,115.2527707,
40252,115.218379,
40253,115.6477454,
40254,116.0704132,
40255,116.7125045,
40256,116.5739458,
40257,117.0768941,
40258,117.4141125,
40259,117.6529083,
40260,117.6412421,
40261,117.4469586,
40262,117.4412784,
40263,117.9776399,
40264,118.2305128,
40265,119.0139289,
40266,119.0917303,
40267,119.3597016,
40268,119.4459982,
40269,120.2305942,
40270,120.206932,
40271,120.5780504,
40272,120.7483314,
40273,120.973531,
40274,121.9149466,
40275,121.7724288,
40276,122.3620465,
40277,123.5180431,
40278,123.8154617,
40279,125.056951,
40280,125.7001195,
40281,126.1700445,
40282,127.2023867,
40283,127.7887052,
40284,128.7878402,
40285,129.3069485,
40286,130.5750273,
40287,131.7559556,
40288,132.279543,
40289,132.8016671,
40290,133.9415233,
40291,135.8585934,
40292,137.0891501,
40293,137.8293283,
40294,138.7702784,
40295,139.2033488,
40296,140.569388,
40297,141.4532489,
40298,142.029359,
40299,141.9420335,
40300,141.0566309,
40301,141.9512853,
40302,142.3822612,
40303,143.3002545,
40304,143.1919487,
40305,142.9118846,
40306,144.1225749,
40307,144.3541867,
40308,144.0524597,
40309,144.8358071,
40310,144.7386477,
40311,144.5228335,
40312,144.6693553,
40313,144.0720412,
40314,144.0154526,
40315,144.1464055,
40316,143.4240581,
40317,143.6696314,
40318,143.868069,
40319,143.8448381,
40320,144.3003808,
40321,144.5841795,
40322,144.0802799,
40323,143.5803142,
40324,143.5604943,
40325,143.0287961,
40326,142.9814907,
40327,142.7488891,
40328,142.7089442,
40329,142.5090148,
40330,142.0448307,
40331,142.0858467,
40332,141.9018084,
40333,142.0077776,
40334,141.8353168,
40335,141.392284,
40336,140.6897392,
40337,140.6770731,
40338,140.4836176,
40339,139.8763728,
40340,139.5461532,
40341,139.0007164,
40342,138.5884441,
40343,138.4313128,
40344,137.579769,
40345,137.0878891,
40346,136.3188277,
40347,135.5934334,
40348,135.111755,
40349,134.8116267,
40350,133.6188251,
40351,133.1078911,
40352,132.9116341,
40353,132.4862157,
40354,131.4662713,
40355,130.9171829,
40356,129.2307951,
40357,128.6086535,
40358,127.7748628,
40359,127.427185,
40360,126.7490122,
40361,125.4861187,
40362,124.1649114,
40363,123.6462398,
40364,123.2604491,
40365,122.861191,
40366,121.9856335,
40367,121.3027592,
40368,120.832001,
40369,121.2269621,
40370,120.958922,
40371,119.9659882,
40372,118.9507892,
40373,119.5933638,
40374,117.9296927,
40375,118.0590988,
40376,117.1364109,
40377,118.1656459,
40378,116.9617406,
40379,116.1024757,
40380,115.5165871,
40381,114.4000803,
40382,113.7028397,
40383,113.4249398,
40384,112.7368913,
40385,111.8243489,
40386,111.925973,
40387,111.5929701,
40388,111.9697914,
40389,111.8498802,
40390,112.2238585,
40391,112.1489847,
40392,112.5483606,
40393,112.2318571,
40394,112.43706,
40395,112.2853954,
40396,112.2111416,
40397,112.5030406,
40398,113.0307225,
40399,112.2973054,
40400,112.4190749,
40401,112.2538891,
40402,112.2648003,
40403,112.0813597,
40404,111.8942594,
40405,111.8082249,
40406,110.9710485,
40407,110.6695303,
40408,110.1688772,
40409,109.863657,
40410,109.7676305,
40411,109.5879021,
40412,109.8424504,
40413,109.8887364,
40414,110.0152152,
40415,110.1878457,
40416,109.8841584,
40417,109.4801067,
40418,109.1045039,
40419,108.9227516,
40420,108.5548474,
40421,108.0340592,
40422,107.506651,
40423,107.3690326,
40424,107.4556274,
40425,107.0008898,
40426,106.9560222,
40427,106.7749209,
40428,106.5544863,
40429,106.3784464,
40430,106.3032906,
40431,105.9860214,
40432,105.8273925,
40433,105.733783,
40434,105.6573477,
40435,105.761161,
40436,105.8207077,
40437,106.0403865,
40438,106.5320433,
40439,106.7532654,
40440,106.7075641,
40441,106.9894652,
40442,107.6396888,
40443,108.3432517,
40444,108.8372471,
40445,109.208481,
40446,110.1132756,
40447,111.1538377,
40448,111.704386,
40449,112.1904288,
40450,112.8068631,
40451,113.7452032,
40452,114.7595563,
40453,115.6518739,
40454,116.6550311,
40455,117.3538614,
40456,117.4793863,
40457,118.7773765,
40458,119.6080662,
40459,120.4294606,
40460,120.7080393,
40461,120.7799637,
40462,121.0842948,
40463,121.4674171,
40464,121.463689,
40465,121.4616272,
40466,121.4043177,
40467,121.8212961,
40468,122.1929991,
40469,122.3472187,
40470,121.8925734,
40471,122.9808768,
40472,122.6055379,
40473,123.1319685,
40474,123.5582546,
40475,124.1064232,
40476,124.0199182,
40477,123.897857,
40478,124.942172,
40479,125.4141371,
40480,125.7508369,
40481,125.7943666,
40482,126.1632427,
40483,125.8885089,
40484,125.8988223,
40485,126.0158201,
40486,125.9924479,
40487,126.2990982,
40488,126.4476189,
40489,126.0288344,
40490,125.7895797,
40491,125.5522335,
40492,125.5649595,
40493,125.6696142,
40494,126.0528731,
40495,125.9684957,
40496,126.2264546,
40497,126.6876859,
40498,126.6931774,
40499,126.84786,
40500,124.8317157,
40501,126.440957,
40502,126.7963392,
40503,126.8832193,
40504,127.3827329,
40505,127.9843663,
40506,127.8973914,
40507,128.1230727,
40508,128.343472,
40509,129.1182681,
40510,129.4437063,
40511,129.6602927,
40512,129.1103112,
40513,129.5265333,
40514,129.9731896,
40515,130.625433,
40516,130.531076,
40517,130.5134079,
40518,130.6407672,
40519,130.5052604,
40520,130.4505261,
40521,130.1506346,
40522,130.2754804,
40523,129.2312431,
40524,130.1347999,
40525,129.4513172,
40526,129.3547343,
40527,128.6455922,
40528,129.2558042,
40529,128.2383296,
40530,128.8152304,
40531,128.2842736,
40532,128.0542985,
40533,127.7608723,
40534,127.6353383,
40535,127.0269068,
40536,126.9011455,
40537,127.6823982,
40538,127.2075497,
40539,126.7275707,
40540,126.7209428,
40541,126.9297926,
40542,127.0497796,
40543,127.0910426,
40544,127.3181466,
40545,127.9397743,
40546,128.7058188,
40547,128.8134953,
40548,129.3740897,
40549,129.0843953,
40550,129.2946972,
40551,129.5007654,
40552,129.2387442,
40553,129.7945771,
40554,129.1522139,
40555,130.1891748,
40556,129.4535068,
40557,129.536357,
40558,129.4344717,
40559,129.8061013,
40560,129.704818,
40561,129.3139269,
40562,130.3424169,
40563,130.2304739,
40564,130.3074498,
40565,130.4304798,
40566,130.7739696,
40567,131.3062388,
40568,131.3029207,
40569,131.9458081,
40570,132.1761035,
40571,131.7241145,
40572,132.1538804,
40573,132.2907541,
40574,131.9350507,
40575,131.7667042,
40576,131.7940763,
40577,132.5516523,
40578,132.5795512,
40579,133.0285906,
40580,133.2893496,
40581,133.9996361,
40582,134.1901355,
40583,134.5530174,
40584,134.9502433,
40585,135.0923288,
40586,135.0183441,
40587,135.047809,
40588,134.7894546,
40589,134.8308516,
40590,134.8135993,
40591,134.8024461,
40592,134.916629,
40593,134.6224344,
40594,134.6549159,
40595,134.817181,
40596,135.1660728,
40597,134.7322819,
40598,134.7713229,
40599,134.4969322,
40600,133.8924139,
40601,133.5645566,
40602,133.3517915,
40603,132.8540015,
40604,132.1545597,
40605,131.3718457,
40606,130.8471256,
40607,130.6858173,
40608,130.4907643,
40609,129.82251,
40610,128.9015667,
40611,128.9438644,
40612,128.4199373,
40613,128.3855276,
40614,128.2204617,
40615,127.3247848,
40616,127.4639826,
40617,127.2963687,
40618,126.7311318,
40619,126.2843621,
40620,126.4256092,
40621,125.9464107,
40622,124.7201918,
40623,124.7277535,
40624,124.2849893,
40625,124.0762507,
40626,123.658437,
40627,122.9014759,
40628,121.9666544,
40629,121.1161778,
40630,120.695828,
40631,119.5760247,
40632,119.1778305,
40633,119.4466883,
40634,119.3058811,
40635,118.293872,
40636,118.9327867,
40637,118.5951564,
40638,117.6763176,
40639,117.9741152,
40640,117.5956447,
40641,116.1497615,
40642,116.35564,
40643,115.8452078,
40644,115.4665304,
40645,115.0596404,
40646,113.3300366,
40647,112.4378656,
40648,111.9149542,
40649,111.3915932,
40650,111.5308035,
40651,111.8646124,
40652,110.4377098,
40653,110.0884466,
40654,109.7025793,
40655,108.7734862,
40656,108.3595825,
40657,108.5051682,
40658,108.2237425,
40659,107.8235666,
40660,107.0273105,
40661,106.7661036,
40662,106.81856,
40663,107.168031,
40664,107.1822773,
40665,107.3638699,
40666,107.8163781,
40667,107.7657088,
40668,107.9871958,
40669,108.0265664,
40670,107.8955879,
40671,107.4933431,
40672,107.2616937,
40673,107.2082659,
40674,107.3671989,
40675,107.4032571,
40676,107.5206408,
40677,107.8632098,
40678,108.1219088,
40679,108.5520314,
40680,108.8460037,
40681,109.2377684,
40682,109.2134155,
40683,108.8990689,
40684,109.121714,
40685,110.199551,
40686,110.1387633,
40687,110.9105096,
40688,111.4531405,
40689,111.6936204,
40690,112.0285564,
40691,112.2498396,
40692,112.685734,
40693,112.8818831,
40694,113.8602548,
40695,114.5592617,
40696,115.4692401,
40697,116.0199016,
40698,116.4217168,
40699,118.0856631,
40700,119.7810199,
40701,121.186181,
40702,121.8880443,
40703,123.2936475,
40704,124.967308,
40705,126.4896022,
40706,127.5672837,
40707,128.0038873,
40708,130.462668,
40709,132.2003951,
40710,133.9332425,
40711,134.9552885,
40712,135.6617662,
40713,137.1414309,
40714,137.8646994,
40715,139.3251539,
40716,139.7006071,
40717,140.246988,
40718,141.4085445,
40719,142.6206308,
40720,143.2802814,
40721,144.4916158,
40722,145.2532088,
40723,146.6117351,
40724,147.859122,
40725,148.483484,
40726,149.2229535,
40727,149.8329909,
40728,150.7524706,
40729,151.9636653,
40730,152.8064899,
40731,152.7498188,
40732,152.9159161,
40733,153.8504199,
40734,153.8117478,
40735,154.01942,
40736,153.975158,
40737,154.0526132,
40738,154.0878199,
40739,153.8268884,
40740,153.8156311,
40741,153.0488961,
40742,153.9804447,
40743,155.4176309,
40744,154.9838746,
40745,155.8525208,
40746,155.3506305,
40747,155.89964,
40748,156.3172832,
40749,156.7074867,
40750,158.0252985,
40751,158.6942275,
40752,159.2873269,
40753,159.8452097,
40754,160.3906518,
40755,161.3450908,
40756,161.9336412,
40757,162.9182683,
40758,162.9077229,
40759,163.894291,
40760,165.1619202,
40761,165.5168298,
40762,166.6596103,
40763,167.4915099,
40764,168.3029206,
40765,168.4005813,
40766,169.1070989,
40767,170.062761,
40768,170.1012512,
40769,170.7201732,
40770,171.4393847,
40771,172.0838549,
40772,172.5375718,
40773,172.8785231,
40774,173.5299778,
40775,173.8370219,
40776,174.3807569,
40777,175.0620986,
40778,175.5081819,
40779,176.2678842,
40780,176.5874372,
40781,176.0763498,
40782,175.6039104,
40783,175.7737386,
40784,175.6475338,
40785,175.4869124,
40786,175.1205716,
40787,174.7003094,
40788,174.2132424,
40789,173.6817623,
40790,172.7826394,
40791,171.8335793,
40792,171.3708358,
40793,170.8863928,
40794,170.315388,
40795,169.3120637,
40796,168.5301777,
40797,167.8914904,
40798,167.189843,
40799,166.7956635,
40800,165.1663191,
40801,163.6770282,
40802,162.7043027,
40803,161.6626972,
40804,160.3767041,
40805,159.0281957,
40806,157.7083391,
40807,157.1357475,
40808,156.1168602,
40809,153.7512543,
40810,151.1028327,
40811,150.6937098,
40812,148.763646,
40813,146.4604567,
40814,144.2123855,
40815,143.1693275,
40816,140.9384709,
40817,138.0268578,
40818,136.5204896,
40819,135.8972192,
40820,134.1498403,
40821,131.6891049,
40822,129.979217,
40823,129.0601579,
40824,125.9152619,
40825,123.660831,
40826,122.835114,
40827,121.184132,
40828,119.0738709,
40829,117.0137457,
40830,116.1034028,
40831,114.0218141,
40832,112.4425933,
40833,110.3110077,
40834,109.5390482,
40835,107.7954427,
40836,106.0249448,
40837,105.0512783,
40838,104.4181451,
40839,102.2099017,
40840,99.87594895,
40841,100.0334393,
40842,98.94379171,
40843,97.75530137,
40844,98.27768068,
40845,97.00331655,
40846,96.61684499,
40847,96.44659694,
40848,97.05990822,
40849,95.94598835,
40850,96.91337915,
40851,97.78972777,
40852,97.53145252,
40853,98.0905187,
40854,97.8673907,
40855,97.56247339,
40856,98.48802332,
40857,98.05785337,
40858,98.50515923,
40859,98.14734005,
40860,98.95445644,
40861,99.24149359,
40862,99.29976092,
40863,98.94396252,
40864,99.03875285,
40865,99.27911228,
40866,99.66225455,
40867,100.457135,
40868,100.6375565,
40869,101.5399408,
40870,101.7878083,
40871,102.3607991,
40872,102.7620468,
40873,102.7912545,
40874,102.8956797,
40875,103.0309086,
40876,103.2293249,
40877,103.1319696,
40878,103.2950959,
40879,103.3920812,
40880,103.0877485,
40881,103.3428618,
40882,103.5712929,
40883,103.6569034,
40884,103.8427058,
40885,104.2758905,
40886,104.629266,
40887,104.8826334,
40888,104.5286852,
40889,104.9202837,
40890,106.0333742,
40891,106.7737292,
40892,107.7508067,
40893,107.8851157,
40894,108.6033151,
40895,109.0718778,
40896,108.9655523,
40897,109.1676398,
40898,110.1754678,
40899,111.1142918,
40900,111.9061028,
40901,111.9468287,
40902,112.6510231,
40903,113.6475571,
40904,115.4520383,
40905,116.9762701,
40906,118.0850621,
40907,118.9834229,
40908,121.256117,
40909,122.7232119,
40910,124.0053925,
40911,124.9718,
40912,126.7454677,
40913,128.2764722,
40914,129.5590188,
40915,130.0427354,
40916,132.2749487,
40917,133.6740302,
40918,134.8505312,
40919,135.4223395,
40920,135.517559,
40921,138.3269277,
40922,139.9358799,
40923,141.1431462,
40924,141.709882,
40925,142.6636432,
40926,143.8242254,
40927,144.6046913,
40928,145.0987006,
40929,145.7212749,
40930,145.9234658,
40931,146.6515596,
40932,149.1175469,
40933,151.0230359,
40934,151.6359382,
40935,152.2324891,
40936,153.402064,
40937,155.6758635,
40938,157.0004148,
40939,157.8817826,
40940,160.437036,
40941,162.6994966,
40942,163.7129636,
40943,164.6326435,
40944,165.6946941,
40945,166.9812856,
40946,168.2557681,
40947,168.843084,
40948,169.4403784,
40949,170.5850204,
40950,171.5668409,
40951,172.8076764,
40952,172.7941064,
40953,173.4124126,
40954,174.9928503,
40955,175.6864493,
40956,175.4993491,
40957,175.0695224,
40958,174.9693794,
40959,175.222696,
40960,175.2685431,
40961,175.7145727,
40962,175.169081,
40963,175.5468517,
40964,175.5746762,
40965,175.6998319,
40966,175.4734982,
40967,174.9181681,
40968,175.0782802,
40969,174.7949993,
40970,174.3295185,
40971,174.1066553,
40972,173.8432617,
40973,173.7853062,
40974,173.6087649,
40975,173.3501781,
40976,172.9794689,
40977,172.3471361,
40978,171.1153197,
40979,170.6465197,
40980,170.6817857,
40981,170.4601704,
40982,170.462686,
40983,170.4370864,
40984,170.1576224,
40985,170.1987528,
40986,169.7873105,
40987,169.8357473,
40988,170.0345809,
40989,170.4353248,
40990,170.5274913,
40991,170.5396469,
40992,170.6882939,
40993,170.7040655,
40994,170.8342855,
40995,171.1021906,
40996,171.3052209,
40997,171.0108744,
40998,170.6810375,
40999,170.5534413,
41000,170.6799506,
41001,170.4475389,
41002,170.1139166,
41003,170.0683912,
41004,170.0948983,
41005,169.841519,
41006,169.8407003,
41007,169.9319816,
41008,169.4432844,
41009,168.8522218,
41010,168.6073101,
41011,168.0401675,
41012,167.4948857,
41013,167.9128813,
41014,167.8281093,
41015,167.4289978,
41016,167.969055,
41017,167.9413342,
41018,168.0659794,
41019,167.8707869,
41020,168.661432,
41021,168.3441273,
41022,168.31696,
41023,168.1433683,
41024,168.2694064,
41025,168.4348513,
41026,168.9971524,
41027,168.8701136,
41028,168.6512645,
41029,168.7128774,
41030,169.0531603,
41031,169.3222797,
41032,168.3983218,
41033,168.0650317,
41034,167.2658299,
41035,166.9579065,
41036,167.1711481,
41037,166.6347489,
41038,166.3582828,
41039,166.3812772,
41040,166.3109806,
41041,166.1728556,
41042,164.714665,
41043,163.809778,
41044,162.4903389,
41045,162.2038035,
41046,161.2060872,
41047,161.3786944,
41048,160.3774381,
41049,159.8971987,
41050,159.5978553,
41051,159.3952508,
41052,157.5022421,
41053,156.2108579,
41054,155.3459232,
41055,153.7311954,
41056,152.6126756,
41057,150.8539654,
41058,149.7714956,
41059,148.9018147,
41060,148.1477122,
41061,146.8324165,
41062,145.5004435,
41063,144.4168364,
41064,143.9740907,
41065,142.4325957,
41066,140.3476536,
41067,137.8484807,
41068,136.8567169,
41069,135.9962478,
41070,134.2097305,
41071,132.9893639,
41072,132.2399772,
41073,131.5043288,
41074,130.040177,
41075,128.9940402,
41076,127.9345497,
41077,127.400178,
41078,125.9301823,
41079,124.3383487,
41080,124.2429674,
41081,123.9513228,
41082,123.7232682,
41083,122.7927895,
41084,122.6046964,
41085,122.6386969,
41086,123.1042521,
41087,123.3406607,
41088,122.9145689,
41089,123.0583435,
41090,123.4285495,
41091,124.2791443,
41092,125.0458756,
41093,125.323105,
41094,125.7720378,
41095,126.2186952,
41096,126.9631008,
41097,127.7120606,
41098,128.4214506,
41099,128.9569503,
41100,129.3587811,
41101,130.337982,
41102,131.2047037,
41103,131.6765435,
41104,132.4590973,
41105,132.3477405,
41106,133.2225784,
41107,134.1195116,
41108,135.1601424,
41109,135.4803822,
41110,135.49885,
41111,135.9688031,
41112,136.6197892,
41113,136.5522298,
41114,137.0505178,
41115,136.7241702,
41116,136.8722027,
41117,136.7607127,
41118,136.287369,
41119,136.4633514,
41120,137.5458624,
41121,138.4167705,
41122,139.4599566,
41123,139.9260043,
41124,140.5050034,
41125,140.8064125,
41126,142.5909679,
41127,142.6370158,
41128,144.1657446,
41129,146.3650508,
41130,146.2311709,
41131,146.2313359,
41132,147.0608448,
41133,147.347021,
41134,147.9768738,
41135,148.5401679,
41136,148.6094602,
41137,148.9798473,
41138,150.1473669,
41139,150.9589391,
41140,152.0397785,
41141,152.8323803,
41142,153.6585531,
41143,154.8253799,
41144,156.2453705,
41145,156.8695627,
41146,157.310936,
41147,158.5226167,
41148,160.0294553,
41149,161.1675422,
41150,162.1814369,
41151,162.8177336,
41152,163.5082587,
41153,164.2683658,
41154,164.7205209,
41155,165.6109199,
41156,164.9657516,
41157,166.0976616,
41158,167.1659551,
41159,167.4177758,
41160,166.7943422,
41161,168.2310997,
41162,169.9724519,
41163,170.3959158,
41164,170.8947377,
41165,171.4963506,
41166,173.2066239,
41167,173.8080308,
41168,174.3636575,
41169,175.7280068,
41170,177.4106741,
41171,178.0524911,
41172,178.7776584,
41173,179.5020662,
41174,180.9436851,
41175,181.8903975,
41176,182.3600733,
41177,182.492861,
41178,183.4144465,
41179,184.9383209,
41180,186.0997318,
41181,186.6673576,
41182,188.2805615,
41183,189.1950333,
41184,191.2721986,
41185,192.0084783,
41186,192.4419955,
41187,193.8741053,
41188,194.5779324,
41189,195.038736,
41190,195.5561644,
41191,195.1677874,
41192,196.1020509,
41193,196.7127762,
41194,196.8925051,
41195,196.8804362,
41196,196.0062503,
41197,195.7293942,
41198,196.0665389,
41199,196.4641006,
41200,196.430383,
41201,195.7118639,
41202,195.5703767,
41203,195.7789345,
41204,195.5000228,
41205,195.6942048,
41206,195.2519602,
41207,194.9770501,
41208,194.6646765,
41209,194.6630181,
41210,194.5550487,
41211,194.204364,
41212,194.0978099,
41213,193.4669608,
41214,193.191093,
41215,192.747941,
41216,192.3753917,
41217,192.0558046,
41218,191.175099,
41219,190.2877427,
41220,190.0378169,
41221,189.8096433,
41222,189.5688706,
41223,189.346977,
41224,188.9443818,
41225,187.6226739,
41226,187.2420796,
41227,186.594077,
41228,186.6186624,
41229,185.8512332,
41230,185.7021399,
41231,185.1992286,
41232,185.5571314,
41233,185.2659977,
41234,184.8693308,
41235,184.8470388,
41236,184.0420963,
41237,184.0953656,
41238,183.7289022,
41239,183.253305,
41240,181.9555278,
41241,180.388555,
41242,180.65499,
41243,180.0070953,
41244,178.701294,
41245,177.0857568,
41246,176.544354,
41247,176.0617364,
41248,174.0223637,
41249,172.8616142,
41250,171.3058065,
41251,171.1374049,
41252,170.1462211,
41253,169.0183101,
41254,167.6091457,
41255,166.8034885,
41256,165.6405189,
41257,163.9925308,
41258,163.2680128,
41259,161.9586859,
41260,159.5122628,
41261,158.9595505,
41262,158.1353387,
41263,157.2388046,
41264,155.4361514,
41265,154.5119637,
41266,153.5887688,
41267,152.2586669,
41268,150.9632356,
41269,149.7058809,
41270,149.0410991,
41271,147.1639707,
41272,145.3125043,
41273,144.7971711,
41274,143.8811782,
41275,142.4757151,
41276,141.9154594,
41277,140.6881325,
41278,139.8204007,
41279,138.7475369,
41280,138.5554268,
41281,138.1121003,
41282,137.1910558,
41283,136.4605071,
41284,135.0661542,
41285,134.440019,
41286,133.2522427,
41287,131.5072972,
41288,130.4031877,
41289,130.2381503,
41290,129.8095988,
41291,128.6201384,
41292,127.7244613,
41293,126.9441112,
41294,126.626836,
41295,125.7462265,
41296,125.1237994,
41297,124.883272,
41298,124.827808,
41299,124.3297107,
41300,124.2174939,
41301,123.9662196,
41302,124.1038737,
41303,123.552728,
41304,122.7377678,
41305,122.3925503,
41306,122.0905864,
41307,122.0251961,
41308,122.5444272,
41309,122.7038342,
41310,122.5496606,
41311,122.5871952,
41312,123.1186088,
41313,123.4704171,
41314,123.3852111,
41315,123.0134973,
41316,123.2785897,
41317,122.8615405,
41318,123.6523637,
41319,124.4216994,
41320,124.4581668,
41321,125.0560826,
41322,126.1024932,
41323,127.1354544,
41324,127.8794528,
41325,129.3217431,
41326,131.0447294,
41327,131.4744414,
41328,132.4698362,
41329,133.4879926,
41330,134.648204,
41331,135.8484733,
41332,136.9578521,
41333,138.7864689,
41334,141.0238424,
41335,141.1815616,
41336,143.3083897,
41337,144.3424276,
41338,145.3246343,
41339,146.548503,
41340,147.9021529,
41341,149.5340982,
41342,151.1778079,
41343,151.0259522,
41344,152.3105971,
41345,152.7609534,
41346,153.7770523,
41347,153.5605733,
41348,153.6225273,
41349,154.1565626,
41350,154.4963326,
41351,154.6007998,
41352,154.0374056,
41353,154.0477492,
41354,154.2866533,
41355,154.2521917,
41356,153.577856,
41357,152.9452867,
41358,152.863295,
41359,152.1542181,
41360,151.9635339,
41361,151.2641256,
41362,150.7624035,
41363,150.1085915,
41364,149.4677781,
41365,149.1924543,
41366,148.7283035,
41367,148.2101082,
41368,147.1838124,
41369,146.6582064,
41370,146.2976111,
41371,146.3874291,
41372,146.1716711,
41373,145.6913585,
41374,144.8795931,
41375,144.4791884,
41376,143.8167263,
41377,142.7298974,
41378,141.4466027,
41379,140.9022649,
41380,140.5860775,
41381,140.5687605,
41382,140.3946267,
41383,139.2726736,
41384,138.4975403,
41385,137.3649674,
41386,137.2327993,
41387,136.6759964,
41388,136.2413847,
41389,133.8518313,
41390,132.0917153,
41391,131.7798508,
41392,130.9620362,
41393,129.9143704,
41394,129.6022376,
41395,129.0396167,
41396,128.0436145,
41397,127.4219825,
41398,125.3329949,
41399,123.8277076,
41400,123.2489615,
41401,121.8675626,
41402,120.4541482,
41403,119.1186481,
41404,117.5846206,
41405,117.1133109,
41406,116.2103121,
41407,114.1414036,
41408,112.1002065,
41409,111.0972703,
41410,109.4158353,
41411,107.0888269,
41412,105.8795556,
41413,105.4854881,
41414,103.217132,
41415,100.8270613,
41416,99.75477134,
41417,98.56332679,
41418,97.00305212,
41419,95.60787088,
41420,95.27014269,
41421,93.93939332,
41422,91.85690493,
41423,89.53165322,
41424,89.09831354,
41425,87.50000242,
41426,85.76586546,
41427,83.6493567,
41428,82.49724807,
41429,81.36593468,
41430,79.3813901,
41431,77.53040675,
41432,77.06013204,
41433,75.66453437,
41434,74.25895501,
41435,73.16631741,
41436,72.90754236,
41437,72.64471101,
41438,71.42119998,
41439,70.02075053,
41440,69.79389652,
41441,69.27340761,
41442,68.98940831,
41443,68.96513227,
41444,68.9519229,
41445,69.50777622,
41446,69.38621896,
41447,69.86286974,
41448,70.24854395,
41449,70.72143635,
41450,71.34158747,
41451,72.45743138,
41452,72.85015967,
41453,73.6591795,
41454,74.41897869,
41455,75.48182268,
41456,76.19043726,
41457,76.82090739,
41458,77.96370947,
41459,79.41328448,
41460,80.57346187,
41461,80.90862259,
41462,81.36025797,
41463,82.72298124,
41464,83.79422513,
41465,85.11974574,
41466,86.01304606,
41467,87.38173953,
41468,87.94767841,
41469,88.80383923,
41470,89.41819807,
41471,89.85189107,
41472,91.718207,
41473,94.01766942,
41474,94.7510764,
41475,95.75585779,
41476,96.99800365,
41477,97.99812215,
41478,99.40954823,
41479,100.1022658,
41480,100.4925178,
41481,102.5117052,
41482,104.2324521,
41483,105.8544814,
41484,106.3507159,
41485,106.9372251,
41486,107.7577681,
41487,107.6615862,
41488,107.9755724,
41489,107.691351,
41490,107.6427912,
41491,108.7181313,
41492,109.8176441,
41493,110.4921423,
41494,111.4233567,
41495,112.7200736,
41496,113.603262,
41497,114.3072736,
41498,114.403259,
41499,115.5105585,
41500,117.126585,
41501,118.0164237,
41502,119.1465171,
41503,120.3071637,
41504,121.7128622,
41505,122.7014551,
41506,123.3523836,
41507,124.0905221,
41508,125.661291,
41509,126.8310691,
41510,127.3865066,
41511,128.9489015,
41512,129.9910074,
41513,130.7724942,
41514,131.7545966,
41515,133.5169693,
41516,134.9428543,
41517,135.8864927,
41518,136.5049499,
41519,138.0822751,
41520,139.7615048,
41521,139.9864971,
41522,140.7656563,
41523,142.399496,
41524,144.3179397,
41525,145.1088885,
41526,146.1726985,
41527,146.9219179,
41528,147.2687245,
41529,147.315139,
41530,147.3944073,
41531,147.3851908,
41532,147.7662673,
41533,147.888001,
41534,147.9638004,
41535,147.8617572,
41536,148.1283924,
41537,148.2697991,
41538,148.0034268,
41539,147.8255418,
41540,147.4981683,
41541,146.9274758,
41542,146.4407117,
41543,145.7854811,
41544,145.1585187,
41545,144.8281631,
41546,143.9614792,
41547,143.3315331,
41548,141.909489,
41549,141.1646546,
41550,140.8814441,
41551,140.0336088,
41552,138.9507994,
41553,137.8722046,
41554,137.2873819,
41555,136.1542363,
41556,134.5432081,
41557,132.8735599,
41558,132.8225985,
41559,131.4630634,
41560,129.598842,
41561,129.1281937,
41562,128.3720953,
41563,126.8193659,
41564,126.0305059,
41565,125.2504226,
41566,125.1207169,
41567,124.1604102,
41568,123.0530889,
41569,123.1187095,
41570,122.0111019,
41571,120.6481943,
41572,119.867082,
41573,119.8065296,
41574,118.8714475,
41575,117.508118,
41576,117.1698708,
41577,116.2074717,
41578,115.1149328,
41579,114.3290658,
41580,114.2574894,
41581,113.5580465,
41582,112.8273332,
41583,112.6653911,
41584,112.1842545,
41585,111.0553145,
41586,110.8426484,
41587,110.7211347,
41588,110.4341209,
41589,110.3277916,
41590,110.1493886,
41591,109.9961494,
41592,109.3184797,
41593,109.5441912,
41594,108.5783303,
41595,107.720909,
41596,107.0499807,
41597,107.1945813,
41598,106.3233605,
41599,105.8669451,
41600,105.7749227,
41601,105.2866828,
41602,104.6220295,
41603,103.9238379,
41604,103.8435079,
41605,103.7492405,
41606,103.8573176,
41607,103.8445974,
41608,103.6749463,
41609,103.3064918,
41610,102.7311576,
41611,102.6655429,
41612,102.3714397,
41613,102.2145842,
41614,101.8822889,
41615,100.6399672,
41616,100.3586851,
41617,99.92202811,
41618,99.22585645,
41619,98.34309755,
41620,97.32166632,
41621,96.37140481,
41622,95.79404102,
41623,94.72626022,
41624,93.58680521,
41625,93.32287887,
41626,92.33713383,
41627,91.49123657,
41628,90.34245532,
41629,89.54032502,
41630,89.12731504,
41631,89.19150491,
41632,88.78111764,
41633,87.96084911,
41634,87.53677533,
41635,86.93640336,
41636,87.15560312,
41637,86.94890203,
41638,87.16094273,
41639,86.90317346,
41640,86.82359917,
41641,86.92552753,
41642,86.78244786,
41643,86.58503372,
41644,85.57113774,
41645,84.51430837,
41646,84.08743231,
41647,84.02505599,
41648,83.15504443,
41649,83.20176871,
41650,82.66232617,
41651,82.05331759,
41652,82.7068951,
41653,82.12756937,
41654,82.42060936,
41655,82.53708762,
41656,82.48523133,
41657,81.94082516,
41658,81.64537854,
41659,81.24933197,
41660,80.89991567,
41661,81.05802653,
41662,81.01013206,
41663,81.00030027,
41664,80.89821137,
41665,81.40152779,
41666,81.4936113,
41667,81.39551192,
41668,81.52885602,
41669,81.26311783,
41670,81.32277401,
41671,81.25348434,
41672,80.32718433,
41673,79.82609385,
41674,79.50764932,
41675,79.03171434,
41676,78.55401192,
41677,78.4577896,
41678,77.80061599,
41679,77.00935013,
41680,76.457465,
41681,75.33266977,
41682,74.59928042,
41683,73.7599778,
41684,73.65635602,
41685,73.52408719,
41686,72.87180249,
41687,72.83690746,
41688,72.85381609,
41689,72.35018493,
41690,71.72757377,
41691,70.67647715,
41692,70.09882122,
41693,69.34156471,
41694,68.61349433,
41695,68.05183264,
41696,67.71451851,
41697,67.33234662,
41698,66.80530822,
41699,66.37133051,
41700,66.30390084,
41701,66.16565245,
41702,65.794219,
41703,65.75032446,
41704,65.49173653,
41705,65.14195126,
41706,65.15311173,
41707,65.21645964,
41708,65.67539141,
41709,65.51223046,
41710,65.76542235,
41711,65.19966118,
41712,64.78316587,
41713,64.33451778,
41714,64.22176231,
41715,63.81137887,
41716,63.68698567,
41717,63.65308798,
41718,63.44062434,
41719,63.28992958,
41720,63.05553954,
41721,62.25584517,
41722,61.47199597,
41723,60.79658561,
41724,60.59133165,
41725,59.82594729,
41726,59.09799913,
41727,58.79911213,
41728,58.31807047,
41729,57.48210124,
41730,56.28384309,
41731,55.57514209,
41732,55.6340188,
41733,54.83537806,
41734,52.70614353,
41735,51.58826102,
41736,52.14805698,
41737,50.9240979,
41738,50.03104808,
41739,48.30456046,
41740,48.25199913,
41741,47.1807909,
41742,45.93012525,
41743,45.90464221,
41744,45.35602207,
41745,45.15894933,
41746,44.12603548,
41747,43.00089455,
41748,42.07586517,
41749,42.05518236,
41750,40.98705273,
41751,39.23651146,
41752,37.97024747,
41753,37.81151313,
41754,35.85618177,
41755,34.14874333,
41756,32.4007678,
41757,31.72635216,
41758,30.42642804,
41759,28.83661071,
41760,27.78310357,
41761,27.01414709,
41762,25.79146378,
41763,23.25766678,
41764,21.43853681,
41765,21.02103376,
41766,19.49784075,
41767,17.97632922,
41768,17.75113644,
41769,17.44745818,
41770,17.2558741,
41771,16.5434765,
41772,15.85735552,
41773,16.09259994,
41774,16.26540772,
41775,16.4715335,
41776,16.52314237,
41777,16.69520207,
41778,17.15591049,
41779,17.18607436,
41780,18.11600413,
41781,18.79624848,
41782,19.51228848,
41783,20.11102684,
41784,20.35932682,
41785,20.9002325,
41786,21.38742933,
41787,22.5683913,
41788,22.85762938,
41789,23.4854822,
41790,25.76975235,
41791,27.72367084,
41792,28.08782414,
41793,28.24704975,
41794,29.39610322,
41795,30.76551917,
41796,32.40509083,
41797,33.0800979,
41798,35.32542056,
41799,36.39916916,
41800,37.01295137,
41801,37.73268208,
41802,38.888846,
41803,41.68984886,
41804,43.1341407,
41805,44.08312774,
41806,45.86429118,
41807,48.45593503,
41808,50.95116598,
41809,51.75531211,
41810,54.05443456,
41811,56.49734088,
41812,57.71867424,
41813,58.69368408,
41814,61.05302333,
41815,63.91443742,
41816,65.30961321,
41817,66.36710789,
41818,68.67683689,
41819,71.06491561,
41820,72.57111794,
41821,74.24089261,
41822,77.71161728,
41823,79.21467872,
41824,79.99921861,
41825,82.02576338,
41826,84.20657901,
41827,86.4129092,
41828,87.2998708,
41829,90.35447757,
41830,93.10145981,
41831,93.74364726,
41832,95.23605971,
41833,98.47224439,
41834,100.8650932,
41835,101.2487229,
41836,102.3439222,
41837,104.3578633,
41838,105.3527691,
41839,106.2201979,
41840,108.6077803,
41841,110.8141659,
41842,112.1994275,
41843,112.8002133,
41844,114.0364859,
41845,116.7815386,
41846,117.4535283,
41847,119.0866457,
41848,120.9770177,
41849,121.935164,
41850,122.07829,
41851,122.4402555,
41852,124.584913,
41853,125.9065526,
41854,126.1769724,
41855,127.829354,
41856,128.6424819,
41857,128.8158333,
41858,129.1637636,
41859,129.7332971,
41860,130.3791922,
41861,131.0777853,
41862,132.5653102,
41863,132.8299528,
41864,134.2268683,
41865,135.9529667,
41866,137.3054025,
41867,137.6042048,
41868,138.9947115,
41869,140.5094013,
41870,141.0204956,
41871,141.7445316,
41872,142.2411246,
41873,142.5480273,
41874,142.8674705,
41875,144.1224907,
41876,144.9936031,
41877,145.6697511,
41878,146.0743397,
41879,146.6789163,
41880,148.4262526,
41881,148.990937,
41882,149.1918915,
41883,149.0542558,
41884,148.9416508,
41885,149.7871113,
41886,148.681224,
41887,149.3515302,
41888,149.2217689,
41889,148.5008378,
41890,148.3594107,
41891,148.4080762,
41892,147.925991,
41893,147.3851865,
41894,147.1390043,
41895,147.2802158,
41896,147.0522793,
41897,147.1885081,
41898,146.5794982,
41899,146.3612146,
41900,146.0839356,
41901,145.7971147,
41902,145.3942622,
41903,145.0580342,
41904,145.3538208,
41905,145.428683,
41906,145.4159473,
41907,145.4748953,
41908,145.7657071,
41909,145.6789157,
41910,145.3011714,
41911,145.3049227,
41912,145.0924767,
41913,145.2500962,
41914,145.0019342,
41915,144.8382236,
41916,144.5858331,
41917,144.6925059,
41918,145.074853,
41919,145.3791168,
41920,145.4295491,
41921,145.3732836,
41922,145.3715036,
41923,145.1624363,
41924,144.9355162,
41925,144.1886336,
41926,143.9494223,
41927,143.1589372,
41928,142.681869,
41929,142.412989,
41930,142.2555513,
41931,142.2919545,
41932,141.5708804,
41933,140.8763484,
41934,141.0887063,
41935,140.9370929,
41936,141.8166816,
41937,141.1347086,
41938,141.3024244,
41939,140.9660896,
41940,141.7590253,
41941,140.8305455,
41942,139.8329499,
41943,139.2090622,
41944,139.1678336,
41945,138.2842909,
41946,137.8399113,
41947,137.7824299,
41948,136.8798406,
41949,135.9570978,
41950,134.8231366,
41951,134.0185348,
41952,133.3058928,
41953,132.0603807,
41954,131.500233,
41955,130.3133775,
41956,128.887219,
41957,127.6357594,
41958,127.4366088,
41959,126.1434777,
41960,125.5984391,
41961,124.8787885,
41962,124.8673536,
41963,124.0062132,
41964,124.311074,
41965,123.7596406,
41966,123.2327043,
41967,121.7014819,
41968,118.9211683,
41969,117.5415942,
41970,117.0383374,
41971,114.7728099,
41972,113.603037,
41973,112.6517258,
41974,112.0839529,
41975,110.833483,
41976,108.6553021,
41977,107.2642769,
41978,107.2097946,
41979,107.6992909,
41980,106.7616576,
41981,106.0882775,
41982,106.0365902,
41983,105.4288568,
41984,106.0001523,
41985,105.2095554,
41986,105.677559,
41987,105.6634,
41988,105.3560861,
41989,105.1550328,
41990,105.101175,
41991,105.0325674,
41992,105.1417572,
41993,105.5410235,
41994,105.5098032,
41995,105.5693068,
41996,105.75073,
41997,106.0341951,
41998,106.3286628,
41999,106.4152398,
42000,106.8902744,
42001,107.3223071,
42002,107.5564887,
42003,107.6880788,
42004,107.9915038,
42005,107.8248399,
42006,107.665953,
42007,107.7134893,
42008,107.9038713,
42009,107.5527024,
42010,108.1036957,
42011,108.4687909,
42012,108.3520347,
42013,108.3872138,
42014,108.1315122,
42015,108.1479196,
42016,108.3531945,
42017,107.5646636,
42018,108.0009635,
42019,108.1950312,
42020,108.2168113,
42021,108.6711152,
42022,109.1173012,
42023,109.1758777,
42024,109.294065,
42025,109.2418778,
42026,109.3653495,
42027,109.481043,
42028,109.8077775,
42029,110.7152662,
42030,111.1086525,
42031,111.8090737,
42032,111.4305156,
42033,111.8086282,
42034,112.5893414,
42035,112.9140507,
42036,113.6899399,
42037,113.9410564,
42038,113.8022158,
42039,113.6064382,
42040,114.0187734,
42041,113.9933377,
42042,115.0664285,
42043,115.1423981,
42044,115.7869121,
42045,116.1917002,
42046,115.9704091,
42047,116.0201601,
42048,116.1206843,
42049,116.737369,
42050,117.2724946,
42051,118.3810051,
42052,119.1605097,
42053,119.5045831,
42054,120.5854957,
42055,121.2592249,
42056,121.7822478,
42057,122.1513957,
42058,122.8379704,
42059,124.105351,
42060,124.9273889,
42061,125.5172587,
42062,126.4809079,
42063,127.6696899,
42064,129.5003067,
42065,131.2627946,
42066,132.0825259,
42067,132.3290948,
42068,132.5293525,
42069,133.03578,
42070,133.7694261,
42071,133.7796279,
42072,133.6594959,
42073,134.2745571,
42074,134.7121425,
42075,134.9692033,
42076,134.8994255,
42077,134.7243879,
42078,134.8760705,
42079,134.1647687,
42080,133.9635353,
42081,133.8442521,
42082,134.1366589,
42083,134.0022684,
42084,133.8289357,
42085,133.4813628,
42086,132.9613927,
42087,132.9913331,
42088,133.0359426,
42089,133.0356346,
42090,132.8167842,
42091,132.4897575,
42092,132.0566931,
42093,131.7052296,
42094,131.3396267,
42095,131.0441085,
42096,130.9405127,
42097,130.808609,
42098,130.3818545,
42099,130.134105,
42100,129.1703349,
42101,128.6261085,
42102,128.3002646,
42103,127.9232906,
42104,127.9282107,
42105,127.7003378,
42106,126.6404854,
42107,126.0899861,
42108,125.903615,
42109,125.3512899,
42110,124.4492909,
42111,122.3656453,
42112,120.9801739,
42113,120.5406126,
42114,119.6850619,
42115,120.1739089,
42116,119.2374162,
42117,118.2474048,
42118,117.5088543,
42119,116.3989292,
42120,117.9525968,
42121,116.8979183,
42122,117.3268592,
42123,116.0151297,
42124,116.0850846,
42125,114.1446773,
42126,113.0694528,
42127,112.6681399,
42128,112.5166156,
42129,112.0921788,
42130,111.4032847,
42131,110.2038132,
42132,109.4154883,
42133,107.9818885,
42134,107.7636076,
42135,105.4445717,
42136,102.8261749,
42137,101.4866926,
42138,100.2699658,
42139,98.55071971,
42140,96.21544762,
42141,95.86311886,
42142,94.31375008,
42143,92.01167024,
42144,89.43760588,
42145,87.85971449,
42146,86.84194756,
42147,84.30382044,
42148,81.36424388,
42149,81.61314719,
42150,80.31061488,
42151,79.16945194,
42152,77.66114777,
42153,77.43663876,
42154,75.58360898,
42155,73.67991381,
42156,73.12267829,
42157,72.38976672,
42158,70.84618104,
42159,70.09727541,
42160,68.46344108,
42161,67.45886883,
42162,66.62118048,
42163,65.96994155,
42164,64.74613437,
42165,62.84805757,
42166,62.12894853,
42167,61.9725023,
42168,61.54336403,
42169,61.64997086,
42170,60.71389853,
42171,60.26282928,
42172,60.256003,
42173,60.16031077,
42174,60.0525859,
42175,60.46947203,
42176,60.71581907,
42177,60.70027104,
42178,59.69304059,
42179,59.35483948,
42180,59.29530157,
42181,59.3366917,
42182,59.26153426,
42183,59.45883142,
42184,59.33264257,
42185,58.96826022,
42186,58.55857721,
42187,58.18266383,
42188,57.95595487,
42189,57.88297538,
42190,57.36116758,
42191,56.94637202,
42192,55.40259612,
42193,54.23182726,
42194,53.42994349,
42195,53.05798239,
42196,52.42232169,
42197,51.33484775,
42198,50.1916749,
42199,49.49844636,
42200,48.78952001,
42201,46.84279033,
42202,44.90005045,
42203,44.81281225,
42204,44.04453497,
42205,42.85684334,
42206,42.19147945,
42207,41.79783155,
42208,41.19382182,
42209,40.46470651,
42210,40.22546118,
42211,40.61068884,
42212,40.59231531,
42213,40.07721006,
42214,40.08210715,
42215,40.04869643,
42216,39.99100645,
42217,39.87146337,
42218,39.86815126,
42219,40.48839728,
42220,40.88337141,
42221,41.9948008,
42222,42.84140589,
42223,43.6641186,
42224,44.37428088,
42225,45.69541789,
42226,47.06088964,
42227,47.20078054,
42228,48.56660904,
42229,50.51967591,
42230,52.09315085,
42231,53.70923564,
42232,54.03935727,
42233,55.80737306,
42234,57.42762776,
42235,58.8487356,
42236,60.25177218,
42237,61.8467475,
42238,63.59149343,
42239,65.0711269,
42240,66.26718243,
42241,67.68820788,
42242,69.80944831,
42243,70.95772974,
42244,73.06182768,
42245,76.70785158,
42246,77.93096031,
42247,79.55890217,
42248,81.66306938,
42249,84.24140444,
42250,84.82196368,
42251,86.91709415,
42252,90.02762497,
42253,91.36937216,
42254,92.88680385,
42255,95.49435595,
42256,97.60716363,
42257,97.7656583,
42258,99.41554336,
42259,102.2313165,
42260,103.8688321,
42261,105.3819616,
42262,107.8492758,
42263,110.1366113,
42264,111.2763129,
42265,112.6074602,
42266,115.3241164,
42267,116.4214576,
42268,117.0839829,
42269,119.0584564,
42270,120.7602278,
42271,121.9565801,
42272,122.3946159,
42273,124.0461238,
42274,125.6359585,
42275,126.8608699,
42276,127.6781662,
42277,129.4878669,
42278,129.7872439,
42279,130.9859166,
42280,131.40436,
42281,132.7534756,
42282,133.9489504,
42283,133.9756047,
42284,134.4832141,
42285,135.4783489,
42286,135.9836218,
42287,135.9114289,
42288,135.8187312,
42289,136.5365623,
42290,137.1641555,
42291,137.4979106,
42292,138.3452087,
42293,139.0861531,
42294,139.0027863,
42295,139.3232303,
42296,139.8327802,
42297,140.0561137,
42298,140.4525849,
42299,141.1211686,
42300,141.3900189,
42301,141.4182568,
42302,141.5189773,
42303,141.783337,
42304,142.1162155,
42305,142.5634615,
42306,143.1991775,
42307,142.9296464,
42308,142.7244803,
42309,142.65095,
42310,142.5406888,
42311,142.5778245,
42312,142.5491363,
42313,142.3781728,
42314,141.8915638,
42315,141.6273492,
42316,141.413148,
42317,141.5680792,
42318,141.6714613,
42319,141.5782444,
42320,141.5019759,
42321,140.91181,
42322,140.2998617,
42323,140.1497815,
42324,140.172003,
42325,139.8743215,
42326,138.9926309,
42327,138.7613284,
42328,138.0634147,
42329,136.6785218,
42330,135.8727204,
42331,135.6318551,
42332,134.5867814,
42333,133.5206351,
42334,132.8646496,
42335,131.9310875,
42336,130.3378311,
42337,129.0841368,
42338,128.8481513,
42339,127.6743811,
42340,126.1495125,
42341,125.0965111,
42342,124.7563014,
42343,123.1120564,
42344,120.7863353,
42345,119.8821814,
42346,119.7541081,
42347,118.0265583,
42348,115.9038199,
42349,114.570181,
42350,113.4505833,
42351,111.0276547,
42352,110.1949353,
42353,109.4442926,
42354,107.7031902,
42355,106.1093708,
42356,105.6039818,
42357,104.212792,
42358,102.8683846,
42359,101.6427616,
42360,101.5750017,
42361,100.1090849,
42362,99.05472722,
42363,97.78211521,
42364,97.23516704,
42365,94.88601558,
42366,92.34726215,
42367,91.9004934,
42368,90.19814509,
42369,89.06354384,
42370,88.45317183,
42371,87.20812275,
42372,86.94805645,
42373,84.63750607,
42374,82.6776939,
42375,82.65927559,
42376,82.60348109,
42377,82.08694389,
42378,80.35361183,
42379,79.79126762,
42380,80.36875253,
42381,79.60583636,
42382,79.82456024,
42383,79.2916851,
42384,78.71479085,
42385,78.2938723,
42386,77.53997226,
42387,76.9216379,
42388,76.34371716,
42389,76.78491874,
42390,76.99776716,
42391,76.11811579,
42392,75.73846275,
42393,74.89396226,
42394,73.79374919,
42395,72.22728004,
42396,71.72920435,
42397,71.16872817,
42398,70.44094289,
42399,69.36085282,
42400,68.02525816,
42401,67.54681205,
42402,66.98029572,
42403,65.0822114,
42404,64.04926113,
42405,63.29130924,
42406,62.30344609,
42407,61.43350983,
42408,60.12123906,
42409,59.81772427,
42410,59.19419967,
42411,58.18851397,
42412,57.46062757,
42413,57.06436603,
42414,56.42033556,
42415,56.58496653,
42416,56.4318634,
42417,56.75856921,
42418,57.70869828,
42419,58.07213459,
42420,58.02699324,
42421,58.98186044,
42422,59.4760327,
42423,59.96645346,
42424,60.54771136,
42425,61.81565993,
42426,63.10619218,
42427,64.57997972,
42428,64.69815148,
42429,66.38206559,
42430,67.87016548,
42431,68.75761799,
42432,69.5355482,
42433,70.87428138,
42434,72.83987422,
42435,73.84258255,
42436,74.25512568,
42437,74.61565331,
42438,75.34973798,
42439,76.19489578,
42440,76.89667833,
42441,77.44384038,
42442,78.96799211,
42443,80.21880853,
42444,80.60607295,
42445,81.4660327,
42446,83.73142976,
42447,85.00069076,
42448,86.36817489,
42449,86.47651735,
42450,88.27772072,
42451,90.67037913,
42452,93.10444081,
42453,93.45043658,
42454,95.31783157,
42455,97.45604487,
42456,99.40429369,
42457,99.6675675,
42458,101.6495766,
42459,105.019559,
42460,105.5508253,
42461,106.5550151,
42462,108.5033511,
42463,110.1637715,
42464,110.5789098,
42465,111.5157784,
42466,113.2148299,
42467,116.5264264,
42468,117.3419165,
42469,118.5799527,
42470,120.8624721,
42471,122.4157193,
42472,122.6329514,
42473,124.5611316,
42474,126.955705,
42475,127.8679546,
42476,129.0095198,
42477,130.1676753,
42478,132.5591718,
42479,134.0372017,
42480,134.8791578,
42481,136.9815443,
42482,139.0898577,
42483,140.6989641,
42484,141.4073912,
42485,143.746137,
42486,145.95045,
42487,147.342288,
42488,148.089292,
42489,150.4895987,
42490,153.8739509,
42491,154.437138,
42492,155.6790094,
42493,158.2664505,
42494,160.5420628,
42495,160.94075,
42496,163.0643226,
42497,165.9669432,
42498,168.114276,
42499,169.3289921,
42500,171.2312538,
42501,173.6264453,
42502,174.978408,
42503,176.3577679,
42504,179.5816634,
42505,181.8401417,
42506,182.9985391,
42507,185.1200967,
42508,187.8898789,
42509,188.5462869,
42510,190.5778679,
42511,192.9064856,
42512,194.6920267,
42513,195.5080646,
42514,198.1429633,
42515,199.2370016,
42516,200.478188,
42517,201.1310547,
42518,202.5152392,
42519,204.7912894,
42520,205.7621691,
42521,205.9929785,
42522,208.2755402,
42523,209.2613054,
42524,209.8180127,
42525,210.1672252,
42526,210.4369712,
42527,211.8898415,
42528,212.8335235,
42529,213.1018958,
42530,213.0030295,
42531,213.1280589,
42532,213.3369681,
42533,212.9804444,
42534,213.4771224,
42535,212.611816,
42536,212.3917162,
42537,211.9454726,
42538,211.5822158,
42539,210.9486849,
42540,210.3043658,
42541,209.865966,
42542,209.5667386,
42543,208.8679617,
42544,208.2799855,
42545,207.830636,
42546,207.2400802,
42547,206.7834536,
42548,206.3736529,
42549,205.6263217,
42550,205.2728884,
42551,204.7539662,
42552,204.5852046,
42553,204.4892382,
42554,204.4311338,
42555,204.4733869,
42556,204.9087561,
42557,204.1522231,
42558,203.7956604,
42559,203.0510717,
42560,202.9238427,
42561,202.0742599,
42562,201.4093526,
42563,200.9096603,
42564,200.9458421,
42565,200.4932727,
42566,199.5569186,
42567,199.273881,
42568,199.5850671,
42569,199.2208114,
42570,199.3014067,
42571,198.7320347,
42572,197.9563024,
42573,198.8059908,
42574,198.1369265,
42575,197.3836082,
42576,197.3058991,
42577,197.4109245,
42578,197.2906792,
42579,196.4593623,
42580,195.103774,
42581,195.0567648,
42582,194.0273268,
42583,192.7438179,
42584,192.1339174,
42585,191.521433,
42586,190.3902565,
42587,189.5059671,
42588,188.4609961,
42589,188.1163058,
42590,187.1288615,
42591,186.1970045,
42592,185.6753971,
42593,185.4026726,
42594,184.48136,
42595,183.5348642,
42596,183.426921,
42597,183.2451496,
42598,182.653701,
42599,182.1692586,
42600,182.3928902,
42601,182.7648919,
42602,182.8180953,
42603,183.2611088,
42604,183.7463201,
42605,183.6848837,
42606,184.2229325,
42607,185.066698,
42608,185.6528014,
42609,185.7272234,
42610,186.1769402,
42611,186.4307244,
42612,187.1176517,
42613,187.5975623,
42614,188.19501,
42615,189.3479378,
42616,190.3259894,
42617,190.745153,
42618,191.5315515,
42619,192.8027155,
42620,193.6067407,
42621,194.2835236,
42622,194.7644853,
42623,196.1965002,
42624,197.5381563,
42625,197.7327477,
42626,198.6850069,
42627,199.5585848,
42628,200.0521679,
42629,200.4801786,
42630,200.6245925,
42631,201.2693616,
42632,202.0915276,
42633,202.8145692,
42634,203.1179722,
42635,203.6662724,
42636,203.9883847,
42637,203.8397176,
42638,204.1519551,
42639,204.7265012,
42640,205.4767371,
42641,206.187163,
42642,206.7571697,
42643,208.0063666,
42644,208.9100455,
42645,210.7850133,
42646,210.9118561,
42647,211.6371628,
42648,212.0352244,
42649,212.1475156,
42650,211.9162412,
42651,212.0415465,
42652,212.8096902,
42653,213.3166206,
42654,213.7010153,
42655,213.6769321,
42656,213.7596718,
42657,213.4979342,
42658,213.4432095,
42659,213.4899255,
42660,213.4790873,
42661,213.910065,
42662,214.352777,
42663,215.2141768,
42664,215.6853384,
42665,216.6073464,
42666,217.6946627,
42667,218.7725593,
42668,219.2889037,
42669,218.9893365,
42670,219.6014405,
42671,220.0328345,
42672,220.3716833,
42673,220.3696773,
42674,220.0237882,
42675,220.2414599,
42676,219.6602914,
42677,219.1322346,
42678,218.1946789,
42679,217.6799512,
42680,217.0848048,
42681,216.844188,
42682,216.1230068,
42683,215.6417595,
42684,214.5001346,
42685,214.24528,
42686,213.60219,
42687,212.4863556,
42688,211.1387827,
42689,210.1936581,
42690,209.424579,
42691,208.8466654,
42692,207.7509043,
42693,207.0978488,
42694,206.2444209,
42695,205.5328592,
42696,204.3959358,
42697,202.2011268,
42698,200.9127463,
42699,199.982933,
42700,198.1107907,
42701,196.5148234,
42702,195.3334485,
42703,194.2800613,
42704,192.1090969,
42705,190.017643,
42706,188.9441766,
42707,188.6546995,
42708,187.0213303,
42709,185.3198549,
42710,184.0914989,
42711,183.1473417,
42712,180.3331289,
42713,178.4501037,
42714,177.8285043,
42715,177.0214721,
42716,175.1182474,
42717,173.5920155,
42718,172.6577001,
42719,171.3221461,
42720,169.5792232,
42721,167.3430425,
42722,166.9811602,
42723,165.0686538,
42724,163.1792026,
42725,161.968448,
42726,161.3633182,
42727,159.5660884,
42728,157.9593416,
42729,156.1323317,
42730,155.4971905,
42731,154.8234057,
42732,153.3684005,
42733,151.8891968,
42734,151.4903181,
42735,150.6421337,
42736,148.9584188,
42737,146.8312333,
42738,145.7612758,
42739,144.5779216,
42740,141.8898385,
42741,140.820668,
42742,140.3584152,
42743,140.0060849,
42744,136.9078458,
42745,135.0005944,
42746,134.3752214,
42747,132.5088046,
42748,130.3982183,
42749,128.8734634,
42750,128.9597373,
42751,128.0483812,
42752,124.9727157,
42753,124.4845017,
42754,123.7649374,
42755,121.2709415,
42756,119.8720102,
42757,118.1876308,
42758,117.6966628,
42759,116.5543491,
42760,114.7867717,
42761,112.998583,
42762,112.3652067,
42763,110.30565,
42764,109.6331819,
42765,109.0890753,
42766,109.4702629,
42767,108.5835528,
42768,108.0628693,
42769,107.1746088,
42770,107.272165,
42771,106.883441,
42772,106.9256738,
42773,107.0433964,
42774,106.7362213,
42775,107.0246885,
42776,107.5247856,
42777,107.8871748,
42778,107.9289589,
42779,108.4206952,
42780,109.4299917,
42781,109.9535989,
42782,110.6120161,
42783,111.1760463,
42784,112.4237937,
42785,113.436542,
42786,114.4129562,
42787,115.0767837,
42788,115.8319398,
42789,117.2036054,
42790,118.0468101,
42791,118.2450542,
42792,118.7263051,
42793,119.8965266,
42794,120.5843298,
42795,121.3608934,
42796,122.1230951,
42797,123.2316779,
42798,123.2989719,
42799,123.7868283,
42800,124.3583592,
42801,125.5342277,
42802,126.0017294,
42803,125.9513065,
42804,126.0613435,
42805,127.1517684,
42806,127.7222678,
42807,128.0790585,
42808,128.7712614,
42809,129.3628774,
42810,129.6220974,
42811,129.5830429,
42812,130.4013747,
42813,131.2714351,
42814,131.7214952,
42815,132.1024432,
42816,133.0932004,
42817,134.0177521,
42818,134.2695939,
42819,135.2448878,
42820,136.2651598,
42821,137.3732722,
42822,137.5315116,
42823,138.5080624,
42824,140.0012491,
42825,141.6425838,
42826,142.2294793,
42827,142.9918757,
42828,144.3534691,
42829,145.2924598,
42830,146.6510904,
42831,146.9357403,
42832,148.5812054,
42833,150.5809871,
42834,151.9324657,
42835,152.9097538,
42836,154.5940772,
42837,155.9421974,
42838,157.1120935,
42839,157.8066125,
42840,159.2353768,
42841,160.9723665,
42842,161.9986005,
42843,162.3038746,
42844,163.0428329,
42845,164.4529842,
42846,165.6393346,
42847,166.7379822,
42848,167.6237014,
42849,169.1376138,
42850,170.7537477,
42851,171.7562901,
42852,171.7377444,
42853,172.2466418,
42854,172.5713787,
42855,173.5512977,
42856,173.8370798,
42857,175.3652064,
42858,176.0199865,
42859,175.6099817,
42860,175.900471,
42861,175.6018342,
42862,175.5083637,
42863,175.353494,
42864,175.3907953,
42865,174.5979782,
42866,174.0487207,
42867,174.1235924,
42868,174.2063497,
42869,173.6692007,
42870,173.2086165,
42871,172.8230953,
42872,172.8486534,
42873,172.4186442,
42874,171.9820492,
42875,171.2522021,
42876,170.7727389,
42877,170.5012548,
42878,170.2209419,
42879,169.7016584,
42880,168.924547,
42881,167.9127802,
42882,167.4205829,
42883,167.1175233,
42884,166.5399688,
42885,165.8766194,
42886,165.282195,
42887,164.8744597,
42888,164.3900299,
42889,163.1723539,
42890,162.0628195,
42891,161.1444459,
42892,160.665259,
42893,159.3104574,
42894,157.9877494,
42895,157.3852744,
42896,156.9515021,
42897,155.2911555,
42898,153.6693821,
42899,153.2204339,
42900,152.4573089,
42901,151.1714176,
42902,149.7945072,
42903,149.3251479,
42904,147.580779,
42905,146.1083187,
42906,144.9396162,
42907,144.3601888,
42908,143.1127469,
42909,141.7998821,
42910,140.624105,
42911,139.9250299,
42912,137.4817932,
42913,136.3927531,
42914,135.8186299,
42915,134.6433508,
42916,132.9608956,
42917,132.1068494,
42918,131.3878093,
42919,129.2427769,
42920,127.5334867,
42921,126.46044,
42922,125.7150985,
42923,124.6711245,
42924,123.322075,
42925,122.322871,
42926,122.1507974,
42927,120.445117,
42928,118.2145279,
42929,116.0575922,
42930,115.4825612,
42931,114.8545015,
42932,113.4820961,
42933,112.5794188,
42934,111.2018685,
42935,110.7437994,
42936,109.8212734,
42937,109.0390594,
42938,107.0978047,
42939,106.7946459,
42940,106.4513278,
42941,106.5061616,
42942,106.7509462,
42943,106.7449692,
42944,106.8911109,
42945,107.2773931,
42946,106.5875383,
42947,106.2243981,
42948,106.5515265,
42949,106.7534605,
42950,106.7086321,
42951,106.8951859,
42952,107.5584618,
42953,107.3817053,
42954,107.7435165,
42955,107.3280203,
42956,107.0286594,
42957,107.1569324,
42958,107.3212318,
42959,107.1722641,
42960,107.1266908,
42961,107.1903652,
42962,107.5563009,
42963,107.8379551,
42964,108.1300829,
42965,108.4439074,
42966,108.665434,
42967,109.4002183,
42968,110.0227135,
42969,110.4998305,
42970,110.6721703,
42971,110.9393924,
42972,111.6604852,
42973,112.7877806,
42974,113.250304,
42975,114.0708222,
42976,115.5103429,
42977,116.8918579,
42978,117.6293325,
42979,117.8727569,
42980,118.8159687,
42981,119.8533727,
42982,120.7392151,
42983,122.0422749,
42984,123.7400553,
42985,124.7659342,
42986,125.1876491,
42987,126.387792,
42988,127.8003361,
42989,128.856943,
42990,130.1366103,
42991,130.7428997,
42992,133.1021358,
42993,134.9272559,
42994,135.2718903,
42995,136.2042943,
42996,137.6489568,
42997,138.6790814,
42998,138.7608802,
42999,139.2944636,
43000,140.1112864,
43001,140.9493674,
43002,141.6536808,
43003,141.4762342,
43004,141.9213857,
43005,142.5457835,
43006,143.2885639,
43007,143.6906733,
43008,143.7508947,
43009,144.3996378,
43010,145.3675747,
43011,145.5220561,
43012,145.8487209,
43013,146.1684205,
43014,145.959588,
43015,145.9551166,
43016,145.6638754,
43017,145.2769731,
43018,145.1590018,
43019,145.0682903,
43020,144.8490932,
43021,145.0441507,
43022,145.4955375,
43023,146.4282732,
43024,146.3087934,
43025,146.4247173,
43026,146.7476832,
43027,147.0256739,
43028,147.4444708,
43029,147.6528165,
43030,148.049661,
43031,148.4967864,
43032,148.5950424,
43033,148.3576088,
43034,148.6110179,
43035,149.3682843,
43036,150.1136654,
43037,150.29077,
43038,151.0164283,
43039,151.2334367,
43040,151.6586382,
43041,151.5724681,
43042,151.3774642,
43043,151.3718962,
43044,151.4040611,
43045,151.3305545,
43046,151.2547446,
43047,151.153949,
43048,151.213387,
43049,150.9554355,
43050,150.7904635,
43051,150.4381473,
43052,150.1340416,
43053,149.5863057,
43054,148.9035183,
43055,148.2086082,
43056,147.2862271,
43057,147.1772071,
43058,146.6270528,
43059,146.1520383,
43060,145.3361033,
43061,145.0118353,
43062,144.5700895,
43063,144.0406931,
43064,143.264644,
43065,142.4393092,
43066,141.863398,
43067,141.416848,
43068,141.1267851,
43069,140.2099595,
43070,139.2160421,
43071,138.4481701,
43072,138.1770865,
43073,137.2105925,
43074,135.8544169,
43075,134.9385512,
43076,134.069428,
43077,133.7933455,
43078,133.1678922,
43079,132.6730762,
43080,132.4757784,
43081,131.6045452,
43082,130.884175,
43083,129.9701027,
43084,129.1819056,
43085,129.1312015,
43086,128.8543791,
43087,128.2338195,
43088,127.5238092,
43089,127.3115501,
43090,126.5385084,
43091,125.7040957,
43092,125.4529466,
43093,125.4377668,
43094,125.3564078,
43095,125.2223565,
43096,125.0340453,
43097,124.8040995,
43098,124.7340598,
43099,124.5783796,
43100,124.7350519,
43101,124.7325953,
43102,125.1342468,
43103,125.3346927,
43104,125.3464243,
43105,125.2673993,
43106,124.9803242,
43107,124.7166549,
43108,124.7613191,
43109,124.7656944,
43110,124.6953801,
43111,124.4525435,
43112,124.2542299,
43113,124.1243285,
43114,123.7868258,
43115,123.4042959,
43116,122.9578086,
43117,121.9156054,
43118,121.2000063,
43119,120.3458414,
43120,120.0777674,
43121,119.6060875,
43122,118.8888162,
43123,118.6269465,
43124,118.4688805,
43125,117.93694,
43126,117.7276226,
43127,116.878398,
43128,116.5447552,
43129,116.3242898,
43130,115.6912732,
43131,115.3982446,
43132,114.9074077,
43133,114.8030107,
43134,114.6423959,
43135,114.3316376,
43136,114.2497396,
43137,113.6713635,
43138,113.6544359,
43139,113.3564084,
43140,113.2792383,
43141,113.9318537,
43142,113.9166326,
43143,113.7282717,
43144,113.7079324,
43145,114.1296321,
43146,113.1390243,
43147,112.3024576,
43148,111.793165,
43149,111.4103142,
43150,110.6738819,
43151,109.7773517,
43152,109.288428,
43153,109.2336856,
43154,109.179814,
43155,108.5298876,
43156,107.8647748,
43157,107.5296593,
43158,107.4869001,
43159,107.0878203,
43160,106.5621695,
43161,106.3075985,
43162,106.2495773,
43163,106.09651,
43164,105.9720979,
43165,106.0482638,
43166,106.1117401,
43167,106.4251996,
43168,106.8846956,
43169,107.5217574,
43170,107.9288207,
43171,108.7682036,
43172,109.8922966,
43173,110.9271148,
43174,111.3803735,
43175,112.0847526,
43176,113.2498462,
43177,114.1118815,
43178,114.7389533,
43179,115.3449707,
43180,116.0089445,
43181,117.0120921,
43182,118.0269374,
43183,118.5740891,
43184,119.2915023,
43185,121.2574431,
43186,122.0334718,
43187,123.5279068,
43188,123.7694856,
43189,125.4802099,
43190,127.2612087,
43191,128.0266085,
43192,128.9585448,
43193,130.2622144,
43194,131.8086153,
43195,132.8802853,
43196,133.3725035,
43197,134.083761,
43198,136.4302624,
43199,138.0164096,
43200,138.9055718,
43201,140.0236849,
43202,141.8552464,
43203,143.4847574,
43204,144.1195717,
43205,145.9195165,
43206,147.4962363,
43207,150.2550134,
43208,150.7183941,
43209,151.9972904,
43210,153.2479405,
43211,155.0487984,
43212,155.8310403,
43213,156.810615,
43214,158.2137467,
43215,161.084087,
43216,161.9924234,
43217,163.0125566,
43218,164.5208157,
43219,165.7903906,
43220,166.6922607,
43221,167.4364668,
43222,167.8992023,
43223,168.0001623,
43224,169.111787,
43225,169.0617393,
43226,169.7899333,
43227,170.3079712,
43228,170.2908431,
43229,170.5658246,
43230,170.1064677,
43231,169.279312,
43232,168.9989479,
43233,169.1003815,
43234,169.0287223,
43235,168.6191597,
43236,168.0715346,
43237,167.4324534,
43238,166.8883245,
43239,166.6218931,
43240,166.061916,
43241,165.2898199,
43242,164.3826731,
43243,163.3657139,
43244,162.9463217,
43245,162.2838444,
43246,161.397962,
43247,160.8247378,
43248,160.5257579,
43249,159.8630479,
43250,159.5747728,
43251,159.1891046,
43252,158.0326033,
43253,157.4043459,
43254,156.8730883,
43255,155.6069452,
43256,154.0491645,
43257,153.1576936,
43258,152.4436809,
43259,151.9152491,
43260,150.0073896,
43261,147.391318,
43262,146.7117182,
43263,146.6637734,
43264,144.7528478,
43265,142.6448366,
43266,140.7961458,
43267,140.0669446,
43268,138.4759352,
43269,136.4594697,
43270,134.0322118,
43271,133.2992699,
43272,131.4259273,
43273,129.9224161,
43274,128.3106047,
43275,127.8190551,
43276,126.6801661,
43277,125.6088694,
43278,122.3894689,
43279,120.6722621,
43280,120.3192353,
43281,117.4248784,
43282,115.7718284,
43283,113.5661726,
43284,112.9099833,
43285,111.1231501,
43286,108.6471775,
43287,106.9880923,
43288,106.2967113,
43289,104.5069092,
43290,103.0994781,
43291,102.3473339,
43292,101.1967743,
43293,100.9599921,
43294,98.9651414,
43295,98.43226371,
43296,97.4381171,
43297,96.20867438,
43298,95.71898914,
43299,95.56002076,
43300,95.50853309,
43301,95.77160262,
43302,95.74599891,
43303,95.26530413,
43304,94.72087918,
43305,94.72106321,
43306,95.08021381,
43307,95.5094511,
43308,96.01311862,
43309,96.19031232,
43310,96.84279114,
43311,97.47084557,
43312,97.79180932,
43313,98.07876328,
43314,98.35731506,
43315,98.6512637,
43316,99.13531105,
43317,99.48398331,
43318,100.0731775,
43319,100.6448726,
43320,101.7147991,
43321,102.9574643,
43322,103.8364359,
43323,104.4148868,
43324,105.1932086,
43325,106.8177537,
43326,107.9219713,
43327,108.4585592,
43328,110.0488744,
43329,111.8156109,
43330,113.1631796,
43331,113.6991213,
43332,115.3258531,
43333,117.1301688,
43334,118.2005662,
43335,118.8365052,
43336,121.2579311,
43337,123.0480142,
43338,124.0010231,
43339,125.1287089,
43340,127.5126455,
43341,129.5156446,
43342,129.969774,
43343,131.5578476,
43344,133.7972864,
43345,135.1279127,
43346,135.9753234,
43347,137.562356,
43348,139.5127478,
43349,140.6313121,
43350,141.3009816,
43351,142.3180768,
43352,144.2170168,
43353,146.4711564,
43354,147.1683517,
43355,148.355547,
43356,149.7786425,
43357,150.7629939,
43358,151.6065338,
43359,151.8056552,
43360,152.344204,
43361,153.4547368,
43362,154.3842755,
43363,154.7036394,
43364,154.7341431,
43365,154.8571149,
43366,154.3780564,
43367,154.377339,
43368,154.3767951,
43369,154.0446132,
43370,154.0840452,
43371,154.1669749,
43372,154.57147,
43373,154.3458661,
43374,154.5900319,
43375,154.280521,
43376,153.8506655,
43377,153.1272123,
43378,152.5447041,
43379,151.8428944,
43380,151.483808,
43381,151.2028605,
43382,150.7858159,
43383,149.4862026,
43384,149.167924,
43385,148.4878349,
43386,148.1147572,
43387,147.6137424,
43388,146.0304994,
43389,145.2174684,
43390,144.805605,
43391,144.2911463,
43392,143.3078503,
43393,142.3905437,
43394,141.3035327,
43395,140.4971885,
43396,139.5134148,
43397,137.8639442,
43398,136.1272449,
43399,135.3939901,
43400,135.0922114,
43401,133.9007176,
43402,132.3585311,
43403,131.2299644,
43404,130.5669764,
43405,129.7338651,
43406,127.761668,
43407,126.5722243,
43408,126.0555057,
43409,124.608404,
43410,122.8332208,
43411,121.6380708,
43412,121.3724265,
43413,120.0900257,
43414,117.9247057,
43415,117.1385744,
43416,116.5124788,
43417,114.5798755,
43418,113.1311609,
43419,112.1389352,
43420,111.5194767,
43421,109.3586624,
43422,107.2045877,
43423,106.352614,
43424,106.1828953,
43425,104.5885896,
43426,103.1864481,
43427,101.8252593,
43428,101.5148808,
43429,100.6299002,
43430,99.15472814,
43431,97.7649485,
43432,97.0531653,
43433,96.63469585,
43434,95.9922503,
43435,94.55574639,
43436,93.94044711,
43437,92.7146509,
43438,92.34548746,
43439,90.89814692,
43440,89.43577433,
43441,87.84544714,
43442,86.95794301,
43443,86.08152243,
43444,84.51197597,
43445,84.65835874,
43446,84.37535431,
43447,83.9045456,
43448,83.45331543,
43449,83.32544127,
43450,82.99793622,
43451,81.57788216,
43452,80.89092256,
43453,80.68706897,
43454,79.69326576,
43455,79.4795422,
43456,78.46591166,
43457,78.70966104,
43458,77.3146937,
43459,77.40651513,
43460,77.50681787,
43461,77.96393606,
43462,77.87045613,
43463,77.51991043,
43464,77.70465414,
43465,77.73857543,
43466,77.71229941,
43467,78.24187274,
43468,78.30575107,
43469,78.35610645,
43470,78.72363006,
43471,79.05061685,
43472,78.92304757,
43473,79.12286689,
43474,79.39444606,
43475,80.0955661,
43476,80.21851466,
43477,80.46519931,
43478,80.56680597,
43479,81.18375129,
43480,81.80224766,
43481,82.50858593,
43482,83.28008557,
43483,83.48796504,
43484,84.63834063,
43485,85.34487721,
43486,86.01859663,
43487,86.31115282,
43488,86.34880628,
43489,86.73344216,
43490,86.71596215,
43491,87.31938296,
43492,87.84127316,
43493,88.3546271,
43494,89.04416959,
43495,89.89614581,
43496,90.43782663,
43497,91.1563403,
43498,91.35440508,
43499,91.18076005,
43500,93.00772267,
43501,93.83918216,
43502,94.71246873,
43503,95.56530882,
43504,96.90229138,
43505,98.27439202,
43506,99.33047983,
43507,99.88291379,
43508,100.7673585,
43509,102.0712188,
43510,104.2055815,
43511,105.026824,
43512,105.8568978,
43513,107.3301702,
43514,109.1872405,
43515,111.1922806,
43516,111.917406,
43517,113.824239,
43518,115.5326225,
43519,117.2336332,
43520,117.3738077,
43521,118.6428186,
43522,120.4698083,
43523,122.0856611,
43524,123.2345315,
43525,123.9214734,
43526,125.8138626,
43527,128.1285662,
43528,129.266728,
43529,129.3716065,
43530,130.4558837,
43531,132.1269335,
43532,133.1497845,
43533,133.9295769,
43534,134.0817633,
43535,136.0842368,
43536,137.6790201,
43537,137.9531464,
43538,138.9434775,
43539,139.5405804,
43540,140.0126587,
43541,139.8895978,
43542,139.8729552,
43543,139.2393309,
43544,139.1848286,
43545,139.0984246,
43546,138.747703,
43547,138.4025871,
43548,138.2327872,
43549,137.6658476,
43550,137.2562156,
43551,137.1068203,
43552,136.7424235,
43553,135.990705,
43554,135.1354734,
43555,134.5845974,
43556,133.6554788,
43557,133.4715046,
43558,133.3249723,
43559,132.5015751,
43560,131.8730105,
43561,131.2514876,
43562,130.8455822,
43563,130.3261649,
43564,130.3236074,
43565,129.6884469,
43566,128.8517039,
43567,128.7085719,
43568,128.4005198,
43569,128.0589454,
43570,126.616634,
43571,125.8099057,
43572,124.7163771,
43573,124.4713089,
43574,123.4054715,
43575,122.1244762,
43576,119.6837731,
43577,118.1682144,
43578,117.6406844,
43579,116.556348,
43580,115.6201411,
43581,114.2368983,
43582,113.4966763,
43583,112.7668643,
43584,111.1687214,
43585,108.3677231,
43586,107.3488504,
43587,107.0732556,
43588,105.3454068,
43589,102.9273349,
43590,101.9473861,
43591,100.9643685,
43592,99.75453769,
43593,97.84568875,
43594,95.53141059,
43595,95.59656069,
43596,94.46681565,
43597,92.28464884,
43598,90.28055583,
43599,89.4950265,
43600,88.18169669,
43601,87.87549333,
43602,85.10816841,
43603,85.90095136,
43604,85.08874211,
43605,84.16863626,
43606,83.67032665,
43607,82.9204623,
43608,81.25398386,
43609,81.25469843,
43610,81.56530912,
43611,82.03915334,
43612,80.46282908,
43613,79.92236675,
43614,79.68775741,
43615,79.20170281,
43616,78.8031042,
43617,78.05840765,
43618,78.07000981,
43619,77.95409807,
43620,78.33504921,
43621,78.15232742,
43622,78.59014797,
43623,78.529148,
43624,78.76529152,
43625,79.15866023,
43626,79.79490389,
43627,80.38483367,
43628,80.6284846,
43629,80.67861763,
43630,80.75298592,
43631,81.03791933,
43632,81.6351502,
43633,82.30688908,
43634,82.78371021,
43635,83.14004518,
43636,84.02177094,
43637,84.52721804,
43638,85.177032,
43639,85.45026404,
43640,85.64262227,
43641,86.69097902,
43642,87.8576801,
43643,88.73167494,
43644,89.07116708,
43645,89.35260064,
43646,90.47584196,
43647,91.63115424,
43648,92.77309584,
43649,93.61559124,
43650,93.90609263,
43651,94.62577062,
43652,96.00555696,
43653,97.58011495,
43654,98.48108702,
43655,99.40874352,
43656,100.367564,
43657,102.3267728,
43658,103.6655146,
43659,104.7937674,
43660,105.6433294,
43661,106.8390878,
43662,109.3980154,
43663,110.2931849,
43664,111.2406609,
43665,112.6779528,
43666,114.4747332,
43667,116.1532706,
43668,117.019432,
43669,119.2131088,
43670,121.4786058,
43671,123.4931665,
43672,124.1663498,
43673,125.5947922,
43674,127.3896544,
43675,128.3169769,
43676,129.6573434,
43677,129.7060215,
43678,131.4544681,
43679,132.5602271,
43680,134.9850454,
43681,136.5953378,
43682,136.9908194,
43683,138.8728018,
43684,140.6098428,
43685,142.4790625,
43686,143.1154076,
43687,144.2901123,
43688,146.6167048,
43689,148.218475,
43690,148.6796655,
43691,149.8705821,
43692,150.8668615,
43693,151.6076437,
43694,151.6672238,
43695,152.0611775,
43696,152.948975,
43697,154.2236905,
43698,154.5006961,
43699,155.1386505,
43700,156.7020444,
43701,157.7905028,
43702,158.354383,
43703,158.9152097,
43704,159.0505354,
43705,159.4454584,
43706,160.5576797,
43707,161.0598346,
43708,161.2225998,
43709,161.246291,
43710,161.3654094,
43711,161.8063744,
43712,162.1177966,
43713,162.5320544,
43714,162.5156862,
43715,162.9138339,
43716,163.3491287,
43717,164.1430656,
43718,164.4322529,
43719,164.6135274,
43720,165.1847804,
43721,165.8015952,
43722,166.0316779,
43723,166.189354,
43724,167.3489791,
43725,168.0154024,
43726,168.1384741,
43727,168.6567838,
43728,169.1503756,
43729,169.4341386,
43730,169.1835394,
43731,169.0850001,
43732,168.7855513,
43733,168.4375076,
43734,167.9877581,
43735,167.7281043,
43736,167.5769808,
43737,167.3963462,
43738,167.0112386,
43739,166.4538478,
43740,166.2027542,
43741,165.7866378,
43742,165.6098926,
43743,165.096411,
43744,164.5274614,
43745,164.2115458,
43746,163.4957994,
43747,162.0819257,
43748,161.7522034,
43749,161.9152398,
43750,160.8392634,
43751,159.8926805,
43752,159.2799702,
43753,158.4512265,
43754,158.7579132,
43755,158.3586951,
43756,158.0876442,
43757,157.1215213,
43758,155.7538378,
43759,154.3031209,
43760,153.697899,
43761,153.0981257,
43762,151.4496375,
43763,150.201166,
43764,149.1582565,
43765,148.0205522,
43766,147.4411541,
43767,144.7471316,
43768,142.9843557,
43769,141.97671,
43770,141.4403002,
43771,139.4978947,
43772,137.1602026,
43773,136.2955133,
43774,134.2879465,
43775,131.4182752,
43776,129.9937363,
43777,129.763313,
43778,128.2329875,
43779,125.3525727,
43780,123.5485354,
43781,122.490866,
43782,121.1423465,
43783,119.6876991,
43784,117.9367737,
43785,117.1130081,
43786,116.0388521,
43787,114.866132,
43788,114.0772099,
43789,113.3056687,
43790,113.4689713,
43791,112.3911664,
43792,108.8222132,
43793,106.8437302,
43794,107.6658992,
43795,106.0286954,
43796,104.5919259,
43797,105.1447649,
43798,104.6591909,
43799,103.4897336,
43800,103.3421387,
43801,103.278447,
43802,103.2912566,
43803,103.6493468,
43804,103.9791132,
43805,104.7047081,
43806,103.8623859,
43807,103.9283568,
43808,104.0930152,
43809,104.1254121,
43810,104.1083365,
43811,104.3165559,
43812,103.7710677,
43813,103.8545962,
43814,104.4209657,
43815,104.7017955,
43816,104.0348833,
43817,103.6729885,
43818,103.7608102,
43819,104.279348,
43820,104.8393434,
43821,105.6589023,
43822,105.7398954,
43823,105.844721,
43824,106.4226084,
43825,106.8807851,
43826,107.9499516,
43827,108.4490983,
43828,108.5571588,
43829,109.2692861,
43830,110.1500526,
43831,110.6854218,
43832,111.842161,
43833,111.8846712,
43834,113.4657235,
43835,114.7326576,
43836,115.7632586,
43837,116.3894645,
43838,117.0630958,
43839,118.8032005,
43840,120.4110632,
43841,120.5566388,
43842,122.9606413,
43843,124.5433052,
43844,124.8707981,
43845,125.5919533,
43846,127.4330636,
43847,129.0421426,
43848,129.649535,
43849,130.6495722,
43850,132.2197753,
43851,133.688004,
43852,134.5674298,
43853,135.6916209,
43854,136.9739624,
43855,138.4924413,
43856,139.4155932,
43857,139.270946,
43858,139.52593,
43859,140.8235888,
43860,141.4993861,
43861,141.5842657,
43862,141.7426322,
43863,141.6445228,
43864,142.1362346,
43865,142.4020628,
43866,142.8545901,
43867,142.6951507,
43868,143.0162312,
43869,144.2939939,
43870,145.4467742,
43871,145.486963,
43872,145.5880875,
43873,147.1161301,
43874,147.3797823,
43875,148.7381114,
43876,149.1747349,
43877,149.5191544,
43878,150.7128712,
43879,152.2089165,
43880,153.3928794,
43881,153.8366134,
43882,154.5651266,
43883,156.4180394,
43884,157.7722022,
43885,158.1937003,
43886,160.2078005,
43887,161.7770987,
43888,163.5089179,
43889,164.2224722,
43890,164.933968,
43891,165.7457715,
43892,166.7921611,
43893,168.2648694,
43894,169.059996,
43895,170.7872947,
43896,172.7420053,
43897,173.4737718,
43898,173.5543786,
43899,174.1845433,
43900,174.6583325,
43901,175.3349923,
43902,175.9370321,
43903,175.1111486,
43904,176.3072371,
43905,177.0393413,
43906,177.5728195,
43907,177.7838057,
43908,177.8856848,
43909,177.868141,
43910,178.0227844,
43911,177.8896712,
43912,177.5956595,
43913,176.9899909,
43914,176.6579678,
43915,176.1223659,
43916,175.6487712,
43917,175.5648472,
43918,175.034495,
43919,174.0205429,
43920,173.3578561,
43921,173.0168098,
43922,172.49947,
43923,172.2019511,
43924,171.7953364,
43925,170.4757413,
43926,169.1984478,
43927,168.9702619,
43928,168.6865411,
43929,167.9705136,
43930,167.0821374,
43931,165.9475522,
43932,165.3886368,
43933,164.818365,
43934,163.5139716,
43935,161.8525184,
43936,160.9300126,
43937,160.6651849,
43938,159.7679106,
43939,159.1131027,
43940,157.8493745,
43941,157.0855836,
43942,155.7391961,
43943,155.2998824,
43944,154.0070547,
43945,151.4587092,
43946,149.3850099,
43947,149.1675383,
43948,147.8732783,
43949,146.9462348,
43950,146.0467803,
43951,145.1327036,
43952,145.6009301,
43953,143.7527668,
43954,141.3720307,
43955,140.6642471,
43956,140.1267428,
43957,138.6091919,
43958,136.1668928,
43959,135.1976295,
43960,135.052431,
43961,133.0008486,
43962,130.9936864,
43963,129.4782304,
43964,129.0837958,
43965,127.697105,
43966,125.5503251,
43967,123.984928,
43968,123.0275008,
43969,121.3098651,
43970,118.7302459,
43971,117.5151873,
43972,116.9137128,
43973,115.1701948,
43974,112.9553391,
43975,111.9994143,
43976,111.0674893,
43977,109.3425355,
43978,107.4499125,
43979,106.9320693,
43980,106.8185939,
43981,103.7396012,
43982,102.4019854,
43983,101.3361945,
43984,100.5854814,
43985,98.3615174,
43986,96.86736346,
43987,96.27213017,
43988,95.55344636,
43989,94.07146741,
43990,93.58311177,
43991,93.03539679,
43992,91.82143869,
43993,89.92282976,
43994,88.6231648,
43995,88.46735749,
43996,87.15253318,
43997,86.65631022,
43998,86.50268641,
43999,85.99494679,
44000,85.46439389,
44001,85.52423425,
44002,85.68498828,
44003,85.84339409,
44004,86.3477117,
44005,86.31858969,
44006,86.62135667,
44007,87.73045336,
44008,88.27526169,
44009,88.72176553,
44010,89.37100024,
44011,89.77447431,
44012,91.18449637,
44013,92.25691891,
44014,92.50561567,
44015,93.15233133,
44016,94.48524501,
44017,94.89096645,
44018,95.32858419,
44019,95.81936555,
44020,96.29468652,
44021,97.03337507,
44022,97.88508787,
44023,98.30455484,
44024,98.43997696,
44025,99.09640353,
44026,100.6748421,
44027,101.1609686,
44028,101.5808729,
44029,102.8339885,
44030,104.5854747,
44031,105.9695608,
44032,106.0279063,
44033,107.2625464,
44034,108.6576239,
44035,110.2204753,
44036,110.568749,
44037,111.5124334,
44038,112.6406586,
44039,113.1246282,
44040,112.7413757,
44041,113.0642504,
44042,112.1654567,
44043,112.5366119,
44044,112.1071877,
44045,112.1618846,
44046,111.5885288,
44047,111.4609033,
44048,111.2815947,
44049,111.1889074,
44050,110.6189334,
44051,111.0307937,
44052,111.2801515,
44053,111.6966685,
44054,111.6732667,
44055,111.1661143,
44056,110.8566869,
44057,110.7392008,
44058,110.5792272,
44059,109.6561361,
44060,109.0431548,
44061,108.6938821,
44062,108.6807673,
44063,108.0432271,
44064,107.8938446,
44065,107.770178,
44066,107.5139617,
44067,107.0482642,
44068,106.7930246,
44069,106.6132305,
44070,106.7553594,
44071,106.8711512,
44072,106.4454905,
44073,106.3300342,
44074,106.1708931,
44075,105.9954071,
44076,105.8613489,
44077,105.8749302,
44078,106.0154282,
44079,106.0534758,
44080,105.7072422,
44081,105.3125967,
44082,105.039036,
44083,104.8385839,
44084,105.0132889,
44085,104.9764425,
44086,104.6277395,
44087,104.6310591,
44088,104.4609851,
44089,104.430435,
44090,104.5222607,
44091,104.5013611,
44092,104.5118501,
44093,104.1306248,
44094,103.9703211,
44095,103.9730627,
44096,103.9090018,
44097,103.8108892,
44098,103.8036178,
44099,104.235141,
44100,104.609408,
44101,104.8460751,
44102,105.0489524,
44103,105.0419629,
44104,105.5234335,
44105,106.0739247,
44106,106.3726513,
44107,106.7594798,
44108,107.0060876,
44109,107.2359814,
44110,107.4274928,
44111,107.9846719,
44112,108.367779,
44113,108.9406474,
44114,109.4285542,
44115,109.4068813,
44116,109.6012348,
44117,109.7445847,
44118,109.4047682,
44119,109.6274005,
44120,109.6021922,
44121,109.3377844,
44122,109.0906844,
44123,108.5344484,
44124,108.0372223,
44125,107.7066413,
44126,107.2369982,
44127,106.8887244,
44128,106.2067872,
44129,105.6384138,
44130,105.1711445,
44131,104.7860776,
44132,104.6012654,
44133,104.000067,
44134,103.1521693,
44135,102.5774009,
44136,102.4255684,
44137,101.044842,
44138,100.2237472,
44139,99.80586277,
44140,99.41910885,
44141,98.65581253,
44142,97.24467952,
44143,96.18340615,
44144,95.44862595,
44145,94.81477568,
44146,93.99663119,
44147,92.2035916,
44148,90.96447882,
44149,90.41890475,
44150,89.40177675,
44151,87.72480222,
44152,85.62242657,
44153,85.276702,
44154,84.02708859,
44155,82.65565173,
44156,80.8236377,
44157,80.00501282,
44158,79.54928124,
44159,78.4259449,
44160,78.4366893,
44161,75.80119864,
44162,75.2719588,
44163,74.21263112,
44164,72.74336036,
44165,71.7431019,
44166,71.41720338,
44167,70.57893093,
44168,68.80903991,
44169,66.85954632,
44170,66.14357266,
44171,65.62250862,
44172,65.6939719,
44173,66.047141,
44174,66.09018057,
44175,66.20317109,
44176,66.43688845,
44177,66.93271169,
44178,67.20938192,
44179,67.31862779,
44180,67.66218421,
44181,68.30526091,
44182,68.29867162,
44183,68.23086562,
44184,68.27820764,
44185,68.86430594,
44186,69.77604274,
44187,70.20889043,
44188,70.58989291,
44189,70.66941108,
44190,71.23073698,
44191,72.26662453,
44192,72.56016385,
44193,72.79173128,
44194,74.0043174,
44195,75.74125878,
44196,76.05626398,
44197,76.32375336,
44198,77.08119163,
44199,78.25651755,
44200,79.34233215,
44201,79.77099427,
44202,80.93977522,
44203,82.4589737,
44204,83.52149525,
44205,83.77852646,
44206,85.13091092,
44207,86.64462596,
44208,88.0771599,
44209,88.61163473,
44210,90.33109288,
44211,92.18431985,
44212,93.58903165,
44213,94.29182202,
44214,96.60771642,
44215,98.02865611,
44216,99.01884055,
44217,100.1686579,
44218,103.3786232,
44219,104.2020664,
44220,105.4164712,
44221,107.0299492,
44222,108.9914601,
44223,110.577839,
44224,111.5508679,
44225,114.2654291,
44226,115.9839721,
44227,116.958471,
44228,117.5217683,
44229,119.2337484,
44230,120.9191099,
44231,122.5588594,
44232,123.4538755,
44233,124.5013266,
44234,126.2508983,
44235,128.6778248,
44236,129.1783941,
44237,129.6186143,
44238,130.3457569,
44239,131.1354463,
44240,131.2982028,
44241,131.833323,
44242,132.0912916,
44243,131.6144142,
44244,131.7385762,
44245,131.868696,
44246,131.6896407,
44247,132.484589,
44248,132.1228127,
44249,132.180122,
44250,132.3405886,
44251,132.3736639,
44252,132.1873353,
44253,131.3326816,
44254,131.2747728,
44255,130.7329128,
44256,130.2027357,
44257,129.8084838,
44258,129.7781343,
44259,128.9421854,
44260,129.1099276,
44261,129.2953377,
44262,129.0191955,
44263,128.7495801,
44264,128.5040962,
44265,128.0866464,
44266,127.940079,
44267,127.7608083,
44268,127.2613447,
44269,126.5120408,
44270,126.100513,
44271,126.0060841,
44272,125.3944142,
44273,124.2329317,
44274,123.187172,
44275,122.5840537,
44276,122.4873891,
44277,121.6951678,
44278,120.2792381,
44279,119.5714754,
44280,119.9486151,
44281,118.6325085,
44282,117.4185467,
44283,115.4059484,
44284,113.9684567,
44285,113.678089,
44286,112.6089813,
44287,110.6622714,
44288,109.1653502,
44289,108.4642189,
44290,108.0926819,
44291,105.9560734,
44292,103.929419,
44293,103.2175771,
44294,101.8115707,
44295,100.7211658,
44296,99.13087275,
44297,97.76827437,
44298,96.77938573,
44299,94.81012062,
44300,92.38026942,
44301,90.18805275,
44302,90.06967815,
44303,88.12595295,
44304,86.32617351,
44305,84.90969576,
44306,83.89244786,
44307,82.9059374,
44308,80.75658435,
44309,79.90541274,
44310,78.9813962,
44311,77.67293614,
44312,76.50448742,
44313,75.94854403,
44314,75.0206996,
44315,75.12142062,
44316,74.16389275,
44317,73.1742731,
44318,71.73217941,
44319,72.18964791,
44320,71.92811492,
44321,70.76908153,
44322,70.49626971,
44323,70.34882826,
44324,69.76353102,
44325,69.665956,
44326,69.53829945,
44327,68.44526385,
44328,68.01626193,
44329,67.73346449,
44330,67.70222867,
44331,66.19239342,
44332,65.64951969,
44333,65.47124878,
44334,65.81919718,
44335,66.08856557,
44336,65.41814251,
44337,65.30105319,
44338,65.15872638,
44339,64.81439259,
44340,64.16306927,
44341,63.89165362,
44342,63.43576414,
44343,63.08116712,
44344,62.47639775,
44345,61.64684011,
44346,60.47318673,
44347,59.70848986,
44348,59.49811323,
44349,57.90104732,
44350,56.754444,
44351,55.37548444,
44352,55.28623924,
44353,53.38067805,
44354,52.07619645,
44355,50.71093681,
44356,49.87501143,
44357,48.4124702,
44358,47.31048989,
44359,46.52032327,
44360,45.21736185,
44361,43.89980815,
44362,42.41750355,
44363,41.5838525,
44364,40.5710322,
44365,39.10500884,
44366,37.85738735,
44367,37.11551613,
44368,37.13682525,
44369,36.38333195,
44370,35.57515918,
44371,34.66546022,
44372,34.34608793,
44373,33.98224718,
44374,33.19695657,
44375,33.09993183,
44376,33.29108817,
44377,33.65570804,
44378,33.44534737,
44379,33.78928834,
44380,33.94885492,
44381,34.25259829,
44382,35.12351659,
44383,35.97501461,
44384,37.15675361,
44385,38.28775564,
44386,39.78847592,
44387,41.02236768,
44388,41.8550115,
44389,42.85274318,
44390,43.41728887,
44391,44.10267541,
44392,44.70959773,
44393,45.17072447,
44394,46.05017499,
44395,47.42863354,
44396,47.90728712,
44397,47.41196794,
44398,48.18869339,
44399,49.1932566,
44400,48.78530433,
44401,48.67639126,
44402,48.37517292,
44403,49.41695935,
44404,49.71003387,
44405,49.04463149,
44406,49.5830655,
44407,49.74667324,
44408,51.02031598,
44409,52.14316511,
44410,51.92954463,
44411,52.307325,
44412,53.37361656,
44413,53.52283493,
44414,53.73619869,
44415,54.01927003,
44416,54.83510024,
44417,56.1911889,
44418,57.2285717,
44419,57.38845317,
44420,58.49439547,
44421,60.29620878,
44422,61.49022491,
44423,62.3207991,
44424,62.99355069,
44425,64.99938837,
44426,66.56774233,
44427,67.0822963,
44428,68.16639,
44429,70.03449163,
44430,70.78592666,
44431,71.96817547,
44432,73.66237174,
44433,75.37471042,
44434,76.18380957,
44435,76.84507198,
44436,78.69393323,
44437,79.56149928,
44438,80.62245031,
44439,81.16837597,
44440,81.14128549,
44441,82.20665118,
44442,83.91759438,
44443,84.81111572,
44444,85.19481262,
44445,86.14552085,
44446,88.06912139,
44447,89.14204681,
44448,89.2247899,
44449,91.02103061,
44450,92.759262,
44451,93.64139274,
44452,94.4163811,
44453,96.31578394,
44454,97.2620055,
44455,97.98526737,
44456,98.89767295,
44457,100.5088849,
44458,101.9901442,
44459,103.1767791,
44460,104.1379254,
44461,105.8644301,
44462,107.4735037,
44463,108.316086,
44464,109.303912,
44465,110.8520112,
44466,111.6426879,
44467,111.7487053,
44468,112.2643017,
44469,112.2222625,
44470,111.9273388,
44471,112.0594692,
44472,111.4306306,
44473,111.4407373,
44474,110.9104148,
44475,110.0758985,
44476,109.7894805,
44477,109.6136887,
44478,109.3244897,
44479,108.8564808,
44480,108.1109558,
44481,107.6248096,
44482,107.4363916,
44483,106.9663373,
44484,106.1851085,
44485,105.32274,
44486,104.7127401,
44487,104.7727215,
44488,104.5475537,
44489,104.2426414,
44490,103.3079992,
44491,103.3541313,
44492,103.2608656,
44493,102.3827476,
44494,101.5421429,
44495,101.0172758,
44496,100.4123341,
44497,99.97492818,
44498,99.97811929,
44499,99.5906158,
44500,98.53055139,
44501,97.95772294,
44502,97.54293357,
44503,97.63633024,
44504,97.20453061,
44505,96.25309572,
44506,95.66694761,
44507,95.56970839,
44508,94.73358951,
44509,95.4162467,
44510,94.44972145,
44511,94.23365026,
44512,93.27545135,
44513,92.37805625,
44514,91.95699434,
44515,90.08246848,
44516,89.50615148,
44517,89.22918856,
44518,88.26232311,
44519,87.22709478,
44520,86.95671954,
44521,86.23784188,
44522,86.31541564,
44523,86.43188371,
44524,85.76216874,
44525,84.86169549,
44526,83.9094703,
44527,83.53005828,
44528,83.13088831,
44529,82.89495131,
44530,82.01020927,
44531,81.36919157,
44532,81.22836538,
44533,80.90679493,
44534,80.06197785,
44535,78.98416653,
44536,78.68012213,
44537,78.04912291,
44538,77.58556484,
44539,76.77887137,
44540,76.78686655,
44541,76.9753414,
44542,77.18379424,
44543,77.57688763,
44544,77.69439481,
44545,78.04271739,
44546,78.69998741,
44547,78.72128304,
44548,78.9317878,
44549,78.96498609,
44550,79.59712171,
44551,79.98612835,
44552,80.47381555,
44553,80.82813346,
44554,81.32219026,
44555,81.53035037,
44556,81.79160321,
44557,82.35060549,
44558,83.07206633,
44559,84.88008701,
44560,85.55410547,
44561,86.37323884,
44562,87.35558451,
44563,88.41401161,
44564,88.78298147,
44565,89.51142892,
44566,91.21901641,
44567,92.56509814,
44568,93.8748117,
44569,94.37329593,
44570,94.90899543,
44571,95.64535398,
44572,97.19630561,
44573,97.47644851,
44574,97.85800129,
44575,99.13356932,
44576,100.8362566,
44577,100.8004307,
44578,101.074664,
44579,100.6729976,
44580,101.0619031,
44581,101.184529,
44582,101.7877669,
44583,102.1346926,
44584,102.660606,
44585,104.080707,
44586,105.3982797,
44587,105.6019807,
44588,106.1320057,
44589,106.2393896,
44590,106.5872001,
44591,106.7224736,
44592,106.452528,
44593,106.3699973,
44594,107.109563,
44595,108.5922206,
44596,108.328573,
44597,109.2871433,
44598,109.1178381,
44599,109.8023806,
44600,110.8255691,
44601,111.343106,
44602,111.7525778,
44603,111.6481031,
44604,112.7280625,
44605,114.050385,
44606,114.7404956,
44607,115.1111895,
44608,115.9741902,
44609,117.0505734,
44610,117.2210693,
44611,117.3171555,
44612,118.1670964,
44613,118.9801433,
44614,119.4118965,
44615,120.0212024,
44616,120.9313819,
44617,121.3962215,
44618,121.2940895,
44619,121.8424772,
44620,122.4414217,
44621,122.7091606,
44622,122.9036147,
44623,123.4257237,
44624,124.3173766,
44625,124.99389,
44626,125.2195386,
44627,125.464954,
44628,125.9972842,
44629,126.0868064,
44630,126.3729144,
44631,127.1596114,
44632,127.8057151,
44633,128.3058874,
44634,127.8936215,
44635,128.0079652,
44636,128.5764691,
44637,129.1757114,
44638,129.6805519,
44639,130.6420542,
44640,131.2777978,
44641,131.6080055,
44642,132.1913671,
44643,133.1883028,
44644,133.6298703,
44645,133.9979117,
44646,134.4084006,
44647,134.785884,
44648,135.1278757,
44649,134.8927366,
44650,135.1165431,
44651,135.29736,
44652,135.3010155,
44653,135.2011828,
44654,134.8829822,
44655,134.4170221,
44656,134.0343233,
44657,132.5695861,
44658,131.672547,
44659,131.1014384,
44660,130.6848111,
44661,129.7857444,
44662,129.2348358,
44663,129.0281527,
44664,128.6850406,
44665,127.020609,
44666,125.6740176,
44667,125.3927667,
44668,124.8085925,
44669,123.7177408,
44670,122.9182572,
44671,122.5507724,
44672,121.0491703,
44673,119.4187589,
44674,118.5405759,
44675,117.5665988,
44676,117.4386767,
44677,116.1487299,
44678,114.8284531,
44679,114.7319741,
44680,115.1889613,
44681,114.8444023,
44682,114.2816535,
44683,114.652614,
44684,114.5684205,
44685,114.2590513,
44686,113.45109,
44687,113.7728167,
44688,113.4807911,
44689,113.5086992,
44690,113.1364569,
44691,112.8078496,
44692,113.1139236,
44693,112.9651528,
44694,112.6175686,
44695,112.3058714,
44696,112.3180455,
44697,111.9807691,
44698,111.8104521,
44699,111.8950909,
44700,111.8062519,
44701,111.3132484,
44702,110.9582414,
44703,110.5327246,
44704,109.6963066,
44705,108.8307965,
44706,108.3101028,
44707,107.8211504,
44708,106.7553858,
44709,106.1098226,
44710,105.8809041,
44711,105.4922653,
44712,105.1173189,
44713,104.6650831,
44714,104.3065748,
44715,103.5821299,
44716,102.6260897,
44717,102.5258393,
44718,102.530521,
44719,102.1602575,
44720,102.3523786,
44721,101.4231394,
44722,100.2464423,
44723,99.7878772,
44724,99.50499657,
44725,98.87368242,
44726,98.50715217,
44727,98.03419717,
44728,98.26187462,
44729,97.92361356,
44730,98.74982212,
44731,97.74724789,
44732,98.20828144,
44733,97.17622559,
44734,97.40360858,
44735,97.52547678,
44736,97.12940797,
44737,96.13226513,
44738,96.74662023,
44739,96.58902635,
44740,95.87925216,
44741,95.40496378,
44742,94.20671647,
44743,93.874792,
44744,93.9191622,
44745,93.74161822,
44746,92.28854121,
44747,92.47407722,
44748,92.45338428,
44749,92.58595168,
44750,92.56012707,
44751,92.45736538,
44752,91.94522325,
44753,91.53683205,
44754,91.83626304,
44755,92.01950294,
44756,91.62445129,
44757,91.28830495,
44758,91.02877789,
44759,90.43901516,
44760,89.93343955,
44761,90.04659525,
44762,90.12428997,
44763,90.07569924,
44764,90.08213113,
44765,90.47660061,
44766,90.82456216,
44767,90.9817881,
44768,91.2213074,
44769,91.52647145,
44770,91.55501688,
44771,91.25432105,
44772,91.54468378,
44773,91.81413252,
44774,91.97127735,
44775,91.81119066,
44776,91.60520866,
44777,91.13003405,
44778,90.93895378,
44779,90.58740237,
44780,90.5050563,
44781,90.92383525,
44782,91.31061558,
44783,91.4727569,
44784,91.76653521,
44785,92.05157525,
44786,92.26976598,
44787,92.5748016,
44788,93.14748229,
44789,93.4242398,
44790,93.61718692,
44791,94.42143945,
44792,95.65440408,
44793,96.5683423,
44794,96.93501603,
44795,96.84456218,
44796,97.68365341,
44797,98.66505135,
44798,99.08806876,
44799,98.80811845,
44800,100.0717437,
44801,100.1223794,
44802,100.2067708,
44803,100.4058491,
44804,100.5996432,
44805,100.593528,
44806,100.5328709,
44807,100.9137879,
44808,100.5209707,
44809,101.9893662,
44810,101.7663839,
44811,102.1377702,
44812,101.8766358,
44813,101.9250409,
44814,102.5512208,
44815,102.3946947,
44816,102.3487225,
44817,102.3894789,
44818,102.3851529,
44819,102.1089492,
44820,101.9869277,
44821,102.0486481,
44822,101.6762828,
44823,100.8885552,
44824,100.659647,
44825,100.4478374,
44826,100.7863362,
44827,100.6679097,
44828,100.4108912,
44829,100.1815184,
44830,99.90664396,
44831,99.55365306,
44832,99.47691876,
44833,99.23389101,
44834,99.28791821,
44835,98.68934888,
44836,98.96293405,
44837,98.33332042,
44838,98.41213988,
44839,98.34814433,
44840,98.03027285,
44841,97.74219374,
44842,98.35121934,
44843,98.21292744,
44844,98.98621703,
44845,98.84199009,
44846,98.75420561,
44847,98.65802649,
44848,98.47301451,
44849,98.49708616,
44850,98.2427515,
44851,98.23255456,
44852,97.91157998,
44853,97.90337725,
44854,97.5745948,
44855,97.14198759,
44856,96.92963599,
44857,96.61206296,
44858,96.40893374,
44859,96.44605036,
44860,96.15706786,
44861,96.09399037,
44862,96.16205581,
44863,96.35577596,
44864,96.40020098,
44865,96.20249539,
44866,96.13180894,
44867,96.08535601,
44868,95.79420354,
44869,95.53312871,
44870,95.20995115,
44871,94.81536117,
44872,94.50288833,
44873,94.76787469,
44874,94.64643958,
44875,94.39615111,
44876,94.35652126,
44877,93.83107925,
44878,93.86291899,
44879,93.95991586,
44880,94.31857382,
44881,94.27246586,
44882,94.34926623,
44883,94.1219672,
44884,94.2948847,
44885,93.94871695,
44886,93.6021823,
44887,93.20010971,
44888,93.07382388,
44889,92.90739883,
44890,92.69504751,
44891,92.11890444,
44892,91.79614313,
44893,91.71911334,
44894,91.20789983,
44895,90.47207955,
44896,90.0190323,
44897,89.37408295,
44898,88.94010494,
44899,89.04322223,
44900,88.83913379,
44901,88.75779624,
44902,89.06390807,
44903,87.82705345,
44904,87.60580297,
44905,87.4073666,
44906,86.73030035,
44907,86.67449326,
44908,87.0847519,
44909,86.76665715,
44910,86.79313201,
44911,87.29558832,
44912,87.47139599,
44913,87.92574537,
44914,88.90963466,
44915,89.11860298,
44916,89.37850276,
44917,89.58129262,
44918,89.77674511,
44919,89.60000158,
44920,89.65403267,
44921,89.62430533,
44922,89.64838998,
44923,90.02447906,
44924,90.67839014,
44925,91.64171119,
44926,91.78344098,
44927,92.01372513,
44928,92.66277097,
44929,93.07276996,
44930,93.16164242,
44931,92.81577464,
44932,92.92520431,
44933,92.75798046,
44934,92.5755151,
44935,92.80037418,
44936,92.77896928,
44937,92.63718571,
44938,92.47351336,
44939,92.17427283,
44940,92.0925336,
44941,91.81549536,
44942,91.55961706,
44943,91.48920752,
44944,91.1753394,
44945,91.19565547,
44946,91.09836498,
44947,90.89485452,
44948,90.68421972,
44949,90.58303865,
44950,90.38004144,
44951,90.21985955,
44952,89.75920923,
44953,89.98079176,
44954,89.43792206,
44955,89.34391729,
44956,89.05100046,
44957,88.69871575,
44958,88.27905639,
44959,88.43824141,
44960,88.3200501,
44961,88.4514627,
44962,88.66489267,
44963,88.22693434,
44964,87.63444603,
44965,88.27430353,
44966,87.63752708,
44967,88.01279317,
44968,88.4278309,
44969,88.36430551,
44970,88.15141144,
44971,87.19935746,
44972,86.5434026,
44973,85.99366925,
44974,85.15314809,
44975,83.45552769,
44976,82.45818578,
44977,80.85043033,
44978,79.67143616,
44979,79.0339959,
44980,77.52904547,
44981,75.65451595,
44982,74.34010342,
44983,73.52312821,
44984,71.4919013,
44985,69.83386027,
44986,68.74131317,
44987,66.45568812,
44988,65.64405871,
44989,63.97523578,
44990,63.45712517,
44991,62.06937409,
44992,62.7778679,
44993,60.35280471,
44994,59.27781882,
44995,57.07876838,
44996,58.34371222,
44997,57.92644801,
44998,57.32083654,
44999,56.84151592,
45000,56.31830286,
45001,56.1644595,
45002,54.7587562,
45003,53.26695094,
45004,51.68222391,
45005,51.28020133,
45006,50.3402415,
45007,50.35859114,
45008,50.42818675,
45009,49.96034288,
45010,49.49632008,
45011,49.12815839,
45012,49.35665741,
45013,49.41145238,
45014,49.8239071,
45015,49.88382486,
45016,50.11766317,
45017,50.3935833,
45018,50.89692868,
45019,51.39307318,
45020,52.03265943,
45021,52.40667699,
45022,52.65099026,
45023,52.95588191,
45024,53.55268426,
45025,53.38867919,
45026,53.93982582,
45027,54.38446736,
45028,54.81698541,
45029,55.11526833,
45030,55.78702669,
45031,56.1462049,
45032,56.15322585,
45033,56.41932272,
45034,56.44046696,
45035,57.02759594,
45036,58.09185017,
45037,58.89825819,
45038,59.02513835,
45039,59.31270866,
45040,60.42830782,
45041,60.83664372,
45042,61.57210382,
45043,61.83045073,
45044,62.01200128,
45045,62.97276141,
45046,64.52613909,
45047,65.40548864,
45048,66.39913924,
45049,68.01076258,
45050,69.58630325,
45051,70.85544002,
45052,71.67746862,
45053,72.36367562,
45054,74.74267095,
45055,75.51507557,
45056,76.10769037,
45057,78.15439378,
45058,80.16706102,
45059,81.35916721,
45060,82.31825226,
45061,82.9247631,
45062,84.98322682,
45063,86.6082671,
45064,87.73044294,
45065,88.77763144,
45066,90.97031171,
45067,92.70678381,
45068,92.8741279,
45069,94.75020532,
45070,97.7652782,
45071,98.84872975,
45072,99.81212682,
45073,100.8971362,
45074,102.0002965,
45075,103.5079348,
45076,104.0037394,
45077,104.5732016,
45078,106.1082498,
45079,108.0155174,
45080,109.6506131,
45081,110.5818601,
45082,112.5796795,
45083,115.3004898,
45084,115.8898762,
45085,116.905474,
45086,118.4996109,
45087,120.3405565,
45088,121.1433238,
45089,122.0273862,
45090,122.8748427,
45091,123.7214198,
45092,124.3546101,
45093,124.6220477,
45094,125.1872701,
45095,126.218891,
45096,126.5565244,
45097,126.5798873,
45098,126.4858285,
45099,126.7095684,
45100,126.8680443,
45101,126.8951789,
45102,126.6565731,
45103,126.0634532,
45104,125.7879864,
45105,125.5852061,
45106,125.6717934,
45107,125.5438341,
45108,125.454991,
45109,125.4298833,
45110,125.2260776,
45111,124.5444244,
45112,123.9728219,
45113,123.6216012,
45114,123.3574392,
45115,123.2643122,
45116,122.91709,
45117,122.7997892,
45118,122.7194703,
45119,122.410669,
45120,121.9144624,
45121,121.6337658,
45122,121.3777755,
45123,121.2078824,
45124,120.7460567,
45125,120.3030605,
45126,120.0583145,
45127,119.4446438,
45128,118.6431128,
45129,117.8156254,
45130,116.7903919,
45131,116.4426893,
45132,115.8280187,
45133,115.079852,
45134,113.939708,
45135,113.2086249,
45136,112.4870603,
45137,110.6806725,
45138,109.3825369,
45139,108.6841239,
45140,108.0184059,
45141,107.2730921,
45142,105.9114648,
45143,105.441902,
45144,105.3657981,
45145,104.1422068,
45146,103.0063738,
45147,101.7305868,
45148,100.6857092,
45149,99.75735166,
45150,98.39546237,
45151,97.16176824,
45152,96.23408441,
45153,95.91669508,
45154,95.01146107,
45155,93.69121148,
45156,93.08916023,
45157,92.88883769,
45158,91.86643616,
45159,90.4787643,
45160,89.43584255,
45161,88.78188906,
45162,88.09689151,
45163,86.13534183,
45164,84.8733961,
45165,84.40237992,
45166,83.04374304,
45167,81.89982877,
45168,80.58793694,
45169,80.00888597,
45170,79.30469974,
45171,78.37550913,
45172,77.64237006,
45173,76.16049377,
45174,75.33236282,
45175,74.050478,
45176,72.90241434,
45177,71.97397747,
45178,72.00235892,
45179,71.54587496,
45180,70.58652951,
45181,69.82919421,
45182,69.34065638,
45183,69.08482515,
45184,68.47349503,
45185,67.92262778,
45186,68.01608064,
45187,67.80645772,
45188,67.37402831,
45189,66.73803165,
45190,66.3415475,
45191,65.6708033,
45192,65.24122058,
45193,64.45532357,
45194,64.42150675,
45195,63.92999255,
45196,63.6003302,
45197,63.25383542,
45198,62.83696363,
45199,62.62160405,
45200,62.33429198,
45201,61.62094379,
45202,61.30222049,
45203,60.75797087,
45204,60.14130384,
45205,59.81068244,
45206,59.59016804,
45207,59.51450799,
45208,59.59666011,
45209,59.8833469,
45210,60.10191678,
45211,60.07326493,
45212,60.39326366,
45213,61.38183615,
45214,62.18994793,
45215,62.48534867,
45216,63.04393573,
45217,63.23851843,
45218,63.15256042,
45219,64.05166487,
45220,64.68136949,
45221,64.65403474,
45222,64.42913546,
45223,64.34882337,
45224,63.69724155,
45225,63.82275613,
45226,63.45538781,
45227,63.19056061,
45228,61.96015708,
45229,61.88093112,
45230,60.73030967,
45231,61.28129454,
45232,62.6020076,
45233,63.27101715,
45234,63.10473352,
45235,63.1289185,
45236,63.18689892,
45237,62.41912396,
45238,62.59026178,
45239,61.12755156,
45240,61.07993467,
45241,60.96668905,
45242,60.84695918,
45243,61.14191329,
45244,60.88159075,
45245,61.4355014,
45246,61.36545448,
45247,61.26183988,
45248,61.61728724,
45249,61.26844561,
45250,61.00072501,
45251,61.09879654,
45252,60.47710923,
45253,60.02631018,
45254,60.29378507,
45255,59.6035956,
45256,59.37327289,
45257,58.82461767,
45258,59.15334002,
45259,59.04146686,
45260,59.29657433,
45261,59.3535431,
45262,59.33854741,
45263,59.85564687,
45264,60.43084877,
45265,60.32762574,
45266,60.24255806,
45267,60.21381156,
45268,60.20353788,
45269,60.09861084,
45270,59.68896339,
45271,59.81245269,
45272,59.85203538,
45273,60.00160838,
45274,60.46667828,
45275,60.96575285,
45276,61.18522462,
45277,61.11986921,
45278,61.13368355,
45279,61.12303144,
45280,61.02133456,
45281,60.8919615,
45282,60.76167895,
45283,60.57254386,
45284,60.07996477,
45285,59.63189375,
45286,59.45670899,
45287,59.24339675,
45288,58.65155571,
45289,57.8587496,
45290,57.39027361,
45291,57.01368815,
45292,56.32574947,
45293,55.70500093,
45294,55.13584178,
45295,55.06648292,
45296,54.49501875,
45297,54.49926396,
45298,53.35348637,
45299,52.04579309,
45300,51.53284453,
45301,51.04825165,
45302,50.02724253,
45303,49.00822672,
45304,48.56450532,
45305,48.05131831,
45306,47.60587305,
45307,47.33135419,
45308,46.78543902,
45309,46.03493914,
45310,45.01902904,
45311,44.442724,
45312,43.92941664,
45313,43.70864174,
45314,43.76827354,
45315,42.12542315,
45316,41.45587611,
45317,39.89670364,
45318,38.54293226,
45319,37.56343259,
45320,35.85004081,
45321,35.26467432,
45322,34.75439231,
45323,34.28625274,
45324,33.16949409,
45325,31.84146568,
45326,30.34694889,
45327,30.04577324,
45328,29.59829207,
45329,26.91351371,
45330,25.66716335,
45331,25.19917685,
45332,24.19798851,
45333,22.49263369,
45334,21.70469444,
45335,19.73970063,
45336,19.33466918,
45337,17.51978911,
45338,16.05426063,
45339,14.89835473,
45340,14.83677398,
45341,14.28270927,
45342,13.32712406,
45343,12.53024534,
45344,12.11746976,
45345,12.18533296,
45346,11.74207194,
45347,11.92423499,
45348,12.26042209,
45349,12.53875119,
45350,12.65267932,
45351,13.12320026,
45352,13.92727918,
45353,14.58601722,
45354,15.98810299,
45355,16.35347283,
45356,17.55665078,
45357,18.62687928,
45358,19.60894579,
45359,19.87257781,
45360,20.1813823,
45361,21.09075272,
45362,21.48250057,
45363,22.31612623,
45364,22.61226266,
45365,22.78716611,
45366,23.2951894,
45367,24.62628892,
45368,25.08655983,
45369,25.6118526,
45370,25.7714166,
45371,25.95807658,
45372,26.67565578,
45373,27.02306389,
45374,26.52137256,
45375,26.84292161,
45376,27.26990538,
45377,27.35099052,
45378,27.46453125,
45379,27.94492985,
45380,27.92740316,
45381,28.10191238,
45382,28.80531905,
45383,29.31525444,
45384,28.71117788,
45385,29.77652475,
45386,31.19595334,
45387,32.84795806,
45388,33.43474066,
45389,33.94034499,
45390,35.56049574,
45391,36.66385703,
45392,37.24497119,
45393,38.21336381,
45394,39.30722922,
45395,40.78817178,
45396,42.02746868,
45397,42.63436715,
45398,43.03190996,
45399,44.20860889,
45400,45.22021989,
45401,46.45855011,
45402,47.82475978,
45403,48.20607664,
45404,49.07871745,
45405,51.58572935,
45406,53.78298416,
45407,54.4076732,
45408,56.35315629,
45409,58.00477474,
45410,59.81955776,
45411,60.29390971,
45412,61.53781861,
45413,64.2401916,
45414,66.26542923,
45415,67.01692768,
45416,68.64923015,
45417,70.91483999,
45418,73.33279402,
45419,73.63332928,
45420,76.06482765,
45421,78.69403099,
45422,79.61251145,
45423,80.83714593,
45424,82.62625047,
45425,84.29201056,
45426,85.3100543,
45427,85.94160489,
45428,86.58890388,
45429,87.32090094,
45430,88.64586448,
45431,89.43161532,
45432,91.60140612,
45433,92.82209049,
45434,94.00938474,
45435,95.63847805,
45436,97.88641795,
45437,98.07608991,
45438,98.99236359,
45439,101.0574887,
45440,102.2499979,
45441,102.8945157,
45442,103.8390298,
45443,104.9895174,
45444,106.0017173,
45445,106.1910242,
45446,105.693042,
45447,106.0569417,
45448,105.9011595,
45449,106.289236,
45450,106.6150933,
45451,106.7785163,
45452,106.3003164,
45453,106.1574163,
45454,105.8216295,
45455,105.3322032,
45456,104.929959,
45457,104.3669729,
45458,104.0155906,
45459,103.6586704,
45460,103.2234251,
45461,103.3924958,
45462,103.1522329,
45463,102.7525644,
45464,102.5197012,
45465,102.1930808,
45466,102.3323016,
45467,102.4462778,
45468,102.0111183,
45469,101.6232533,
45470,101.4924282,
45471,100.726953,
45472,100.7783278,
45473,100.8423254,
45474,101.0994692,
45475,101.0896947,
45476,101.0071621,
45477,100.7032705,
45478,100.4314491,
45479,99.62970067,
45480,99.78113998,
45481,99.14351028,
45482,98.84559533,
45483,97.96782686,
45484,97.2662928,
45485,96.95939877,
45486,96.44711876,
45487,95.16319129,
45488,94.16627885,
45489,94.13227484,
45490,92.26509844,
45491,90.83020638,
45492,89.41961178,
45493,89.35976007,
45494,87.52226616,
45495,85.67397965,
45496,84.85695799,
45497,83.59825181,
45498,83.20092651,
45499,81.14029897,
45500,79.46489947,
45501,77.45862672,
45502,77.03335724,
45503,75.35307007,
45504,73.74520586,
45505,71.92502245,
45506,71.51268477,
45507,70.92990441,
45508,69.68548521,
45509,68.19905078,
45510,67.68878171,
45511,67.76697712,
45512,66.86742988,
45513,66.53882675,
45514,65.98488486,
45515,65.37015803,
45516,65.70152406,
45517,65.88068427,
45518,66.09694569,
45519,65.90451169,
45520,66.02719692,
45521,66.04790845,
45522,66.45226659,
45523,67.01027999,
45524,67.50455007,
45525,67.96630515,
45526,68.28339658,
45527,69.00353653,
45528,69.04414271,
45529,69.51358839,
45530,69.79141197,
45531,70.43775101,
45532,71.57322902,
45533,72.11177871,
45534,72.77020381,
45535,72.99461501,
45536,73.67099683,
45537,75.11295563,
45538,76.51848039,
45539,76.83621211,
45540,77.30108986,
45541,78.61949839,
45542,79.50721221,
45543,81.03694382,
45544,82.12924633,
45545,83.03944659,
45546,84.80633535,
45547,86.94371713,
45548,87.5024282,
45549,88.68914275,
45550,90.69796889,
45551,91.65559615,
45552,92.8422412,
45553,94.0466435,
45554,96.46041802,
45555,98.38373374,
45556,98.73047314,
45557,100.3698911,
45558,102.0002974,
45559,103.6359363,
45560,104.0368823,
45561,105.7619763,
45562,108.4324157,
45563,109.0233458,
45564,109.2498928,
45565,110.1452914,
45566,111.4505427,
45567,112.5645826,
45568,111.9728639,
45569,112.1814334,
45570,114.3717631,
45571,116.145233,
45572,117.1241893,
45573,118.5403794,
45574,120.3888577,
45575,122.0300012,
45576,122.7167938,
45577,123.8819428,
45578,125.9629946,
45579,127.4933611,
45580,128.3839929,
45581,130.9686604,
45582,133.4878814,
45583,134.568513,
45584,136.0733046,
45585,138.7724182,
45586,140.6570323,
45587,141.4721599,
45588,143.7923073,
45589,145.4866226,
45590,146.2988025,
45591,146.7638822,
45592,147.9208844,
45593,150.9618137,
45594,151.727966,
45595,153.6077936,
45596,155.774736,
45597,157.0634047,
45598,157.6799395,
45599,159.8162443,
45600,161.7665122,
45601,163.3406251,
45602,164.1073116,
45603,165.8648541,
45604,167.9024863,
45605,169.8288675,
45606,169.9952952,
45607,172.2305688,
45608,174.4517947,
45609,175.7732889,
45610,176.9156576,
45611,177.3117978,
45612,178.5413236,
45613,179.5845829,
45614,179.976122,
45615,180.0679518,
45616,181.1307079,
45617,182.2653413,
45618,183.727319,
45619,183.7384654,
45620,184.5907998,
45621,185.5450358,
45622,185.5388141,
45623,185.4006634,
45624,185.0613457,
45625,185.569989,
45626,185.7129265,
45627,185.8093947,
45628,185.7897088,
45629,185.5618763,
45630,185.1178992,
45631,184.9353773,
45632,184.3763131,
45633,183.6525713,
45634,182.8501455,
45635,182.2292877,
45636,181.8539654,
45637,181.0258149,
45638,180.0982955,
45639,179.6661251,
45640,178.9811297,
45641,178.3510925,
45642,176.6143471,
45643,175.3948321,
45644,175.1457689,
45645,174.6734464,
45646,174.1123178,
45647,173.6915814,
45648,173.3124484,
45649,172.3954918,
45650,170.899185,
45651,169.2223734,
45652,168.40074,
45653,167.8421185,
45654,167.0156198,
45655,165.0539775,
45656,164.1315044,
45657,163.5580658,
45658,161.2662647,
45659,159.538374,
45660,158.6191656,
45661,158.0612566,
45662,157.2308582,
45663,156.3784783,
45664,155.6986378,
45665,154.678809,
45666,153.8481705,
45667,152.705086,
45668,151.1509245,
45669,149.749301,
45670,149.2110556,
45671,148.3431447,
45672,147.0371234,
45673,145.3224367,
45674,144.5473709,
45675,143.7678982,
45676,141.9281925,
45677,139.5214156,
45678,138.1363698,
45679,137.6679972,
45680,136.3503499,
45681,134.9973095,
45682,133.5170358,
45683,132.8822783,
45684,131.1204351,
45685,128.482088,
45686,126.6509326,
45687,126.1331941,
45688,124.2433461,
45689,121.4758162,
45690,120.7705725,
45691,119.8781315,
45692,117.5383746,
45693,115.8536707,
45694,115.1823634,
45695,113.4411619,
45696,113.3025158,
45697,111.0145376,
45698,108.8877307,
45699,107.7183698,
45700,106.0697676,
45701,103.2627073,
45702,100.1343574,
45703,99.49149226,
45704,97.19730886,
45705,93.99203894,
45706,92.58867271,
45707,91.84405236,
45708,88.51629116,
45709,86.48866827,
45710,85.54331194,
45711,83.99031519,
45712,81.79205307,
45713,79.69351018,
45714,78.94994391,
45715,77.34976216,
45716,74.40383525,
45717,72.89887442,
45718,71.68143554,
45719,70.41740047,
45720,69.88361816,
45721,67.18057885,
45722,67.08631251,
45723,65.16868931,
45724,63.02703001,
45725,61.71991,
45726,60.71543183,
45727,58.78697662,
45728,57.51362538,
45729,57.1381734,
45730,55.73137184,
45731,53.90160803,
45732,53.58362228,
45733,52.59770952,
45734,51.67048994,
45735,50.92208425,
45736,50.7253028,
45737,50.24381987,
45738,49.61627315,
45739,49.42924398,
45740,49.22502882,
45741,49.25269495,
45742,48.6355082,
45743,49.03431043,
45744,49.75756184,
45745,50.60704627,
45746,51.04379587,
45747,51.2455476,
45748,52.05310406,
45749,53.19034455,
45750,54.08565276,
45751,55.75175396,
45752,57.20581356,
45753,57.05747617,
45754,58.38292838,
45755,59.86536019,
45756,61.67493306,
45757,62.46172362,
45758,65.05520879,
45759,66.74403959,
45760,67.78295249,
45761,69.39579554,
45762,71.9691116,
45763,73.42685852,
45764,75.43420311,
45765,78.43132641,
45766,80.39932416,
45767,80.83536597,
45768,83.54965526,
45769,86.23588915,
45770,87.430056,
45771,88.96358481,
45772,91.3511453,
45773,93.50835226,
45774,94.41785172,
45775,96.17740052,
45776,98.60421689,
45777,100.248873,
45778,101.539795,
45779,103.0591093,
45780,104.3245185,
45781,106.0087356,
45782,106.2537125,
45783,108.261574,
45784,109.7017759,
45785,111.7442125,
45786,113.0984123,
45787,114.0836412,
45788,116.8359692,
45789,119.3293102,
45790,119.7633054,
45791,121.1160415,
45792,121.6825933,
45793,122.4946841,
45794,123.9806172,
45795,123.632081,
45796,124.8125685,
45797,126.9380886,
45798,127.5668109,
45799,128.4025191,
45800,129.1956099,
45801,129.9559874,
45802,130.2230562,
45803,130.3576537,
45804,131.6556896,
45805,133.1691359,
45806,133.6809946,
45807,134.4624432,
45808,135.6465276,
45809,136.1503399,
45810,136.4980604,
45811,137.240214,
45812,137.7868747,
45813,138.0608278,
45814,138.817814,
45815,139.5494948,
45816,140.1721225,
45817,139.9927925,
45818,139.9422835,
45819,140.2258244,
45820,140.6034939,
45821,140.5346291,
45822,140.8345437,
45823,141.4171595,
45824,141.230864,
45825,141.3400752,
45826,141.2295942,
45827,141.2741846,
45828,141.5676009,
45829,141.8305532,
45830,141.8547479,
45831,141.6119473,
45832,141.2211455,
45833,140.6917564,
45834,140.9427062,
45835,140.8649002,
45836,140.414343,
45837,139.9753188,
45838,139.9532653,
45839,139.3009298,
45840,138.6334094,
45841,138.5875268,
45842,138.6775784,
45843,138.2251375,
45844,137.8805819,
45845,137.4837071,
45846,136.4830575,
45847,135.9124602,
45848,135.7988584,
45849,135.4726778,
45850,134.6115726,
45851,134.0617474,
45852,132.5756643,
45853,130.6896701,
45854,130.3626148,
45855,129.7602974,
45856,127.9851904,
45857,126.7585467,
45858,126.2960228,
45859,124.7457947,
45860,122.3469711,
45861,121.9791018,
45862,121.4611897,
45863,119.6985864,
45864,118.3539441,
45865,117.1517335,
45866,115.2250551,
45867,112.7324335,
45868,112.276206,
45869,111.0888844,
45870,108.9069895,
45871,107.2996012,
45872,106.2883319,
45873,103.2907218,
45874,101.3281509,
45875,100.7465585,
45876,99.60270302,
45877,97.69072582,
45878,96.19381438,
45879,95.57506414,
45880,92.50569544,
45881,89.90343784,
45882,88.57133719,
45883,87.68211084,
45884,85.0726584,
45885,82.95671369,
45886,81.96901598,
45887,79.91213771,
45888,76.69566572,
45889,74.09821219,
45890,73.28504245,
45891,71.48683002,
45892,70.68269502,
45893,68.70857469,
45894,68.62737525,
45895,65.96800286,
45896,62.11522761,
45897,61.6448394,
45898,60.45341097,
45899,58.83570307,
45900,58.54280678,
45901,58.07182853,
45902,57.66271138,
45903,56.23381999,
45904,54.35712285,
45905,54.32217262,
45906,53.92756272,
45907,52.60050342,
45908,51.75123337,
45909,51.20502231,
45910,51.30108049,
45911,50.51517713,
45912,49.47445067,
45913,49.15520649,
45914,48.38750631,
45915,47.34633625,
45916,46.94871415,
45917,47.3905923,
45918,47.36120371,
45919,47.37331602,
45920,47.12370263,
45921,46.84789048,
45922,46.96221498,
45923,47.43666828,
45924,48.00989229,
45925,48.28034658,
45926,48.92705086,
45927,49.15352015,
45928,49.52411585,
45929,49.28047383,
45930,49.78797304,
45931,50.80135896,
45932,51.1323926,
45933,52.57193182,
45934,53.93774429,
45935,55.32208525,
45936,55.89943115,
45937,56.70713341,
45938,58.58252865,
45939,60.04202408,
45940,60.61355518,
45941,62.4234572,
45942,64.35625906,
45943,65.94077937,
45944,67.02337803,
45945,68.64279883,
45946,69.81415924,
45947,71.0314504,
45948,71.56348251,
45949,73.85139911,
45950,75.99599124,
45951,76.36059537,
45952,77.54722854,
45953,78.89994636,
45954,79.83545245,
45955,80.81824207,
45956,82.24557214,
45957,82.97819627,
45958,86.32717207,
45959,89.30893911,
45960,89.55465967,
45961,91.21621499,
45962,93.6956465,
45963,95.61513776,
45964,96.41648151,
45965,98.85030271,
45966,101.4869922,
45967,101.8298605,
45968,103.7225837,
45969,105.5613985,
45970,106.7207157,
45971,107.1663624,
45972,108.6988618,
45973,110.6513856,
45974,111.7268847,
45975,112.6710227,
45976,113.7727671,
45977,114.8644218,
45978,114.7896866,
45979,115.6945913,
45980,117.419585,
45981,118.1142845,
45982,118.988551,
45983,120.2724135,
45984,121.1536049,
45985,121.005594,
45986,121.0237559,
45987,122.007397,
45988,123.4545821,
45989,123.7841372,
45990,124.9910435,
45991,126.2790241,
45992,126.5055808,
45993,126.4185339,
45994,127.4885881,
45995,128.2431905,
45996,128.2989312,
45997,128.9945503,
45998,129.7828447,
45999,130.1035197,
46000,130.0824673,
46001,130.5764976,
46002,131.4698049,
46003,131.7811293,
46004,132.3140613,
46005,132.6830747,
46006,132.5628028,
46007,132.5391658,
46008,132.8214834,
46009,133.1523358,
46010,133.0895797,
46011,133.2275055,
46012,133.3421764,
46013,133.3548631,
46014,133.5264948,
46015,133.4212143,
46016,133.2483167,
46017,133.4201964,
46018,133.5482944,
46019,133.6677498,
46020,133.488212,
46021,132.884823,
46022,132.1381098,
46023,132.1014914,
46024,132.1827724,
46025,132.4883103,
46026,132.8827065,
46027,132.7886252,
46028,132.2063083,
46029,132.0240175,
46030,131.1454794,
46031,131.2056865,
46032,131.2182087,
46033,130.8022566,
46034,129.9047868,
46035,129.3746486,
46036,128.1461397,
46037,126.6960939,
46038,126.0957923,
46039,125.6969059,
46040,124.1801614,
46041,123.2237935,
46042,122.3031159,
46043,121.1695549,
46044,119.1771086,
46045,118.5728312,
46046,117.5902935,
46047,115.9613462,
46048,114.0887026,
46049,113.2234119,
46050,111.7506056,
46051,109.603061,
46052,107.3463613,
46053,107.1452696,
46054,105.88954,
46055,103.9204385,
46056,101.72044,
46057,101.8583208,
46058,99.97858551,
46059,97.47453748,
46060,94.79677851,
46061,93.59561811,
46062,91.56084851,
46063,89.24272315,
46064,87.50869314,
46065,86.18866711,
46066,83.31413423,
46067,80.96146693,
46068,80.01544514,
46069,78.91797033,
46070,76.85313622,
46071,74.42109485,
46072,73.78948449,
46073,71.02275059,
46074,68.47677127,
46075,67.91539616,
46076,66.83002116,
46077,64.95561849,
46078,64.03246281,
46079,64.34779339,
46080,63.65934202,
46081,62.39514442,
46082,61.49457149,
46083,60.88007003,
46084,60.47211617,
46085,60.33783807,
46086,60.58188713,
46087,60.54829015,
46088,60.81036486,
46089,60.97713631,
46090,61.64511184,
46091,62.76948219,
46092,63.2145058,
46093,63.9280609,
46094,66.09757061,
46095,66.97627934,
46096,67.14784916,
46097,67.8080323,
46098,69.62416024,
46099,71.28023162,
46100,71.51215825,
46101,73.66394064,
46102,76.64196865,
46103,78.15918143,
46104,78.94317184,
46105,80.87611289,
46106,83.21089117,
46107,84.3257082,
46108,85.53689441,
46109,88.95123238,
46110,91.17290176,
46111,92.39776045,
46112,94.35500025,
46113,97.26218097,
46114,98.36725794,
46115,100.7310016,
46116,104.2017174,
46117,105.4008073,
46118,106.5933772,
46119,109.1584228,
46120,111.3493291,
46121,112.0480477,
46122,113.9644086,
46123,117.7002589,
46124,118.426788,
46125,120.3065586,
46126,122.2745147,
46127,123.8772101,
46128,124.5693967,
46129,126.5480935,
46130,129.684801,
46131,129.9763635,
46132,131.2341721,
46133,133.4827738,
46134,134.2884875,
46135,134.7585018,
46136,134.891726,
46137,136.3230701,
46138,137.2241439,
46139,138.185711,
46140,138.882661,
46141,139.5887419,
46142,139.2668331,
46143,139.0039593,
46144,140.2357379,
46145,141.0329246,
46146,141.5293996,
46147,142.6392565,
46148,143.0304529,
46149,143.5677396,
46150,143.5754523,
46151,143.3911678,
46152,143.8403441,
46153,144.4740061,
46154,144.7745955,
46155,145.8090349,
46156,146.5433596,
46157,146.5392238,
46158,147.0658245,
46159,147.3822913,
46160,147.634021,
46161,148.08719,
46162,149.0087017,
46163,149.6915384,
46164,149.6233637,
46165,149.7595146,
46166,150.2700832,
46167,150.3812135,
46168,150.3718143,
46169,150.7859036,
46170,150.7059703,
46171,150.7014071,
46172,150.1164732,
46173,149.4005227,
46174,149.0337174,
46175,148.9877383,
46176,148.2196757,
46177,147.6672359,
46178,146.8897201,
46179,146.019648,
46180,144.9352583,
46181,143.5793049,
46182,143.119577,
46183,142.4802932,
46184,141.2468874,
46185,139.8449869,
46186,139.1280687,
46187,137.889252,
46188,135.6893135,
46189,134.4014013,
46190,133.8410685,
46191,132.2641746,
46192,130.4244346,
46193,128.8727474,
46194,127.4113999,
46195,124.5303425,
46196,123.836481,
46197,122.619064,
46198,120.3285845,
46199,119.0367681,
46200,118.4082926,
46201,115.2375769,
46202,112.3331676,
46203,111.9912435,
46204,110.152141,
46205,108.0518539,
46206,106.2397537,
46207,105.5611499,
46208,103.4659221,
46209,100.8779642,
46210,98.41002501,
46211,98.30912758,
46212,97.59924253,
46213,95.74952873,
46214,95.22483711,
46215,93.98264551,
46216,91.06562302,
46217,89.43591412,
46218,88.23527028,
46219,87.03690719,
46220,85.91882529,
46221,84.30199255,
46222,82.96737907,
46223,81.75217168,
46224,80.68486792,
46225,79.00617556,
46226,76.54908527,
46227,75.86247819,
46228,74.33620237,
46229,72.74614664,
46230,70.77966794,
46231,70.12699128,
46232,68.95324155,
46233,67.01879524,
46234,65.20265739,
46235,64.79105342,
46236,63.31950641,
46237,61.90562143,
46238,61.20478044,
46239,61.45725271,
46240,60.91332506,
46241,59.69903749,
46242,58.62209887,
46243,58.22839252,
46244,57.8087204,
46245,57.28186959,
46246,57.10173397,
46247,57.64340338,
46248,58.26535128,
46249,58.51722963,
46250,58.85738079,
46251,59.54227907,
46252,60.39944008,
46253,61.42042558,
46254,61.77815195,
46255,62.87868568,
46256,64.76681423,
46257,65.79024753,
46258,66.40445501,
46259,68.64416291,
46260,70.50585599,
46261,71.91236431,
46262,72.96143786,
46263,75.50530103,
46264,77.79801344,
46265,78.51970921,
46266,80.37829681,
46267,83.1299762,
46268,85.14156077,
46269,85.5752891,
46270,88.0956362,
46271,90.57273379,
46272,91.75321905,
46273,92.53394688,
46274,95.28826117,
46275,97.20660975,
46276,97.94543414,
46277,100.209526,
46278,103.3472037,
46279,105.6620817,
46280,105.8653429,
46281,108.6057343,
46282,111.6008526,
46283,112.8517244,
46284,114.2395084,
46285,117.1152354,
46286,118.669518,
46287,119.8485939,
46288,121.7281352,
46289,124.1361975,
46290,124.9470198,
46291,124.9688513,
46292,126.2245256,
46293,127.8794225,
46294,128.1719357,
46295,128.8536748,
46296,129.7383563,
46297,131.0339765,
46298,131.8469626,
46299,131.9374643,
46300,133.229597,
46301,134.9538834,
46302,135.9649552,
46303,137.057433,
46304,138.5167433,
46305,139.5702418,
46306,139.6490369,
46307,141.137278,
46308,142.4889527,
46309,143.0353868,
46310,143.6405371,
46311,144.261486,
46312,144.4245071,
46313,144.429361,
46314,143.9891702,
46315,144.3162892,
46316,144.5741354,
46317,144.6069168,
46318,144.8879802,
46319,144.7549255,
46320,144.4872024,
46321,144.4759474,
46322,144.0604388,
46323,143.4944674,
46324,143.1208117,
46325,142.9836529,
46326,143.1478977,
46327,143.1756242,
46328,142.8748134,
46329,142.1883662,
46330,141.9159514,
46331,141.4572101,
46332,140.8822017,
46333,140.77865,
46334,140.4453833,
46335,139.8732695,
46336,139.7694439,
46337,139.5796714,
46338,139.3914621,
46339,139.1979672,
46340,139.1842211,
46341,139.2578928,
46342,139.8068505,
46343,140.2506679,
46344,140.3805792,
46345,140.1201034,
46346,140.3737114,
46347,140.6066166,
46348,140.7636882,
46349,140.8381132,
46350,140.7471751,
46351,140.9288461,
46352,140.6811428,
46353,140.3842318,
46354,140.021383,
46355,139.0835666,
46356,138.3450675,
46357,137.6398019,
46358,137.4586139,
46359,136.7245549,
46360,135.566015,
46361,134.5022547,
46362,133.8754596,
46363,133.2818457,
46364,132.327266,
46365,130.8075996,
46366,129.9400206,
46367,129.5588777,
46368,128.5385591,
46369,127.7602339,
46370,126.7335886,
46371,126.1879055,
46372,124.2377221,
46373,122.7765722,
46374,122.4439456,
46375,121.7181036,
46376,121.006784,
46377,119.4217585,
46378,118.4225337,
46379,117.0783523,
46380,115.8022123,
46381,112.9768769,
46382,111.2129894,
46383,110.4390796,
46384,108.7135093,
46385,106.9273399,
46386,105.1661378,
46387,104.3153736,
46388,102.9422179,
46389,100.5793056,
46390,99.57163333,
46391,98.79263888,
46392,98.37820462,
46393,98.43528009,
46394,97.52024809,
46395,97.53228981,
46396,95.62931952,
46397,94.19860705,
46398,93.51787515,
46399,91.87089188,
46400,89.06054558,
46401,87.38911656,
46402,86.72978877,
46403,85.8073209,
46404,84.2646071,
46405,83.17479353,
46406,82.42056825,
46407,81.57000606,
46408,79.79648258,
46409,78.28891429,
46410,77.01864212,
46411,76.11974649,
46412,75.42968639,
46413,74.04078701,
46414,72.57986195,
46415,71.82696514,
46416,71.68122395,
46417,70.60225233,
46418,68.65906327,
46419,67.49615641,
46420,66.78194635,
46421,66.17548613,
46422,64.59202671,
46423,64.32702658,
46424,63.38645995,
46425,63.02688664,
46426,63.41404427,
46427,62.13752046,
46428,60.80469585,
46429,60.4147101,
46430,60.38468953,
46431,59.86796608,
46432,59.60184692,
46433,59.60225656,
46434,59.60631086,
46435,59.59231881,
46436,59.19161172,
46437,58.51532228,
46438,58.75915913,
46439,58.84590451,
46440,58.80612364,
46441,58.7456914,
46442,58.28346817,
46443,58.06571461,
46444,57.41596213,
46445,57.34478866,
46446,57.15766553,
46447,56.95506733,
46448,56.95059958,
46449,56.97096514,
46450,57.01559049,
46451,57.37007316,
46452,57.55875888,
46453,57.76173315,
46454,58.27245539,
46455,58.68630887,
46456,59.00270314,
46457,59.39678949,
46458,60.00566479,
46459,60.82662942,
46460,61.67352384,
46461,61.62252297,
46462,61.8213387,
46463,63.43666452,
46464,64.72098924,
46465,65.79231883,
46466,66.09386682,
46467,67.45488145,
46468,68.91894034,
46469,70.0189283,
46470,71.07188699,
46471,73.06554455,
46472,75.15841286,
46473,76.12467256,
46474,77.11715864,
46475,79.34277315,
46476,81.13892962,
46477,81.79788069,
46478,83.32267971,
46479,85.7947736,
46480,87.69371768,
46481,88.31871896,
46482,90.22401644,
46483,92.85151532,
46484,94.94790622,
46485,95.3483618,
46486,97.8420591,
46487,100.5137325,
46488,101.1250214,
46489,102.1114007,
46490,104.7580313,
46491,107.2344853,
46492,107.3851485,
46493,110.1363439,
46494,113.0025643,
46495,114.2053199,
46496,115.8069289,
46497,118.2534507,
46498,120.3328824,
46499,120.5620143,
46500,122.9959732,
46501,125.3005129,
46502,127.1349964,
46503,127.8076557,
46504,130.2437681,
46505,132.3984504,
46506,133.6743641,
46507,134.9123979,
46508,137.2920417,
46509,138.8772932,
46510,140.0118872,
46511,141.5284862,
46512,143.5190499,
46513,144.5128837,
46514,144.8339641,
46515,145.7205156,
46516,146.7747832,
46517,148.4295414,
46518,148.8790019,
46519,150.5762223,
46520,152.2215464,
46521,152.9564314,
46522,153.3680791,
46523,154.8167388,
46524,156.5311791,
46525,157.2280428,
46526,157.7392738,
46527,159.7071044,
46528,161.4095748,
46529,162.2476937,
46530,162.3402359,
46531,163.9297238,
46532,165.8110547,
46533,166.1040229,
46534,166.763789,
46535,167.60655,
46536,168.1604369,
46537,167.9867314,
46538,167.9908856,
46539,168.1407296,
46540,168.0753487,
46541,168.1271944,
46542,167.9785832,
46543,167.3209324,
46544,166.6841323,
46545,166.7365421,
46546,166.6181951,
46547,166.1073368,
46548,165.4956727,
46549,164.7221762,
46550,164.1359161,
46551,163.8619799,
46552,162.9503016,
46553,162.5123801,
46554,162.4234242,
46555,162.5448475,
46556,162.5563581,
46557,162.2755165,
46558,161.3201838,
46559,160.2230085,
46560,159.4374307,
46561,158.4284958,
46562,158.235785,
46563,157.169849,
46564,156.5446544,
46565,155.0467595,
46566,155.0109269,
46567,153.7344556,
46568,151.4464517,
46569,149.8427478,
46570,148.8462295,
46571,147.9482521,
46572,146.6358789,
46573,145.5624251,
46574,144.5931529,
46575,143.8661594,
46576,142.2805465,
46577,140.4613054,
46578,139.689854,
46579,139.6440181,
46580,138.7156472,
46581,137.619863,
46582,136.7982307,
46583,135.95464,
46584,135.6797759,
46585,134.6931432,
46586,132.0467482,
46587,131.5146732,
46588,131.3786881,
46589,129.0035037,
46590,128.717633,
46591,126.4363701,
46592,125.9721171,
46593,124.3560821,
46594,122.0485193,
46595,119.6357507,
46596,119.3257004,
46597,117.0673847,
46598,115.6340247,
46599,114.0677237,
46600,113.5586585,
46601,112.0487275,
46602,110.3285364,
46603,108.3193494,
46604,107.7473988,
46605,106.5304768,
46606,104.143842,
46607,103.014663,
46608,102.2570998,
46609,100.6198304,
46610,98.45056042,
46611,97.60117178,
46612,97.5318626,
46613,95.98492189,
46614,94.59297212,
46615,92.58466867,
46616,92.03050518,
46617,91.66914155,
46618,90.62255712,
46619,88.89432421,
46620,88.26045761,
46621,87.57788169,
46622,87.0089573,
46623,87.01109495,
46624,86.63173034,
46625,86.42259575,
46626,86.76623036,
46627,86.91032229,
46628,86.77054101,
46629,87.52318675,
46630,88.17454868,
46631,88.57610499,
46632,89.10406811,
46633,88.95737287,
46634,89.39677254,
46635,90.23675144,
46636,90.79652628,
46637,91.32211896,
46638,91.34669673,
46639,91.44775829,
46640,91.9820867,
46641,92.40480805,
46642,92.86443504,
46643,93.06500577,
46644,93.25431867,
46645,93.27358784,
46646,93.1758628,
46647,93.06719076,
46648,93.48520789,
46649,94.94185839,
46650,95.60404821,
46651,96.38840357,
46652,97.0719558,
46653,97.46697537,
46654,97.96221326,
46655,98.56354737,
46656,99.77271393,
46657,100.9946452,
46658,101.4854847,
46659,102.1881292,
46660,102.5941674,
46661,103.3581366,
46662,104.2455895,
46663,105.9789914,
46664,106.5328406,
46665,107.1099084,
46666,107.7668378,
46667,108.9170821,
46668,110.1686181,
46669,110.5853867,
46670,111.7654868,
46671,112.3895976,
46672,114.6036061,
46673,115.8300565,
46674,117.027382,
46675,117.5642013,
46676,118.5820095,
46677,120.2201302,
46678,121.3326048,
46679,122.1900996,
46680,123.0664511,
46681,124.870126,
46682,126.9423502,
46683,128.2733882,
46684,128.7942576,
46685,130.0208308,
46686,131.3231453,
46687,132.6425154,
46688,133.4856385,
46689,133.9624091,
46690,134.6180792,
46691,135.2281982,
46692,135.9817666,
46693,136.2771475,
46694,136.5827461,
46695,137.8137598,
46696,138.3399444,
46697,138.9833536,
46698,139.4220852,
46699,139.5425388,
46700,139.3913342,
46701,140.56627,
46702,141.7802157,
46703,142.2047175,
46704,142.0706598,
46705,141.7343203,
46706,142.1440394,
46707,142.3206697,
46708,142.7848135,
46709,142.1420689,
46710,143.3755975,
46711,144.2704203,
46712,143.9443117,
46713,144.2170244,
46714,144.089466,
46715,143.8588506,
46716,143.7467817,
46717,143.80909,
46718,143.5329108,
46719,143.5083565,
46720,143.7044957,
46721,143.8714687,
46722,144.0453449,
46723,143.877714,
46724,143.8194558,
46725,144.1936021,
46726,144.4073462,
46727,144.1294968,
46728,144.0109547,
46729,143.9457587,
46730,144.1933677,
46731,144.2510747,
46732,144.9230494,
46733,145.3734323,
46734,145.7303577,
46735,146.0483318,
46736,146.5285971,
46737,147.3384347,
46738,147.7615369,
46739,148.2266622,
46740,149.1635031,
46741,150.4724915,
46742,151.1469133,
46743,151.1621007,
46744,151.1823012,
46745,151.7854876,
46746,152.2643678,
46747,152.5233739,
46748,152.7819039,
46749,152.7417578,
46750,152.7143328,
46751,152.6194908,
46752,152.7198072,
46753,152.3584262,
46754,152.3014277,
46755,152.1472464,
46756,151.9040861,
46757,151.7258383,
46758,151.0819896,
46759,150.6434201,
46760,149.9571624,
46761,149.8127285,
46762,148.8432394,
46763,148.4617058,
46764,147.7167464,
46765,147.2471041,
46766,146.7158571,
46767,145.6286585,
46768,144.7133171,
46769,143.8803559,
46770,143.6539402,
46771,142.8720195,
46772,141.5692325,
46773,140.6566054,
46774,139.5357861,
46775,139.5384507,
46776,139.2887285,
46777,138.1740862,
46778,138.2094721,
46779,138.1327611,
46780,136.9388549,
46781,136.8688419,
46782,136.6065863,
46783,134.5298395,
46784,133.795926,
46785,133.3738653,
46786,133.3464283,
46787,133.435615,
46788,132.7612618,
46789,132.7244717,
46790,132.0125008,
46791,131.9122699,
46792,132.2389381,
46793,132.3337628,
46794,131.4431764,
46795,129.989998,
46796,129.6353811,
46797,129.7266062,
46798,130.3142761,
46799,129.9938063,
46800,130.0995835,
46801,129.8600596,
46802,129.7200016,
46803,129.1995949,
46804,128.8654246,
46805,127.4708091,
46806,126.4704428,
46807,126.2587506,
46808,125.3309565,
46809,124.7841432,
46810,123.5799041,
46811,123.0369579,
46812,122.168996,
46813,121.6304525,
46814,120.71313,
46815,119.6444949,
46816,118.6462138,
46817,118.5662907,
46818,117.9091018,
46819,117.1406775,
46820,116.6536038,
46821,116.361163,
46822,116.252777,
46823,116.7120172,
46824,116.5213538,
46825,115.9174451,
46826,115.7354443,
46827,115.5153936,
46828,115.4683803,
46829,115.3144657,
46830,115.1967787,
46831,115.1138111,
46832,115.1156672,
46833,114.8187789,
46834,114.6484355,
46835,114.2912981,
46836,114.1176201,
46837,113.8356482,
46838,113.4809473,
46839,113.3365804,
46840,113.3460175,
46841,113.3092708,
46842,112.9953433,
46843,112.7383672,
46844,112.2627491,
46845,112.0510406,
46846,111.8957994,
46847,112.1053945,
46848,112.1572052,
46849,112.2834782,
46850,112.2725866,
46851,112.348993,
46852,112.4294025,
46853,112.4714169,
46854,112.6552657,
46855,112.8391993,
46856,113.034793,
46857,113.2704458,
46858,113.1934101,
46859,113.4665755,
46860,113.5532889,
46861,113.5863609,
46862,113.6242947,
46863,113.8293409,
46864,113.7412397,
46865,113.65048,
46866,114.1091847,
46867,114.1141173,
46868,114.660003,
46869,114.8940202,
46870,114.5445535,
46871,114.9104877,
46872,114.5636807,
46873,114.731324,
46874,114.670537,
46875,114.326917,
46876,114.1210155,
46877,114.2166487,
46878,113.8830864,
46879,113.9105129,
46880,113.9157982,
46881,113.7948951,
46882,113.7858935,
46883,113.6686748,
46884,113.4148698,
46885,113.1050577,
46886,113.407465,
46887,112.854061,
46888,113.4444544,
46889,113.8012281,
46890,113.9692199,
46891,114.1482215,
46892,114.6047468,
46893,114.8279198,
46894,114.9556091,
46895,114.6916492,
46896,114.4561036,
46897,115.002291,
46898,114.6457721,
46899,114.4522198,
46900,113.9197365,
46901,114.1812413,
46902,113.5741316,
46903,113.3695172,
46904,112.6033807,
46905,112.9713716,
46906,112.8308213,
46907,113.2685259,
46908,113.3025828,
46909,113.1735723,
46910,113.4633223,
46911,113.6316475,
46912,113.4205983,
46913,113.5425244,
46914,113.37302,
46915,113.1935854,
46916,113.4687978,
46917,113.8025069,
46918,113.5264233,
46919,113.3057349,
46920,113.4475787,
46921,113.4021923,
46922,113.5332258,
46923,113.9820956,
46924,114.0439321,
46925,114.2702895,
46926,114.3824156,
46927,113.9876746,
46928,113.9468804,
46929,114.3625151,
46930,114.0614209,
46931,114.4117728,
46932,114.1262821,
46933,113.4436645,
46934,113.6620396,
46935,113.2409637,
46936,113.0885013,
46937,112.9757493,
46938,113.2872041,
46939,113.0534313,
46940,113.1051425,
46941,113.3430065,
46942,113.3823562,
46943,113.7304522,
46944,113.9014627,
46945,114.6348984,
46946,115.3683184,
46947,115.6353665,
46948,116.1809288,
46949,117.1438363,
46950,117.7790014,
46951,117.2843623,
46952,118.2503055,
46953,119.0336211,
46954,119.2321967,
46955,120.0386179,
46956,120.7584139,
46957,122.675924,
46958,122.8532963,
46959,123.9341069,
46960,125.0406297,
46961,125.8793263,
46962,126.9171162,
46963,129.1701118,
46964,130.2203333,
46965,130.6098881,
46966,131.2160598,
46967,130.8089375,
46968,132.0724375,
46969,132.7908057,
46970,133.4155585,
46971,133.9952715,
46972,135.6945724,
46973,137.4640419,
46974,138.966667,
46975,139.4300723,
46976,139.5646082,
46977,140.5913897,
46978,141.9529411,
46979,141.2541662,
46980,141.4008097,
46981,141.4602946,
46982,141.5843206,
46983,142.6571205,
46984,142.6411265,
46985,142.9589397,
46986,142.8710882,
46987,142.8330903,
46988,143.0026987,
46989,142.8682669,
46990,142.8434653,
46991,142.6671374,
46992,142.7372076,
46993,142.3970314,
46994,142.3059111,
46995,142.1663346,
46996,142.2788716,
46997,142.1008071,
46998,142.0241345,
46999,141.8322516,
47000,141.5860151,
47001,141.3782592,
47002,141.1043412,
47003,140.7487208,
47004,140.4662142,
47005,140.5239784,
47006,140.3478984,
47007,139.7072098,
47008,139.7724641,
47009,139.6139413,
47010,139.64443,
47011,139.6709027,
47012,140.0731983,
47013,139.2995624,
47014,139.5368897,
47015,139.3686869,
47016,138.3332524,
47017,138.2273025,
47018,138.2363911,
47019,137.9252374,
47020,137.3865372,
47021,137.3626701,
47022,137.050068,
47023,136.6829796,
47024,136.5411812,
47025,136.5634705,
47026,135.4657026,
47027,134.830012,
47028,134.6264772,
47029,133.8711597,
47030,133.2022952,
47031,132.8722252,
47032,131.3663709,
47033,131.1775062,
47034,130.1480303,
47035,129.1192627,
47036,128.711657,
47037,128.4199236,
47038,127.984444,
47039,127.1772753,
47040,126.156464,
47041,125.5413346,
47042,125.2182822,
47043,125.4501967,
47044,125.4368899,
47045,125.6120517,
47046,125.5726494,
47047,125.1549956,
47048,124.5972532,
47049,122.6700066,
47050,122.9283258,
47051,121.5201943,
47052,120.4479422,
47053,120.8736829,
47054,119.7456088,
47055,119.5657105,
47056,119.6198466,
47057,118.1116209,
47058,118.1877663,
47059,117.1935334,
47060,117.5636282,
47061,116.5894693,
47062,115.683473,
47063,114.8403251,
47064,114.3886429,
47065,113.1721451,
47066,113.0754681,
47067,112.8533113,
47068,111.9868237,
47069,111.3075214,
47070,109.9373248,
47071,109.8462831,
47072,109.8220053,
47073,108.5241496,
47074,108.8472134,
47075,107.5792365,
47076,107.4530431,
47077,107.1410926,
47078,107.1808521,
47079,107.1024685,
47080,106.2267204,
47081,105.7798619,
47082,106.3839991,
47083,105.9829826,
47084,105.3752375,
47085,104.8746139,
47086,105.2432728,
47087,105.0556944,
47088,105.2536006,
47089,104.5526342,
47090,104.1686716,
47091,104.3820018,
47092,104.5021024,
47093,104.7919246,
47094,104.5668569,
47095,104.5410365,
47096,104.4430135,
47097,104.1441556,
47098,104.3375669,
47099,104.6482276,
47100,104.8323226,
47101,105.2100807,
47102,105.7135784,
47103,106.1571458,
47104,106.8537049,
47105,107.0154286,
47106,107.719764,
47107,108.0191831,
47108,108.2355812,
47109,108.3116239,
47110,108.9510851,
47111,109.1911939,
47112,109.4463603,
47113,110.3155809,
47114,110.6407446,
47115,110.6285264,
47116,111.3425792,
47117,111.6309899,
47118,112.5200359,
47119,113.1775159,
47120,113.6155293,
47121,114.2429561,
47122,114.5401714,
47123,115.1492818,
47124,115.9588555,
47125,117.388456,
47126,117.7701017,
47127,118.8719139,
47128,119.672757,
47129,120.3263841,
47130,121.0970519,
47131,121.7212119,
47132,122.0887319,
47133,123.3560638,
47134,124.3239721,
47135,125.1629086,
47136,125.8910203,
47137,126.40266,
47138,127.1645162,
47139,128.6470984,
47140,129.5477422,
47141,130.2069889,
47142,131.1333533,
47143,132.0842288,
47144,133.2822987,
47145,134.4080568,
47146,134.8777634,
47147,135.1769695,
47148,135.2744732,
47149,135.7538953,
47150,136.305945,
47151,136.8655907,
47152,136.6289306,
47153,136.8582033,
47154,137.1327925,
47155,137.6202788,
47156,137.1112459,
47157,137.8249657,
47158,137.4578062,
47159,137.5297175,
47160,137.902015,
47161,137.5171047,
47162,137.5596529,
47163,137.618342,
47164,137.5042694,
47165,138.1960951,
47166,138.0042541,
47167,138.4448502,
47168,138.0023581,
47169,139.2292052,
47170,139.2392628,
47171,139.2796716,
47172,139.1792436,
47173,139.5507779,
47174,140.6104715,
47175,141.0748724,
47176,141.429812,
47177,141.3030848,
47178,141.5515273,
47179,142.0770917,
47180,142.135391,
47181,142.1219291,
47182,142.1268746,
47183,141.5919922,
47184,142.0524599,
47185,142.2835988,
47186,142.95773,
47187,143.7448501,
47188,143.9750473,
47189,144.934204,
47190,145.5155884,
47191,145.8521601,
47192,145.9594698,
47193,146.2213748,
47194,146.2280154,
47195,146.6687154,
47196,146.7857857,
47197,146.8641304,
47198,147.1051884,
47199,148.2973416,
47200,148.9508647,
47201,149.0210289,
47202,148.8351242,
47203,149.5723481,
47204,150.0003202,
47205,149.8709211,
47206,150.226146,
47207,149.9560807,
47208,149.7988451,
47209,149.5441909,
47210,149.3984146,
47211,148.7723494,
47212,149.1317725,
47213,149.1895972,
47214,149.3950792,
47215,148.9524303,
47216,148.311634,
47217,147.8912234,
47218,147.6902264,
47219,146.9113258,
47220,146.2294694,
47221,145.2932303,
47222,144.9760502,
47223,144.6484837,
47224,144.3087215,
47225,143.3862739,
47226,142.5235627,
47227,141.9396285,
47228,141.3725523,
47229,140.3952316,
47230,139.2708095,
47231,138.1056954,
47232,137.1704607,
47233,136.6202737,
47234,136.004748,
47235,135.6134925,
47236,135.2448083,
47237,134.8130843,
47238,134.6434793,
47239,134.2877276,
47240,133.6243182,
47241,133.2350683,
47242,132.720812,
47243,132.3931271,
47244,131.9577235,
47245,130.9673814,
47246,130.930537,
47247,130.7603325,
47248,130.7226052,
47249,130.0749272,
47250,130.0123366,
47251,129.6882839,
47252,129.7195834,
47253,129.3382616,
47254,129.627519,
47255,130.1673613,
47256,130.1257705,
47257,130.5874997,
47258,130.7780628,
47259,130.3201283,
47260,130.0948884,
47261,130.0789958,
47262,129.6222167,
47263,129.0533415,
47264,128.7034542,
47265,128.4493018,
47266,128.3147888,
47267,127.9055424,
47268,127.0430453,
47269,126.487175,
47270,126.2067354,
47271,125.0567699,
47272,124.5102646,
47273,123.8287697,
47274,123.0237453,
47275,121.9425516,
47276,121.1585664,
47277,120.2968001,
47278,119.7144972,
47279,119.3283555,
47280,119.0498468,
47281,117.7719973,
47282,116.6745286,
47283,116.1013108,
47284,115.1870823,
47285,113.8079743,
47286,112.3145653,
47287,111.5271367,
47288,111.261415,
47289,111.1450305,
47290,110.4409375,
47291,109.6284285,
47292,109.5102354,
47293,108.5499474,
47294,107.819455,
47295,107.3521986,
47296,106.8143407,
47297,105.8841327,
47298,105.6550588,
47299,105.3574775,
47300,103.9003324,
47301,103.4357227,
47302,102.6334839,
47303,101.7918928,
47304,100.5754801,
47305,99.31727844,
47306,97.8858643,
47307,97.01301138,
47308,96.70098143,
47309,96.3441322,
47310,95.48820176,
47311,94.89034478,
47312,94.39380914,
47313,94.25562016,
47314,92.80753928,
47315,92.44182501,
47316,90.77286606,
47317,90.49061763,
47318,89.83712303,
47319,89.11184401,
47320,88.62873925,
47321,88.03801934,
47322,87.58140891,
47323,88.02476923,
47324,87.98750865,
47325,87.51560199,
47326,87.03763623,
47327,85.0780803,
47328,84.41062814,
47329,83.3208802,
47330,82.44199718,
47331,80.71863143,
47332,79.77516426,
47333,78.63278224,
47334,77.97616778,
47335,76.37873229,
47336,74.42984568,
47337,73.09056088,
47338,72.36968261,
47339,70.8764954,
47340,70.09432763,
47341,69.09484181,
47342,68.35109552,
47343,67.13530381,
47344,65.55556079,
47345,64.63525223,
47346,63.68981125,
47347,62.4418056,
47348,61.09644275,
47349,59.73934952,
47350,59.04948711,
47351,57.80763984,
47352,56.71983837,
47353,55.85119082,
47354,55.40680927,
47355,55.24527884,
47356,54.61444551,
47357,53.4615351,
47358,51.62287922,
47359,50.18050216,
47360,49.24732023,
47361,48.08659827,
47362,47.12230485,
47363,46.64440749,
47364,46.24286485,
47365,46.22946109,
47366,46.22000067,
47367,46.96526759,
47368,46.8528593,
47369,46.76427556,
47370,46.90094109,
47371,47.25122027,
47372,47.61993959,
47373,48.06091815,
47374,48.04260867,
47375,48.10285862,
47376,48.47118666,
47377,48.79896259,
47378,49.56791641,
47379,50.10117995,
47380,50.55519696,
47381,50.89276992,
47382,51.0027866,
47383,50.97110367,
47384,51.0239644,
47385,51.07688522,
47386,51.41464018,
47387,51.26932018,
47388,51.36378508,
47389,50.91320913,
47390,50.67337674,
47391,50.41193878,
47392,49.99586643,
47393,49.41544262,
47394,50.02712093,
47395,50.52800732,
47396,50.24515853,
47397,50.24675694,
47398,50.56441408,
47399,50.75597296,
47400,51.33525841,
47401,51.4870198,
47402,51.95076772,
47403,52.19488881,
47404,52.75124919,
47405,52.99479311,
47406,53.06711879,
47407,52.83180295,
47408,53.69942333,
47409,53.91525952,
47410,54.64501627,
47411,54.09042563,
47412,54.23157272,
47413,54.76671431,
47414,54.80300123,
47415,54.7186838,
47416,54.68857773,
47417,54.34978108,
47418,54.27642678,
47419,54.39136439,
47420,55.03749029,
47421,55.95147157,
47422,56.30334411,
47423,56.81241159,
47424,57.18819919,
47425,57.08317815,
47426,55.81507985,
47427,55.94129483,
47428,57.56055948,
47429,57.8809067,
47430,56.83711901,
47431,56.52215663,
47432,57.49381351,
47433,57.25031723,
47434,59.03779371,
47435,58.3581044,
47436,59.58153342,
47437,60.8070056,
47438,62.10343794,
47439,62.60842402,
47440,63.230412,
47441,63.33024978,
47442,64.3065459,
47443,64.9811551,
47444,66.7061752,
47445,67.36609773,
47446,67.94842013,
47447,69.37701237,
47448,70.89763059,
47449,72.78766253,
47450,73.29746531,
47451,73.2871948,
47452,74.69281182,
47453,76.1303981,
47454,77.41784597,
47455,77.39028863,
47456,78.62946966,
47457,80.34902807,
47458,81.98731995,
47459,83.61247771,
47460,84.4954315,
47461,84.47680488,
47462,85.97573538,
47463,86.45664895,
47464,86.95181702,
47465,87.67412396,
47466,88.9152474,
47467,89.58725043,
47468,89.54448601,
47469,90.11027614,
47470,89.6984937,
47471,89.66861177,
47472,89.23065258,
47473,89.63653404,
47474,89.96186668,
47475,89.92835314,
47476,89.89323233,
47477,89.75167175,
47478,89.42700322,
47479,89.62760346,
47480,89.82327828,
47481,89.95270669,
47482,89.49341011,
47483,89.34746414,
47484,89.40152353,
47485,89.2762538,
47486,89.39465809,
47487,88.86478807,
47488,88.4747759,
47489,88.40084837,
47490,88.9513704,
47491,89.10067328,
47492,89.47043026,
47493,89.28562281,
47494,89.37053331,
47495,89.68998817,
47496,89.60316188,
47497,89.55305878,
47498,89.76540793,
47499,89.9968494,
47500,90.70262153,
47501,91.12361492,
47502,91.32818617,
47503,91.82296061,
47504,92.46449004,
47505,92.78154124,
47506,93.41444147,
47507,93.86240879,
47508,94.25829528,
47509,95.23123028,
47510,95.34985592,
47511,96.30579434,
47512,96.2249357,
47513,96.41968911,
47514,96.27618833,
47515,96.73702733,
47516,97.01190566,
47517,96.80030588,
47518,97.62592732,
47519,98.22654838,
47520,97.92488021,
47521,98.31327175,
47522,98.36221162,
47523,98.29325225,
47524,98.53384361,
47525,98.7208436,
47526,98.32860673,
47527,97.90359571,
47528,97.89186721,
47529,97.89337956,
47530,97.79117076,
47531,97.78859979,
47532,98.07947463,
47533,98.54683851,
47534,98.6173504,
47535,98.74792677,
47536,99.02330548,
47537,98.95405127,
47538,98.88556366,
47539,98.69132186,
47540,98.55645576,
47541,98.39114936,
47542,98.17669081,
47543,98.13261257,
47544,97.8999027,
47545,97.75962475,
47546,97.38121509,
47547,97.48469013,
47548,97.29819498,
47549,97.11090715,
47550,97.05037133,
47551,96.76432781,
47552,96.77914052,
47553,96.48397013,
47554,96.28976866,
47555,96.17710389,
47556,96.20716331,
47557,96.01450839,
47558,95.93491452,
47559,95.78374243,
47560,94.6980778,
47561,94.1646811,
47562,94.29943698,
47563,94.08245362,
47564,94.04495384,
47565,93.75086712,
47566,93.50616757,
47567,92.70236416,
47568,92.4485391,
47569,92.60301947,
47570,92.3353139,
47571,92.39034637,
47572,92.30010851,
47573,92.27198048,
47574,92.76620621,
47575,92.7307262,
47576,92.56741456,
47577,92.87443283,
47578,92.50408899,
47579,92.13933308,
47580,92.4366441,
47581,92.14133859,
47582,92.28940697,
47583,91.29088475,
47584,90.35466901,
47585,89.92286335,
47586,89.29892706,
47587,89.14781179,
47588,88.92490232,
47589,88.73867688,
47590,88.87198189,
47591,88.51360441,
47592,88.4390258,
47593,88.28377631,
47594,88.56303135,
47595,88.16866716,
47596,87.508977,
47597,86.82530169,
47598,86.33383904,
47599,86.68201854,
47600,86.66678855,
47601,85.7689833,
47602,85.16863521,
47603,83.8702787,
47604,84.2220923,
47605,83.90059372,
47606,82.74047557,
47607,82.38548234,
47608,81.84304156,
47609,82.04007379,
47610,81.74818935,
47611,81.19567725,
47612,80.6566278,
47613,80.69426197,
47614,79.34904084,
47615,78.52935462,
47616,78.56129408,
47617,77.71822832,
47618,77.07855817,
47619,75.64167201,
47620,74.80579552,
47621,73.26799551,
47622,72.14091171,
47623,72.16775207,
47624,71.18389221,
47625,69.52436013,
47626,68.4921227,
47627,69.77297716,
47628,68.43444756,
47629,67.68811486,
47630,66.0328252,
47631,65.49037138,
47632,64.94094436,
47633,64.51450467,
47634,62.22135533,
47635,61.65677252,
47636,60.65543762,
47637,59.47487677,
47638,58.81637244,
47639,58.1272595,
47640,58.68957529,
47641,56.3689365,
47642,55.07858082,
47643,54.55406604,
47644,52.64745192,
47645,50.79196259,
47646,49.38734989,
47647,47.95862223,
47648,47.76625952,
47649,46.7256282,
47650,44.6596599,
47651,43.76984741,
47652,43.21929297,
47653,41.68537045,
47654,40.19350616,
47655,38.32628001,
47656,37.18487578,
47657,36.82296446,
47658,36.07036254,
47659,33.02353838,
47660,32.45456225,
47661,31.74885162,
47662,30.52753216,
47663,30.02686364,
47664,28.91990427,
47665,28.31733081,
47666,26.86859052,
47667,25.09267267,
47668,24.47811105,
47669,23.34739828,
47670,22.24212513,
47671,21.28256274,
47672,20.90312626,
47673,21.0190031,
47674,20.79191442,
47675,20.17986988,
47676,20.30937923,
47677,20.43874938,
47678,20.71086153,
47679,21.45582188,
47680,22.56607209,
47681,23.05065,
47682,23.51279014,
47683,23.71441036,
47684,24.69173691,
47685,25.19535982,
47686,25.10098687,
47687,25.79345953,
47688,26.48200833,
47689,27.11732519,
47690,27.02899676,
47691,26.67194144,
47692,26.5036858,
47693,26.24589352,
47694,26.55464521,
47695,27.89919047,
47696,28.63335765,
47697,30.21733194,
47698,30.8790413,
47699,31.297477,
47700,31.03240114,
47701,31.46593876,
47702,31.7392273,
47703,32.20972172,
47704,32.56913033,
47705,32.27019043,
47706,32.85154814,
47707,34.87908689,
47708,35.02609759,
47709,35.46622717,
47710,36.1986706,
47711,36.69881316,
47712,36.7016585,
47713,36.57715301,
47714,36.60625136,
47715,35.66184488,
47716,36.16733571,
47717,35.14368704,
47718,35.18991255,
47719,35.00373584,
47720,34.79612558,
47721,34.66994096,
47722,34.52902023,
47723,33.93608856,
47724,33.94351796,
47725,32.91214195,
47726,32.53854028,
47727,32.9711544,
47728,33.48521761,
47729,33.73079159,
47730,33.70405034,
47731,33.54478743,
47732,32.63096188,
47733,31.48507612,
47734,31.02242253,
47735,31.55379883,
47736,31.38575815,
47737,30.68914123,
47738,30.98944982,
47739,31.17495886,
47740,31.87922988,
47741,31.68215584,
47742,31.5143756,
47743,31.8269159,
47744,32.10442861,
47745,31.93784874,
47746,32.64827022,
47747,33.01637425,
47748,33.03478777,
47749,33.10909663,
47750,32.89337038,
47751,33.33634011,
47752,33.69146418,
47753,33.55926589,
47754,34.00267705,
47755,34.15248255,
47756,34.71060191,
47757,35.35534015,
47758,35.83070197,
47759,36.13830716,
47760,35.93051691,
47761,37.20506465,
47762,37.84397156,
47763,38.55883312,
47764,38.87636518,
47765,39.50152202,
47766,40.53539536,
47767,40.55496652,
47768,41.64114773,
47769,42.60076868,
47770,43.81186496,
47771,43.99666826,
47772,43.95063243,
47773,44.23738013,
47774,44.48531266,
47775,44.43052885,
47776,45.10697779,
47777,44.85199194,
47778,44.29602379,
47779,43.7834397,
47780,43.5085717,
47781,43.25868667,
47782,43.18550368,
47783,42.45596214,
47784,41.48957287,
47785,40.806141,
47786,40.74958512,
47787,40.21257936,
47788,39.36319561,
47789,38.55982144,
47790,38.25023191,
47791,37.71832736,
47792,37.38523979,
47793,36.47331964,
47794,36.12821462,
47795,35.39571678,
47796,35.10127573,
47797,34.24501044,
47798,33.24393664,
47799,32.19799081,
47800,31.64375316,
47801,30.95975627,
47802,30.14279885,
47803,29.55803449,
47804,28.39189496,
47805,28.08094394,
47806,28.16702739,
47807,25.36173265,
47808,23.31386169,
47809,23.07587168,
47810,21.8804474,
47811,20.75157442,
47812,19.05895541,
47813,18.16570074,
47814,17.92697573,
47815,17.35542976,
47816,14.88976844,
47817,14.60288365,
47818,14.20213401,
47819,13.27349107,
47820,12.65218086,
47821,11.47282988,
47822,10.09834367,
47823,10.11729673,
47824,9.719244998,
47825,8.906322568,
47826,8.610293986,
47827,8.533300849,
47828,8.717731827,
47829,9.200895716,
47830,9.755277926,
47831,9.979801563,
47832,10.64510241,
47833,11.46362073,
47834,12.35531426,
47835,13.09869392,
47836,13.298957,
47837,14.24349042,
47838,15.76755353,
47839,16.80559887,
47840,17.186843,
47841,18.98674081,
47842,21.42420101,
47843,22.57721761,
47844,23.24816897,
47845,25.06509921,
47846,26.68001931,
47847,27.42275902,
47848,28.19067817,
47849,29.61269977,
47850,31.25389409,
47851,33.00442324,
47852,33.66750405,
47853,34.69950848,
47854,37.10148948,
47855,38.52242443,
47856,40.02230516,
47857,40.66008302,
47858,41.87098592,
47859,43.30308876,
47860,43.62162188,
47861,43.62595499,
47862,43.72399292,
47863,44.52065122,
47864,45.12190427,
47865,45.38517024,
47866,45.72541804,
47867,45.6052793,
47868,45.13539109,
47869,45.34736793,
47870,45.39704284,
47871,45.03950764,
47872,45.10015691,
47873,45.41237366,
47874,46.06545514,
47875,44.98850651,
47876,45.00307472,
47877,44.89664488,
47878,44.60656425,
47879,44.54285726,
47880,44.77453786,
47881,45.3965588,
47882,44.93193375,
47883,44.83707118,
47884,44.77452539,
47885,44.46259333,
47886,43.99620741,
47887,44.26786638,
47888,44.09691964,
47889,44.086589,
47890,43.42176907,
47891,43.54621134,
47892,43.60576723,
47893,43.92852072,
47894,43.71232916,
47895,43.53705838,
47896,43.51427299,
47897,43.76103339,
47898,43.77781541,
47899,43.87123851,
47900,44.05454906,
47901,43.92796814,
47902,43.8213031,
47903,43.9682042,
47904,44.44615175,
47905,45.05920308,
47906,45.68872501,
47907,46.37392192,
47908,46.40508577,
47909,46.59041324,
47910,46.17785117,
47911,46.47592855,
47912,46.83476216,
47913,46.97216161,
47914,47.32057177,
47915,46.97524546,
47916,46.71996925,
47917,46.31879791,
47918,46.1228445,
47919,45.39345238,
47920,44.70101167,
47921,43.90629464,
47922,43.30447882,
47923,43.15894451,
47924,42.4990444,
47925,41.61280955,
47926,41.32011974,
47927,40.29314258,
47928,39.8097649,
47929,39.15091246,
47930,37.42830541,
47931,36.60018955,
47932,36.49875644,
47933,35.46820733,
47934,34.33611809,
47935,33.90385746,
47936,33.21504233,
47937,32.45985129,
47938,30.97069408,
47939,29.91554781,
47940,29.77321406,
47941,28.33608151,
47942,26.8710105,
47943,26.28475409,
47944,23.92288227,
47945,23.63573091,
47946,22.25408369,
47947,19.91575569,
47948,17.64556739,
47949,16.8822399,
47950,15.68042922,
47951,13.45577014,
47952,12.68080644,
47953,11.41078299,
47954,8.562090226,
47955,6.615586076,
47956,6.034342048,
47957,5.862523995,
47958,4.235647699,
47959,2.438715321,
47960,2.246644707,
47961,1.681753952,
47962,0.7054749911,
47963,2.4054636,
47964,3.28372342,
47965,3.163256449,
47966,2.943614969,
47967,5.28020535,
47968,5.438036537,
47969,6.006580786,
47970,6.959887943,
47971,7.902502157,
47972,10.43718845,
47973,10.96025061,
47974,11.31423173,
47975,12.29665937,
47976,12.75700885,
47977,13.0041657,
47978,13.91736772,
47979,14.58770406,
47980,14.85286721,
47981,16.10213099,
47982,17.56365386,
47983,19.01356912,
47984,19.82331341,
47985,20.21729699,
47986,21.05602797,
47987,22.6279481,
47988,24.32681499,
47989,25.46549496,
47990,25.66042642,
47991,26.19919916,
47992,26.57012609,
47993,26.17550138,
47994,26.2210783,
47995,24.76842791,
47996,25.17697595,
47997,26.63471881,
47998,26.47417269,
47999,26.17801559,
48000,24.77710128,
48001,24.7759782,
48002,26.29394214,
48003,26.95855389,
48004,28.23098639,
48005,27.92419931,
48006,27.73185005,
48007,28.51924442,
48008,28.91085788,
48009,28.56664055,
48010,28.30969397,
48011,29.25222581,
48012,29.27304416,
48013,28.14173585,
48014,27.77247675,
48015,29.11183889,
48016,28.10485677,
48017,29.2426108,
48018,29.04114019,
48019,29.09746921,
48020,29.49980976,
48021,29.82957684,
48022,29.72071092,
48023,29.47449561,
48024,31.06114769,
48025,31.21091084,
48026,31.17480407,
48027,30.90323354,
48028,30.32674783,
48029,30.19250591,
48030,30.25448727,
48031,30.24935141,
48032,30.21068681,
48033,30.25592962,
48034,30.00216582,
48035,29.45591906,
48036,29.65846994,
48037,30.11640369,
48038,29.8924441,
48039,29.66612295,
48040,29.63084685,
48041,29.5610853,
48042,30.06052646,
48043,30.01832057,
48044,29.74108583,
48045,30.19642284,
48046,29.97357976,
48047,30.90839185,
48048,31.14463127,
48049,32.40584219,
48050,32.96070138,
48051,33.09579754,
48052,33.03174379,
48053,32.99687239,
48054,32.98549247,
48055,33.27676107,
48056,32.86194985,
48057,33.08719429,
48058,33.12197531,
48059,33.16210646,
48060,33.1887852,
48061,33.07864027,
48062,33.5943378,
48063,33.09069124,
48064,32.65779985,
48065,32.44973298,
48066,32.42666048,
48067,32.63915549,
48068,32.29668031,
48069,32.19842787,
48070,32.29290919,
48071,32.42636321,
48072,32.20187305,
48073,32.19062055,
48074,32.25784654,
48075,32.78771926,
48076,32.81223749,
48077,33.06819773,
48078,32.44441791,
48079,32.39009151,
48080,32.92154266,
48081,32.5782842,
48082,32.45236205,
48083,32.05833197,
48084,31.78413272,
48085,31.85190861,
48086,31.90404272,
48087,31.92729112,
48088,31.78029315,
48089,31.75207027,
48090,31.73868344,
48091,31.83510304,
48092,32.00294317,
48093,31.71157709,
48094,31.88080175,
48095,31.98165199,
48096,32.03721859,
48097,31.64192436,
48098,31.25463867,
48099,31.31853565,
48100,31.50524866,
48101,31.73489597,
48102,31.78769022,
48103,31.54191019,
48104,31.72000675,
48105,31.57487942,
48106,31.55099503,
48107,31.77579072,
48108,31.62150671,
48109,31.69822586,
48110,31.74890874,
48111,31.82704199,
48112,32.24144404,
48113,32.85509618,
48114,32.83333182,
48115,32.68803764,
48116,32.75299677,
48117,32.88257391,
48118,33.67604287,
48119,33.79625009,
48120,33.98089343,
48121,34.17976143,
48122,34.31486703,
48123,35.68321305,
48124,36.00550491,
48125,36.74068952,
48126,37.28605813,
48127,38.05892527,
48128,38.74040285,
48129,39.10872841,
48130,39.23550038,
48131,39.45981438,
48132,40.098173,
48133,39.90645676,
48134,39.36622152,
48135,39.25937736,
48136,38.66050931,
48137,38.3921926,
48138,37.61193454,
48139,36.91461495,
48140,36.64150078,
48141,36.74347101,
48142,36.64475456,
48143,36.56999861,
48144,36.08154428,
48145,35.76315461,
48146,35.62390151,
48147,35.25304708,
48148,34.97478538,
48149,34.12930459,
48150,33.95848743,
48151,33.73452431,
48152,33.49700656,
48153,33.32504928,
48154,33.29763335,
48155,32.86188328,
48156,32.14665858,
48157,31.84423077,
48158,31.34835337,
48159,31.18508909,
48160,30.29899777,
48161,29.30560687,
48162,29.29472352,
48163,28.56527542,
48164,28.49782733,
48165,27.43701674,
48166,26.69225943,
48167,26.59076703,
48168,27.18185532,
48169,25.83790635,
48170,25.2159106,
48171,24.97132106,
48172,24.92822106,
48173,23.96760303,
48174,24.34109346,
48175,23.79024036,
48176,23.73324529,
48177,23.32432717,
48178,21.23513978,
48179,21.99074481,
48180,21.39481537,
48181,21.84321762,
48182,21.34610541,
48183,21.16967984,
48184,19.68393639,
48185,19.85289572,
48186,19.66990662,
48187,19.01846006,
48188,17.34370997,
48189,16.70410334,
48190,17.12350366,
48191,17.3568233,
48192,17.226445,
48193,17.20423638,
48194,17.15580781,
48195,16.640751,
48196,17.36077718,
48197,17.61508757,
48198,17.38498433,
48199,17.14985013,
48200,16.6309311,
48201,17.12800676,
48202,17.51560596,
48203,17.95060666,
48204,18.06233618,
48205,18.00703471,
48206,18.19134857,
48207,17.98356719,
48208,18.45584493,
48209,18.92395129,
48210,20.25489871,
48211,20.72205377,
48212,22.19007972,
48213,22.49589292,
48214,22.97246588,
48215,25.30209953,
48216,26.82537237,
48217,27.5785582,
48218,27.83522562,
48219,28.8733818,
48220,30.00138341,
48221,31.3192237,
48222,32.70799505,
48223,33.95073313,
48224,36.43620108,
48225,37.62752939,
48226,38.78922115,
48227,39.07995099,
48228,41.68710739,
48229,43.60038326,
48230,44.05080095,
48231,45.5471746,
48232,48.49354943,
48233,50.18996477,
48234,51.81853888,
48235,52.05708338,
48236,53.46420919,
48237,55.99288948,
48238,57.23229482,
48239,58.17358988,
48240,59.76774209,
48241,62.00727626,
48242,62.78005574,
48243,63.58449277,
48244,64.25188234,
48245,65.6842671,
48246,66.86811068,
48247,67.93150973,
48248,68.23187661,
48249,69.67121926,
48250,70.78112714,
48251,71.48303599,
48252,71.5528516,
48253,72.00742433,
48254,73.34373615,
48255,74.22890378,
48256,75.37955514,
48257,76.09158148,
48258,77.50825192,
48259,77.79469218,
48260,77.70364343,
48261,77.99812283,
48262,78.12503965,
48263,77.6676387,
48264,77.23647389,
48265,76.54923933,
48266,76.06276829,
48267,76.65503207,
48268,76.77705054,
48269,76.78227576,
48270,77.20187882,
48271,78.07094339,
48272,78.24049778,
48273,78.09242146,
48274,78.38248464,
48275,78.79718039,
48276,79.01102613,
48277,79.40475774,
48278,79.92539776,
48279,80.52678289,
48280,80.92004335,
48281,81.462699,
48282,82.17441874,
48283,82.75615052,
48284,83.69654339,
48285,84.12235194,
48286,84.871365,
48287,86.66054697,
48288,87.63270789,
48289,88.32197613,
48290,89.01890578,
48291,90.32037968,
48292,92.07732434,
48293,92.63227018,
48294,92.43997978,
48295,93.08373093,
48296,93.35855961,
48297,94.44537461,
48298,95.397485,
48299,95.98402289,
48300,96.94134828,
48301,98.33068322,
48302,98.95037681,
48303,99.53261834,
48304,100.1971172,
48305,100.8121055,
48306,101.7998265,
48307,102.988897,
48308,102.2728393,
48309,102.8653667,
48310,104.8808968,
48311,105.5480098,
48312,106.0329504,
48313,106.9332592,
48314,108.032904,
48315,108.4885343,
48316,108.5759858,
48317,110.5424992,
48318,110.625778,
48319,111.1995027,
48320,112.298392,
48321,112.572026,
48322,112.7364376,
48323,112.6763743,
48324,113.5085549,
48325,112.7707133,
48326,113.1439612,
48327,112.4225972,
48328,112.5876799,
48329,113.0622222,
48330,112.8083008,
48331,113.0682462,
48332,113.6081086,
48333,113.5433198,
48334,113.5536342,
48335,113.5938569,
48336,114.825227,
48337,115.287494,
48338,116.1628307,
48339,116.3561704,
48340,117.7841074,
48341,118.8485443,
48342,119.2947619,
48343,119.2124442,
48344,121.2367592,
48345,122.2434477,
48346,122.8271217,
48347,123.1920407,
48348,124.9204134,
48349,126.5060846,
48350,126.9293527,
48351,127.8304595,
48352,128.8138794,
48353,131.4723429,
48354,132.4842723,
48355,133.3397131,
48356,135.0061144,
48357,136.5468488,
48358,138.330229,
48359,138.6427256,
48360,140.9795185,
48361,144.1887779,
48362,144.9407039,
48363,146.480948,
48364,148.7991454,
48365,150.6277065,
48366,151.2307794,
48367,152.9711174,
48368,155.3173164,
48369,157.386235,
48370,158.5367665,
48371,160.2417047,
48372,162.3667621,
48373,163.0511195,
48374,163.8042533,
48375,165.784667,
48376,168.9932194,
48377,170.7913631,
48378,171.2784869,
48379,172.6768476,
48380,174.0436866,
48381,175.7582633,
48382,176.8874312,
48383,177.8593716,
48384,180.3238319,
48385,182.5374096,
48386,183.0595864,
48387,184.4221112,
48388,185.8631706,
48389,187.7526239,
48390,188.8039475,
48391,189.7310843,
48392,192.6989236,
48393,194.6726648,
48394,194.9956222,
48395,196.5253292,
48396,198.7729931,
48397,200.2677927,
48398,201.1712271,
48399,202.4229539,
48400,203.6255901,
48401,204.5563894,
48402,205.6640245,
48403,205.9493976,
48404,207.0699644,
48405,208.7279506,
48406,210.2302084,
48407,211.373586,
48408,212.1963086,
48409,213.6769334,
48410,215.6503625,
48411,217.2198724,
48412,218.1593249,
48413,219.2447412,
48414,221.7549331,
48415,222.6593078,
48416,223.5630704,
48417,225.4771694,
48418,227.7191922,
48419,228.5863713,
48420,229.9195965,
48421,231.6075767,
48422,233.4957458,
48423,234.6124331,
48424,235.9215733,
48425,238.1415953,
48426,240.674095,
48427,241.3751633,
48428,242.4275425,
48429,243.6598156,
48430,245.2083525,
48431,246.0974903,
48432,246.4777665,
48433,247.2003713,
48434,249.1302424,
48435,251.0470326,
48436,251.5001616,
48437,252.7273417,
48438,253.8089016,
48439,254.4943554,
48440,254.9029869,
48441,254.7506547,
48442,255.4833869,
48443,256.8558171,
48444,256.449421,
48445,256.9098422,
48446,257.8236835,
48447,258.0802652,
48448,258.2664367,
48449,258.8582723,
48450,258.7941078,
48451,258.5931772,
48452,259.3388733,
48453,259.6792126,
48454,260.0597502,
48455,260.5382613,
48456,261.494705,
48457,262.2415659,
48458,262.4304668,
48459,262.5600246,
48460,263.1180912,
48461,263.8371099,
48462,264.3002106,
48463,264.8161524,
48464,265.3835568,
48465,266.4316871,
48466,267.2408964,
48467,267.4832307,
48468,267.8988659,
48469,268.3541972,
48470,268.6718408,
48471,268.5852576,
48472,268.5500662,
48473,268.3479228,
48474,267.8323713,
48475,267.266055,
48476,266.9618738,
48477,266.4782867,
48478,265.6891945,
48479,265.1611053,
48480,264.6563647,
48481,263.909684,
48482,263.576894,
48483,262.5489574,
48484,261.4762021,
48485,260.8893534,
48486,260.6755256,
48487,259.7394794,
48488,258.49886,
48489,257.0542812,
48490,256.3146271,
48491,255.3267168,
48492,254.3353429,
48493,253.0603424,
48494,252.4687203,
48495,251.5948343,
48496,250.9703177,
48497,248.9790028,
48498,247.2458854,
48499,246.7079132,
48500,245.8091733,
48501,244.3485106,
48502,242.9198604,
48503,241.57733,
48504,240.5193586,
48505,238.295022,
48506,236.5293373,
48507,236.0968354,
48508,235.0643765,
48509,233.2930547,
48510,231.8012441,
48511,230.7114272,
48512,229.9823552,
48513,228.734349,
48514,226.6438051,
48515,225.8356966,
48516,224.9950676,
48517,224.1490684,
48518,222.7325341,
48519,221.8976868,
48520,221.4074102,
48521,221.1618041,
48522,221.3086476,
48523,221.0641226,
48524,220.9791301,
48525,220.6871842,
48526,220.6368792,
48527,219.44278,
48528,216.6638313,
48529,215.145596,
48530,214.4102128,
48531,213.8928206,
48532,212.6179974,
48533,211.000815,
48534,209.6267686,
48535,208.1231769,
48536,205.925957,
48537,203.4738087,
48538,202.7921589,
48539,201.2906782,
48540,199.0166249,
48541,196.9313388,
48542,196.0807736,
48543,193.6930022,
48544,190.9795585,
48545,189.9174103,
48546,189.2397399,
48547,186.9338327,
48548,184.2683075,
48549,183.4467439,
48550,182.6889855,
48551,179.9423997,
48552,177.786216,
48553,176.4579484,
48554,175.5631057,
48555,174.2151722,
48556,172.5495429,
48557,171.9545791,
48558,170.9646965,
48559,170.0000549,
48560,167.9657137,
48561,167.1250484,
48562,166.6002558,
48563,166.2949604,
48564,165.8060207,
48565,165.5965558,
48566,165.2680158,
48567,165.2654758,
48568,164.725416,
48569,163.9897008,
48570,163.5477196,
48571,163.5365468,
48572,163.1692341,
48573,162.4718104,
48574,162.1094497,
48575,162.3934396,
48576,162.072681,
48577,161.5846804,
48578,161.288398,
48579,161.0731257,
48580,160.6834863,
48581,160.3219494,
48582,160.1331786,
48583,160.2695389,
48584,160.6337355,
48585,161.3375003,
48586,161.779807,
48587,162.0956084,
48588,162.9318226,
48589,163.5367881,
48590,163.7648689,
48591,164.4317922,
48592,165.8883615,
48593,167.1271328,
48594,168.2136482,
48595,168.2933484,
48596,168.8304475,
48597,169.9596067,
48598,170.8524779,
48599,171.1408594,
48600,171.4742679,
48601,173.0596999,
48602,174.4619864,
48603,175.2729899,
48604,176.3049864,
48605,177.5119394,
48606,179.0041679,
48607,179.1667793,
48608,180.0495509,
48609,180.1567927,
48610,181.6963678,
48611,182.838765,
48612,183.1499391,
48613,183.2361252,
48614,183.2306147,
48615,182.9340691,
48616,182.8055263,
48617,182.752095,
48618,182.9374227,
48619,182.8017026,
48620,182.8321016,
48621,182.2475983,
48622,181.7178328,
48623,181.07805,
48624,180.9762048,
48625,180.5381191,
48626,180.361966,
48627,179.3818804,
48628,178.204558,
48629,178.4724393,
48630,179.0604823,
48631,178.7022025,
48632,178.5801451,
48633,178.7241951,
48634,178.4944149,
48635,178.5702805,
48636,178.1531417,
48637,177.6436508,
48638,177.9973153,
48639,178.8399298,
48640,178.9547968,
48641,178.5395541,
48642,178.5845853,
48643,178.4452353,
48644,176.9939299,
48645,177.4944893,
48646,178.0395933,
48647,177.10237,
48648,177.6490532,
48649,177.6227723,
48650,177.1714294,
48651,176.5720321,
48652,176.999326,
48653,177.2872903,
48654,176.850523,
48655,176.5897911,
48656,176.7712802,
48657,176.3807084,
48658,175.8010747,
48659,175.2995656,
48660,176.7403877,
48661,176.1269939,
48662,176.0846628,
48663,175.5473128,
48664,175.3663935,
48665,175.5860086,
48666,175.5958642,
48667,175.0999057,
48668,174.9956857,
48669,174.9466629,
48670,174.843194,
48671,174.5487695,
48672,174.6895759,
48673,174.4630102,
48674,174.7486143,
48675,174.3330446,
48676,173.4879221,
48677,173.2545455,
48678,172.6470794,
48679,172.5688018,
48680,171.4822206,
48681,171.6767735,
48682,171.6106496,
48683,171.4242565,
48684,171.0879231,
48685,171.0471708,
48686,170.8242633,
48687,170.5377719,
48688,170.0577231,
48689,169.6722562,
48690,169.8641387,
48691,169.3744128,
48692,169.4089239,
48693,169.54605,
48694,169.3271422,
48695,169.2864179,
48696,168.7140332,
48697,168.6717412,
48698,168.1713553,
48699,167.6073928,
48700,167.5366784,
48701,167.4237084,
48702,167.0948297,
48703,167.0437008,
48704,166.7871602,
48705,166.5642476,
48706,166.2486019,
48707,165.51752,
48708,165.1427092,
48709,164.6244577,
48710,163.7489081,
48711,163.2629378,
48712,162.1289034,
48713,161.899675,
48714,161.0170878,
48715,160.2658448,
48716,159.5937917,
48717,159.7403189,
48718,158.9236056,
48719,158.6783039,
48720,157.4099153,
48721,156.8366569,
48722,156.0529711,
48723,155.249137,
48724,154.8677498,
48725,154.2508941,
48726,152.8362059,
48727,152.0801329,
48728,151.5249527,
48729,150.3807189,
48730,149.3966987,
48731,148.3565078,
48732,147.9279331,
48733,148.0132814,
48734,147.3144841,
48735,146.333815,
48736,145.5902129,
48737,145.3381895,
48738,144.6965506,
48739,143.7883456,
48740,143.6684609,
48741,142.822516,
48742,142.7585017,
48743,142.8733363,
48744,142.7110695,
48745,142.5509225,
48746,141.9389521,
48747,141.4954454,
48748,141.355733,
48749,139.7657039,
48750,138.8588425,
48751,138.2722122,
48752,138.2189514,
48753,137.7054582,
48754,137.0851701,
48755,136.4150369,
48756,135.733879,
48757,135.1755222,
48758,134.9947914,
48759,133.4722277,
48760,132.230423,
48761,131.5285126,
48762,130.7950042,
48763,129.8696884,
48764,128.4790926,
48765,127.8376,
48766,127.4300027,
48767,126.8993188,
48768,126.9561203,
48769,125.7096566,
48770,125.3117803,
48771,124.7607688,
48772,124.1910399,
48773,123.3101301,
48774,122.7474783,
48775,122.3128979,
48776,121.8722622,
48777,120.9001674,
48778,120.5499082,
48779,120.0694136,
48780,118.9902952,
48781,118.476629,
48782,118.3664652,
48783,118.5717369,
48784,118.7228172,
48785,118.4832822,
48786,118.6079496,
48787,118.7258864,
48788,118.707211,
48789,119.1267076,
48790,119.2801066,
48791,119.5363957,
48792,120.1830973,
48793,121.1854312,
48794,122.352373,
48795,123.0779594,
48796,123.4350151,
48797,123.9124179,
48798,124.9161431,
48799,126.002293,
48800,126.7522708,
48801,127.0492604,
48802,127.506043,
48803,128.8517901,
48804,130.0865286,
48805,130.7086093,
48806,131.0809701,
48807,132.6553896,
48808,133.2038142,
48809,133.6442092,
48810,133.4873906,
48811,133.956534,
48812,134.8263557,
48813,136.0274301,
48814,137.322131,
48815,137.4795974,
48816,138.1309295,
48817,138.7482087,
48818,139.4836675,
48819,140.0130915,
48820,140.549709,
48821,141.2956664,
48822,143.3354319,
48823,144.6636327,
48824,145.6207622,
48825,146.8452185,
48826,148.4329209,
48827,149.8403623,
48828,150.1328857,
48829,151.7067342,
48830,153.3124407,
48831,155.0235534,
48832,155.4060996,
48833,155.874857,
48834,157.4079967,
48835,158.6366783,
48836,159.8570541,
48837,160.1489432,
48838,162.1519022,
48839,162.6322447,
48840,163.8851517,
48841,164.2179609,
48842,164.9837747,
48843,165.4409071,
48844,166.6444713,
48845,167.4969382,
48846,169.1437144,
48847,171.007737,
48848,172.6841038,
48849,173.5012932,
48850,173.9964533,
48851,174.6464808,
48852,176.7080496,
48853,177.9098517,
48854,178.7603739,
48855,180.0664142,
48856,182.0987999,
48857,183.5841668,
48858,184.7551469,
48859,185.2117074,
48860,185.4191467,
48861,185.7260367,
48862,185.5288533,
48863,185.6753779,
48864,186.0115253,
48865,186.9168232,
48866,188.1264572,
48867,188.9835327,
48868,190.1849528,
48869,192.6647936,
48870,194.9764401,
48871,195.4169283,
48872,196.1213028,
48873,197.7096241,
48874,199.4866368,
48875,200.4769083,
48876,201.9373396,
48877,202.5519367,
48878,204.4105566,
48879,205.8069116,
48880,207.0725315,
48881,207.6146687,
48882,208.2360509,
48883,208.4775929,
48884,209.4905045,
48885,210.1111745,
48886,210.8032518,
48887,211.2624871,
48888,211.2622925,
48889,211.7543386,
48890,211.9433016,
48891,213.039982,
48892,213.584923,
48893,213.5603304,
48894,213.5544424,
48895,213.790005,
48896,214.3009856,
48897,215.0911875,
48898,215.0108146,
48899,215.2550039,
48900,215.7001344,
48901,215.8575216,
48902,216.0903433,
48903,216.3963307,
48904,216.2644593,
48905,216.2696687,
48906,216.2329391,
48907,216.1890165,
48908,216.4285595,
48909,216.1568204,
48910,215.8179475,
48911,215.6521827,
48912,215.355507,
48913,214.8298472,
48914,214.6029946,
48915,214.3434056,
48916,214.3807175,
48917,214.4770551,
48918,214.4753288,
48919,213.9499199,
48920,213.679477,
48921,213.1025764,
48922,212.6625296,
48923,212.4431041,
48924,212.1868769,
48925,211.5222364,
48926,210.6133206,
48927,210.0603384,
48928,209.6120004,
48929,208.9969091,
48930,208.1861102,
48931,207.3007375,
48932,206.8170542,
48933,206.6351007,
48934,205.9300139,
48935,205.280379,
48936,204.4856338,
48937,203.6661609,
48938,203.1700134,
48939,202.7710345,
48940,201.8002796,
48941,201.0365063,
48942,200.817212,
48943,200.2954467,
48944,199.2249776,
48945,198.3006745,
48946,198.1304526,
48947,197.9344778,
48948,196.9372483,
48949,196.449281,
48950,195.9534015,
48951,195.4152625,
48952,194.3587327,
48953,193.4786412,
48954,192.7114278,
48955,192.3386371,
48956,191.5100248,
48957,190.8646564,
48958,190.3214933,
48959,189.8454229,
48960,188.3844954,
48961,187.4226241,
48962,186.4824955,
48963,185.8996693,
48964,184.8865075,
48965,184.0299667,
48966,182.4849413,
48967,181.7219635,
48968,181.8313174,
48969,179.7832441,
48970,178.4284862,
48971,177.5680844,
48972,177.0569141,
48973,176.4272333,
48974,176.0609853,
48975,175.5227302,
48976,175.4338443,
48977,174.3906315,
48978,173.4636534,
48979,172.8774979,
48980,172.4004075,
48981,171.2011591,
48982,169.6930514,
48983,168.5007435,
48984,167.9874733,
48985,167.691846,
48986,165.4346176,
48987,164.6541648,
48988,162.7537641,
48989,161.8721031,
48990,160.2933703,
48991,158.613943,
48992,157.1075047,
48993,156.1948718,
48994,154.6749054,
48995,153.0067934,
48996,152.0056596,
48997,150.7107016,
48998,149.5720462,
48999,147.6469638,
49000,146.9291632,
49001,146.3630448,
49002,145.0778634,
49003,143.6048678,
49004,142.4825946,
49005,141.5565311,
49006,139.6172062,
49007,137.9776799,
49008,137.1436909,
49009,137.0325356,
49010,136.0844918,
49011,135.2604676,
49012,134.2160544,
49013,133.8813552,
49014,133.5898099,
49015,133.231541,
49016,132.7118004,
49017,132.6598227,
49018,132.3553965,
49019,131.4112877,
49020,130.8759286,
49021,130.3625348,
49022,129.2787373,
49023,128.4727368,
49024,128.3385855,
49025,128.1722805,
49026,128.2280336,
49027,127.9894549,
49028,127.267991,
49029,127.0275637,
49030,127.2537844,
49031,127.0162622,
49032,126.9810697,
49033,127.2632115,
49034,128.0583408,
49035,128.5783174,
49036,128.8720167,
49037,129.1068679,
49038,129.6624871,
49039,129.981109,
49040,130.1631464,
49041,130.7107614,
49042,131.4427815,
49043,132.1350509,
49044,131.8587543,
49045,132.3115341,
49046,132.8855054,
49047,133.671603,
49048,133.7441247,
49049,134.5501,
49050,135.0187261,
49051,135.7838061,
49052,135.9546409,
49053,136.2795803,
49054,136.7674379,
49055,137.7637162,
49056,138.3025005,
49057,138.9544468,
49058,140.4051299,
49059,141.9823514,
49060,142.3409393,
49061,143.5528186,
49062,145.0460728,
49063,146.2453044,
49064,146.5403925,
49065,148.1362194,
49066,149.645303,
49067,150.785803,
49068,150.8653841,
49069,151.9220237,
49070,153.2644803,
49071,154.3575688,
49072,154.7059598,
49073,155.3827562,
49074,156.317773,
49075,158.3712828,
49076,160.2484439,
49077,161.0237315,
49078,161.5755787,
49079,163.4109781,
49080,164.4677615,
49081,166.1470854,
49082,166.6663933,
49083,168.3046295,
49084,170.0304419,
49085,170.7608437,
49086,171.5448311,
49087,173.3795201,
49088,174.9502813,
49089,175.7660451,
49090,176.539836,
49091,177.8426374,
49092,180.0110111,
49093,180.1149709,
49094,180.5343043,
49095,181.0014151,
49096,181.0490888,
49097,181.4979181,
49098,181.5850165,
49099,181.3679065,
49100,181.5044624,
49101,182.0742057,
49102,182.4692164,
49103,182.8282487,
49104,183.4902314,
49105,184.3716232,
49106,184.736455,
49107,184.4881111,
49108,184.4720139,
49109,185.1720819,
49110,185.6662077,
49111,186.0038984,
49112,185.9495905,
49113,185.5537407,
49114,185.1115553,
49115,184.8852973,
49116,184.6242418,
49117,184.0970967,
49118,183.3939562,
49119,182.7350858,
49120,182.8564724,
49121,182.8886301,
49122,182.6627442,
49123,182.3908201,
49124,182.2889694,
49125,181.9149241,
49126,181.2467634,
49127,180.8966026,
49128,180.8854013,
49129,180.996841,
49130,181.4250572,
49131,181.7596483,
49132,182.0064942,
49133,182.0291093,
49134,182.2019639,
49135,182.6258962,
49136,182.8347133,
49137,183.0392838,
49138,183.2159716,
49139,183.4347403,
49140,183.8330423,
49141,184.0936712,
49142,184.798313,
49143,185.7879263,
49144,187.1764101,
49145,187.9647148,
49146,188.6994709,
49147,189.7532542,
49148,190.4911801,
49149,191.4852815,
49150,192.2997974,
49151,192.6455148,
49152,193.931548,
49153,195.0559575,
49154,196.0355295,
49155,196.739926,
49156,197.0200659,
49157,198.0814518,
49158,198.8484339,
49159,199.2567732,
49160,199.9341545,
49161,200.5498594,
49162,201.1696472,
49163,201.2518242,
49164,201.2260802,
49165,201.700551,
49166,201.6661717,
49167,201.7809224,
49168,201.3190395,
49169,201.2134941,
49170,201.1632532,
49171,201.0290268,
49172,200.6492521,
49173,200.3215632,
49174,199.8055101,
49175,199.3530666,
49176,198.575356,
49177,197.3646551,
49178,196.731017,
49179,196.4955227,
49180,195.6879513,
49181,194.3942401,
49182,193.5878441,
49183,193.824045,
49184,192.8632409,
49185,191.6976561,
49186,191.7949687,
49187,191.6013022,
49188,190.6694012,
49189,190.2519442,
49190,189.1852052,
49191,187.9163884,
49192,187.5035553,
49193,187.344498,
49194,187.9445598,
49195,186.5128197,
49196,185.1958211,
49197,183.8660302,
49198,184.8663944,
49199,184.1945983,
49200,182.5741821,
49201,181.8671269,
49202,181.4031579,
49203,181.2126058,
49204,180.7254031,
49205,179.5572017,
49206,179.3879525,
49207,179.3972489,
49208,178.8318928,
49209,177.9137079,
49210,176.9789712,
49211,177.295882,
49212,177.2146745,
49213,177.1552281,
49214,176.5019891,
49215,176.326033,
49216,176.3506241,
49217,176.6024656,
49218,176.1209074,
49219,176.179056,
49220,175.945421,
49221,176.2078953,
49222,175.7624495,
49223,175.7800607,
49224,176.2734988,
49225,176.9179024,
49226,177.4244702,
49227,178.1090241,
49228,178.2293761,
49229,179.0974121,
49230,180.1861965,
49231,180.6419539,
49232,180.8558361,
49233,181.3105869,
49234,182.2282042,
49235,183.1223212,
49236,183.8535833,
49237,184.1983448,
49238,185.4326203,
49239,186.4530843,
49240,187.7558339,
49241,188.2374562,
49242,189.0125668,
49243,189.845248,
49244,191.6339639,
49245,192.3994949,
49246,192.51582,
49247,193.1119501,
49248,194.0499382,
49249,195.404298,
49250,195.8192952,
49251,196.6299707,
49252,197.7438295,
49253,198.8915731,
49254,199.5348811,
49255,199.4553386,
49256,201.10896,
49257,202.1586988,
49258,202.8954719,
49259,203.4323461,
49260,204.3604749,
49261,205.495204,
49262,206.261122,
49263,206.78178,
49264,207.8435682,
49265,208.1827343,
49266,208.8090564,
49267,209.1359466,
49268,209.2577596,
49269,210.2447119,
49270,210.6066643,
49271,212.0252249,
49272,212.9179169,
49273,213.3682403,
49274,213.8632197,
49275,213.9624008,
49276,216.1918468,
49277,216.464978,
49278,216.8146616,
49279,218.1249867,
49280,219.7084965,
49281,220.9675376,
49282,221.6038879,
49283,222.2283384,
49284,223.9886625,
49285,225.980976,
49286,227.4476894,
49287,227.9266731,
49288,228.8201209,
49289,230.7116302,
49290,232.2913336,
49291,233.6090555,
49292,234.0732137,
49293,234.5373673,
49294,235.5246169,
49295,236.4098508,
49296,237.3878645,
49297,238.1951118,
49298,239.3005057,
49299,241.0562897,
49300,242.6881823,
49301,243.5256348,
49302,244.2262501,
49303,244.1281657,
49304,245.884203,
49305,246.9118569,
49306,247.6157226,
49307,249.1110715,
49308,250.0892377,
49309,251.3410078,
49310,252.4079098,
49311,253.1696069,
49312,253.5726037,
49313,255.3369267,
49314,256.7666077,
49315,257.5558764,
49316,258.4904733,
49317,259.6629172,
49318,260.9845169,
49319,261.8386836,
49320,262.0467516,
49321,263.0773683,
49322,264.4788658,
49323,264.8546096,
49324,264.7675128,
49325,265.6958361,
49326,267.2229479,
49327,268.3135996,
49328,268.9570132,
49329,269.5042494,
49330,270.1260121,
49331,270.6029893,
49332,272.0020621,
49333,273.1218979,
49334,274.2356987,
49335,275.5043596,
49336,277.2676932,
49337,279.1429449,
49338,279.2475211,
49339,280.5601221,
49340,282.4573716,
49341,283.5749748,
49342,283.8508563,
49343,284.2747179,
49344,285.3239331,
49345,286.7159733,
49346,287.8138697,
49347,288.998682,
49348,289.5095243,
49349,289.8457981,
49350,291.1285435,
49351,292.6121125,
49352,293.8260661,
49353,294.5011368,
49354,295.6366306,
49355,297.9787886,
49356,298.2036695,
49357,299.1232998,
49358,299.7041258,
49359,299.8756846,
49360,300.7584455,
49361,301.6304685,
49362,302.2736436,
49363,302.9362178,
49364,303.7277199,
49365,305.4575724,
49366,306.6440459,
49367,308.7112614,
49368,309.6095741,
49369,310.0323599,
49370,310.6313567,
49371,311.5070216,
49372,312.9452567,
49373,314.105934,
49374,315.0453142,
49375,315.9165453,
49376,316.882667,
49377,319.0621138,
49378,319.87823,
49379,320.9918461,
49380,321.3706706,
49381,321.757887,
49382,321.8482775,
49383,322.2858996,
49384,322.6131933,
49385,322.7493833,
49386,322.9496282,
49387,323.1542675,
49388,323.7836852,
49389,324.1981968,
49390,324.9389566,
49391,324.8728143,
49392,324.9581282,
49393,325.1002342,
49394,325.163373,
49395,325.1805679,
49396,325.546507,
49397,325.563629,
49398,325.6035324,
49399,325.6788992,
49400,325.6845745,
49401,325.8526032,
49402,325.9482978,
49403,326.601611,
49404,326.5228666,
49405,326.6998149,
49406,326.7998662,
49407,327.1971116,
49408,327.3016142,
49409,327.4602759,
49410,327.6011875,
49411,327.6822965,
49412,327.6618841,
49413,327.7661234,
49414,327.5484293,
49415,327.6050434,
49416,327.9734556,
49417,327.8923088,
49418,327.9547595,
49419,327.9154473,
49420,328.0103463,
49421,328.0888353,
49422,328.0135304,
49423,328.1254965,
49424,328.179925,
49425,328.1977944,
49426,328.1332375,
49427,328.3201154,
49428,328.2228473,
49429,328.2862461,
49430,328.3948398,
49431,328.542336,
49432,328.435485,
49433,328.468842,
49434,328.7002886,
49435,328.7508024,
49436,328.5914686,
49437,328.9486978,
49438,328.8780883,
49439,328.9299788,
49440,329.054328,
49441,328.8608885,
49442,328.8306648,
49443,328.8100894,
49444,328.8100894,
49445,328.8045881,
49446,328.9355227,
49447,328.8857004,
49448,328.7935411,
49449,328.7338044,
49450,328.9153469,
49451,329.0002127,
49452,329.0659966,
49453,329.1398324,
49454,329.1404169,
49455,329.2557112,
49456,329.107409,
49457,329.3625428,
49458,329.3943322,
49459,329.4426367,
49460,329.3641277,
49461,329.4174941,
49462,329.5851154,
49463,329.6011215,
49464,329.7090622,
49465,329.4079381,
49466,329.3235778,
49467,329.5647368,
49468,329.6678945,
49469,329.6066071,
49470,329.6607568,
49471,329.6414152,
49472,329.6808448,
49473,329.6607568,
49474,329.7254826,
49475,329.6757454,
49476,329.6871461,
49477,329.6767301,
49478,329.6091858,
49479,329.6091858,
49480,329.6091858,
49481,329.6198935,
49482,329.409111,
49483,329.409111,
49484,329.3704827,
49485,329.3819661,
49486,329.5421977,
49487,329.3140466,
49488,329.3587277,
49489,329.5820822,
49490,329.5975675,
49491,329.6821721,
49492,329.5201911,
49493,329.5672384,
49494,329.5178019,
49495,329.5718631,
49496,329.5063191,
49497,329.5726533,
49498,329.5726533,
49499,329.6734116,
49500,329.431569,
49501,329.5052904,
49502,329.2635387,
49503,329.4173589,
49504,329.6242086,
49505,329.648109,
49506,329.5593792,
49507,329.4099981,
49508,329.4011418,
49509,329.6752796,
49510,329.6099986,
49511,329.5737053,
49512,329.6648309,
49513,329.4747605,
49514,329.446373,
49515,329.58298,
49516,329.7044736,
49517,329.726091,
49518,330.4817197,
49519,331.0424635,
49520,331.3362969,
49521,331.5230777,
49522,331.8482636,
49523,332.0468384,
49524,332.7191978,
49525,333.2706464,
49526,333.2492824,
49527,333.5423122,
49528,333.2496908,
49529,333.5718808,
49530,333.7490702,
49531,334.0133726,
49532,334.0300879,
49533,334.0058454,
49534,333.7368112,
49535,333.6871787,
49536,333.529726,
49537,333.6848738,
49538,333.7158265,
49539,333.4495141,
49540,333.3149547,
49541,333.2755201,
49542,333.15222,
49543,333.2461559,
49544,333.2106726,
49545,333.3314987,
49546,333.6779892,
49547,333.7021555,
49548,333.7285942,
49549,333.504181,
49550,333.2691731,
49551,332.8000082,
49552,332.7187127,
49553,332.2099606,
49554,331.2287476,
49555,331.1971237,
49556,330.9539777,
49557,330.7434344,
49558,330.3374895,
49559,330.1742016,
49560,329.560323,
49561,329.4723985,
49562,329.137557,
49563,329.0671258,
49564,329.0999325,
49565,329.6759591,
49566,329.7025539,
49567,329.6855735,
49568,329.4149018,
49569,329.590865,
49570,329.7691508,
49571,329.6217738,
49572,329.4665472,
49573,328.7452128,
49574,328.6371746,
49575,328.5790148,
49576,328.4474679,
49577,328.2183079,
49578,327.9698499,
49579,327.9370617,
49580,326.9651228,
49581,326.5683448,
49582,326.4433929,
49583,326.2761339,
49584,326.2227254,
49585,325.7680538,
49586,325.1334393,
49587,324.9566053,
49588,324.2467866,
49589,324.2775485,
49590,323.7494462,
49591,323.2885913,
49592,322.9612399,
49593,322.8384341,
49594,322.3574356,
49595,321.9487262,
49596,321.6156264,
49597,321.1538631,
49598,320.9205871,
49599,321.0561417,
49600,320.9026993,
49601,320.6035858,
49602,320.5113162,
49603,320.3622738,
49604,320.1944685,
49605,320.04838,
49606,319.9860717,
49607,319.9494085,
49608,319.9706462,
49609,319.0136521,
49610,318.6660433,
49611,318.7128744,
49612,318.5588196,
49613,318.3113047,
49614,318.1330209,
49615,317.746174,
49616,317.1199291,
49617,316.5630315,
49618,316.1887875,
49619,316.0251866,
49620,315.5714177,
49621,315.2428927,
49622,315.0725112,
49623,315.0591845,
49624,314.9106499,
49625,314.8522875,
49626,314.6221201,
49627,314.5877521,
49628,314.5210754,
49629,314.3868868,
49630,314.121772,
49631,314.2496853,
49632,314.0528674,
49633,314.0593485,
49634,313.8148995,
49635,313.3838675,
49636,313.1124897,
49637,312.6391925,
49638,312.4176883,
49639,312.1500731,
49640,312.1498638,
49641,312.1771996,
49642,312.080992,
49643,311.9905863,
49644,311.7711524,
49645,310.9484385,
49646,310.4222643,
49647,309.5434372,
49648,309.4538745,
49649,309.3409182,
49650,309.3372733,
49651,309.4150047,
49652,309.5189192,
49653,309.5699637,
49654,309.7821905,
49655,309.5666794,
49656,309.4813931,
49657,308.9047979,
49658,308.4787977,
49659,308.3455883,
49660,308.1644454,
49661,308.3949701,
49662,307.8780715,
49663,307.7450021,
49664,307.4387511,
49665,306.8477866,
49666,306.7681918,
49667,306.9297797,
49668,306.8890839,
49669,306.697343,
49670,306.7153912,
49671,306.35001,
49672,305.9743265,
49673,305.5220631,
49674,305.4006343,
49675,305.6294597,
49676,305.8989745,
49677,306.3189912,
49678,306.3284698,
49679,306.5571967,
49680,306.899756,
49681,306.9306359,
49682,306.8992334,
49683,306.7187144,
49684,306.7253125,
49685,306.4694849,
49686,306.2230755,
49687,306.0683448,
49688,306.1231928,
49689,305.9380888,
49690,305.7732502,
49691,305.4963386,
49692,305.3525722,
49693,304.9265072,
49694,304.5381558,
49695,304.2598495,
49696,303.8727454,
49697,303.5183396,
49698,303.531357,
49699,303.6435025,
49700,304.2019235,
49701,305.0513006,
49702,306.095229,
49703,306.7007859,
49704,306.9050427,
49705,307.1929392,
49706,308.0838767,
49707,308.3164505,
49708,308.6484489,
49709,309.2189643,
49710,309.9428496,
49711,310.3911079,
49712,310.7195614,
49713,311.2206173,
49714,311.6618275,
49715,311.8539466,
49716,312.2112067,
49717,312.6366872,
49718,312.7776443,
49719,312.7311317,
49720,313.2639219,
49721,313.5748904,
49722,313.9516159,
49723,314.5996924,
49724,315.3592729,
49725,315.701344,
49726,316.2484015,
49727,316.1628156,
49728,316.3018475,
49729,316.9078302,
49730,317.7624062,
49731,317.6046219,
49732,318.0127786,
49733,318.323782,
49734,318.4120622,
49735,318.9487354,
49736,318.9301608,
49737,319.0916075,
49738,319.6797283,
49739,319.8619716,
49740,319.6697059,
49741,319.7069935,
49742,319.8608963,
49743,319.8262108,
49744,320.0825869,
49745,320.1809431,
49746,320.2187411,
49747,320.1335833,
49748,320.2241604,
49749,320.3056108,
49750,320.2590384,
49751,320.4290944,
49752,320.5319258,
49753,320.5147089,
49754,320.4830768,
49755,320.4837505,
49756,320.5453171,
49757,320.5092535,
49758,320.5280435,
49759,320.5496236,
49760,320.5496236,
49761,320.5970099,
49762,320.625089,
49763,320.5265056,
49764,320.6509388,
49765,320.5494694,
49766,320.594296,
49767,320.6623585,
49768,320.7446694,
49769,321.0312346,
49770,321.212873,
49771,321.3067779,
49772,321.5780022,
49773,321.5250497,
49774,321.5360599,
49775,321.7450958,
49776,321.6931384,
49777,322.1292061,
49778,322.1194775,
49779,322.2120732,
49780,322.3581683,
49781,322.5367367,
49782,322.528018,
49783,322.5503012,
49784,322.7579673,
49785,322.7237632,
49786,322.6964762,
49787,322.9814116,
49788,323.0782119,
49789,323.3176036,
49790,323.6887113,
49791,324.5178987,
49792,324.9593567,
49793,325.8867287,
49794,326.4024656,
49795,327.1447851,
49796,327.6804293,
49797,328.9092788,
49798,329.1473589,
49799,329.2644239,
49800,330.1742385,
49801,331.3937758,
49802,332.3824799,
49803,333.1947771,
49804,333.9230688,
49805,335.0108525,
49806,335.9423711,
49807,336.6802591,
49808,337.0875562,
49809,337.4767199,
49810,338.2113588,
49811,339.4099882,
49812,340.5087876,
49813,341.1889622,
49814,341.8892864,
49815,342.8342067,
49816,343.6300013,
49817,344.3436622,
49818,344.5369211,
49819,344.8712603,
49820,345.5053939,
49821,346.962507,
49822,347.4710071,
49823,348.512941,
49824,349.6047309,
49825,350.6204599,
49826,351.4814159,
49827,351.7157403,
49828,351.9474072,
49829,352.2465463,
49830,352.9704688,
49831,353.7407297,
49832,354.2084422,
49833,354.4420487,
49834,354.9233645,
49835,355.5054025,
49836,356.2692864,
49837,356.9389549,
49838,357.3654908,
49839,357.4716217,
49840,357.980163,
49841,358.6579432,
49842,359.3128153,
49843,359.8257357,
49844,360.3537828,
49845,361.1387864,
49846,361.503984,
49847,361.643519,
49848,362.4263573,
49849,362.9032371,
49850,363.0924441,
49851,362.9849557,
49852,363.1479186,
49853,363.2310726,
49854,363.197047,
49855,363.2667506,
49856,363.4236946,
49857,363.4630373,
49858,363.5536948,
49859,363.5760609,
49860,363.5347518,
49861,363.5984996,
49862,363.86606,
49863,363.8670269,
49864,364.0212406,
49865,364.0454472,
49866,364.1033778,
49867,363.9994584,
49868,364.0796215,
49869,364.1898794,
49870,364.2367803,
49871,364.3303323,
49872,364.3377377,
49873,364.3857234,
49874,364.6807136,
49875,364.7852516,
49876,364.852201,
49877,364.9360471,
49878,364.9200702,
49879,365.1107,
49880,365.0808808,
49881,365.1217146,
49882,365.1269078,
49883,365.3690569,
49884,365.5885087,
49885,365.5900276,
49886,365.6744224,
49887,365.691089,
49888,365.7133972,
49889,365.7114679,
49890,365.8151356,
49891,365.87128,
49892,365.936348,
49893,366.1146211,
49894,366.2321022,
49895,366.3595292,
49896,366.8864002,
49897,367.1133594,
49898,367.1379984,
49899,367.108998,
49900,367.1206926,
49901,367.06905,
49902,366.9243949,
49903,366.839602,
49904,366.8042289,
49905,366.7626967,
49906,366.6492764,
49907,366.599856,
49908,366.4044457,
49909,366.2759387,
49910,366.2181611,
49911,366.0301617,
49912,365.7236451,
49913,365.6847144,
49914,365.7073679,
49915,365.9252797,
49916,366.1482149,
49917,366.2781833,
49918,366.5734253,
49919,367.0567454,
49920,367.1338982,
49921,367.3841558,
49922,367.6439647,
49923,368.2742615,
49924,368.4996866,
49925,368.7208386,
49926,369.0684415,
49927,369.4957118,
49928,369.9497012,
49929,370.5275049,
49930,370.870883,
49931,370.9475501,
49932,371.1419001,
49933,371.6235232,
49934,372.7508687,
49935,374.1114653,
49936,374.6761379,
49937,375.0023014,
49938,375.1452497,
49939,375.689211,
49940,376.3890065,
49941,376.9517271,
49942,377.5904697,
49943,378.619021,
49944,379.2004794,
49945,379.6230587,
49946,380.1370497,
49947,380.7510864,
49948,381.1799276,
49949,381.6512684,
49950,382.3593559,
49951,383.2691835,
49952,384.2008314,
49953,384.5397488,
49954,384.9862889,
49955,385.9275618,
49956,386.7337174,
49957,387.3809005,
49958,387.904756,
49959,387.9868159,
49960,388.2938903,
49961,388.7028296,
49962,388.9895177,
49963,388.7438272,
49964,388.7729292,
49965,389.0903135,
49966,389.0272384,
49967,389.1018171,
49968,389.0399249,
49969,388.861142,
49970,388.8702672,
49971,388.5707676,
49972,388.3491512,
49973,388.2237293,
49974,388.1391137,
49975,388.2646492,
49976,388.2863806,
49977,388.402405,
49978,388.3048471,
49979,387.6868014,
49980,387.2146117,
49981,386.8200979,
49982,386.5487924,
49983,385.8107984,
49984,385.3577702,
49985,385.1150304,
49986,384.6302565,
49987,384.1160612,
49988,383.7603692,
49989,383.1831286,
49990,382.6337948,
49991,382.162355,
49992,380.8528592,
49993,379.6199138,
49994,378.7529527,
49995,378.3554836,
49996,377.6617746,
49997,377.0177166,
49998,375.9721649,
49999,375.1198426,
50000,374.6611644,
50001,373.0882926,
50002,371.6516542,
50003,370.1683668,
50004,369.6112606,
50005,368.8291127,
50006,368.4864844,
50007,366.8070718,
50008,365.7080687,
50009,364.8738021,
50010,364.0833616,
50011,363.2462041,
50012,362.835615,
50013,362.5419742,
50014,362.456155,
50015,362.3310507,
50016,362.3104469,
50017,362.2645979,
50018,362.0455455,
50019,362.2452336,
50020,362.234801,
50021,362.2671916,
50022,362.2755192,
50023,362.3255165,
50024,362.5374262,
50025,362.6989284,
50026,363.2190926,
50027,364.1728087,
50028,364.9154073,
50029,365.1558734,
50030,364.9974994,
50031,365.3038038,
50032,365.8811627,
50033,366.8712938,
50034,368.0963519,
50035,368.3239654,
50036,368.6142035,
50037,368.8131754,
50038,369.2368219,
50039,369.3175491,
50040,369.3887405,
50041,369.5666248,
50042,370.2202052,
50043,370.7141314,
50044,371.8315282,
50045,372.2569752,
50046,373.8820018,
50047,374.2175333,
50048,374.6632549,
50049,374.7862664,
50050,374.9551856,
50051,374.9831877,
50052,375.0061928,
50053,374.9335485,
50054,374.8881942,
50055,374.7899835,
50056,374.7817771,
50057,374.8662985,
50058,374.8512502,
50059,374.8664915,
50060,375.0124481,
50061,375.0301769,
50062,374.9986012,
50063,375.2059229,
50064,375.2210965,
50065,375.3190555,
50066,375.4155627,
50067,375.4144532,
50068,375.4315568,
50069,375.2923921,
50070,375.2509065,
50071,375.3088138,
50072,375.2740269,
50073,375.3108433,
50074,375.2238383,
50075,375.2579057,
50076,375.2398201,
50077,375.3264977,
50078,375.2701474,
50079,375.3123661,
50080,375.3585964,
50081,375.2101949,
50082,375.2825531,
50083,375.2802503,
50084,375.2666899,
50085,375.2984119,
50086,375.2640859,
50087,375.383537,
50088,375.3578494,
50089,375.287329,
50090,375.2941011,
50091,375.2668168,
50092,375.262292,
50093,375.2787204,
50094,375.2986425,
50095,375.2795155,
50096,375.3881882,
50097,375.2235563,
50098,375.2707328,
50099,375.2901848,
50100,375.3736764,
50101,375.4006117,
50102,375.3672489,
50103,375.3195656,
50104,375.4237114,
50105,375.415943,
50106,375.3521287,
50107,375.3282417,
50108,375.3955768,
50109,375.354141,
50110,375.414916,
50111,375.3489509,
50112,375.4438278,
50113,375.4041373,
50114,375.4353052,
50115,375.4171528,
50116,375.4014124,
50117,375.4043448,
50118,375.4081218,
50119,375.3686984,
50120,375.4395347,
50121,375.4108589,
50122,375.4680898,
50123,375.4218584,
50124,375.4007737,
50125,375.4056895,
50126,375.4142276,
50127,375.4276904,
50128,375.4216619,
50129,375.4213698,
50130,375.4182797,
50131,375.3988259,
50132,375.408482,
50133,375.3948074,
50134,375.4234978,
50135,375.4934495,
50136,375.4432656,
50137,375.4292661,
50138,375.4488923,
50139,375.4488923,
50140,375.4461421,
50141,375.4732777,
50142,375.4732777,
50143,375.462108,
50144,375.4636442,
50145,375.4701928,
50146,375.4760461,
50147,375.4853421,
50148,375.5315766,
50149,375.5165725,
50150,375.4905413,
50151,375.5005655,
50152,375.4965135,
50153,375.4226128,
50154,375.3936605,
50155,375.4048837,
50156,375.3921533,
50157,375.3866224,
50158,375.3700898,
50159,375.3852062,
50160,375.5522555,
50161,375.4462174,
50162,375.52936,
50163,375.4740537,
50164,375.4134845,
50165,375.4441783,
50166,375.5382295,
50167,375.5370905,
50168,375.5371316,
50169,375.5150288,
50170,375.5031577,
50171,375.5031577,
50172,375.5150288,
50173,375.5150288,
50174,375.5142094,
50175,375.4963253,
50176,375.5150288,
50177,375.5150288,
50178,375.4659074,
50179,375.4637412,
50180,375.4317288,
50181,375.4515658,
50182,375.4648425,
50183,375.4736413,
50184,375.500026,
50185,375.4934807,
50186,375.4934807,
50187,375.5155072,
50188,375.5254304,
50189,375.5155072,
50190,375.4799798,
50191,375.4932357,
50192,375.5185017,
50193,375.5259293,
50194,375.6068313,
50195,375.6320957,
50196,375.6709248,
50197,375.6645272,
50198,375.6603031,
50199,375.6838355,
50200,375.7145908,
50201,375.6824767,
50202,375.7183689,
50203,375.7722687,
50204,375.7382491,
50205,375.6496635,
50206,375.709014,
50207,375.69448,
50208,375.710097,
50209,375.7710596,
50210,375.7808267,
50211,375.7787181,
50212,375.8344263,
50213,375.845442,
50214,375.8698619,
50215,375.9192515,
50216,375.9239924,
50217,375.941186,
50218,375.8745024,
50219,375.8989223,
50220,375.8926295,
50221,375.9014022,
50222,376.4231601,
50223,376.9515307,
50224,377.2977028,
50225,377.7921433,
50226,378.3551486,
50227,378.686663,
50228,378.9207788,
50229,379.5125751,
50230,379.9699929,
50231,380.3173856,
50232,380.5791128,
50233,381.0079017,
50234,381.4768017,
50235,382.4124825,
50236,382.4270233,
50237,382.6356024,
50238,382.8660664,
50239,382.8469175,
50240,383.2289585,
50241,383.8796235,
50242,384.0543806,
50243,384.6690843,
50244,385.1204048,
50245,386.086795,
50246,386.8627383,
50247,387.5598305,
50248,387.6913224,
50249,388.3645134,
50250,388.783436,
50251,389.2177839,
50252,389.5260605,
50253,389.9818199,
50254,390.5179455,
50255,390.5603373,
50256,390.6352596,
50257,390.6284108,
50258,390.6002269,
50259,390.3276858,
50260,390.4211389,
50261,390.399626,
50262,390.8737144,
50263,391.2088374,
50264,391.515872,
50265,392.0551076,
50266,392.216204,
50267,392.4293288,
50268,392.4498532,
50269,392.5137429,
50270,392.4705603,
50271,392.4048072,
50272,392.1935669,
50273,392.1308433,
50274,391.8855099,
50275,391.8071752,
50276,391.7712872,
50277,391.7932836,
50278,391.778152,
50279,391.839968,
50280,391.8908036,
50281,391.9630128,
50282,392.0510701,
50283,391.8007384,
50284,391.4748659,
50285,391.4383612,
50286,391.4045914,
50287,391.3820119,
50288,391.7184751,
50289,391.6789721,
50290,391.4915129,
50291,391.4105758,
50292,391.3890774,
50293,391.4050502,
50294,391.2227389,
50295,391.3847662,
50296,392.0099916,
50297,391.9384348,
50298,391.633512,
50299,391.7594509,
50300,391.5635685,
50301,391.6782151,
50302,391.5342216,
50303,391.29032,
50304,390.544963,
50305,390.1780101,
50306,389.4068799,
50307,389.3364425,
50308,389.2967897,
50309,389.1544379,
50310,389.1540532,
50311,388.7914377,
50312,387.9552003,
50313,388.0838372,
50314,387.4212974,
50315,387.2440933,
50316,386.9987341,
50317,386.5839687,
50318,386.5957511,
50319,385.8927835,
50320,385.1677276,
50321,384.6164865,
50322,383.6302242,
50323,383.1339206,
50324,382.0307272,
50325,382.1066336,
50326,382.1558055,
50327,382.3901415,
50328,382.5955284,
50329,382.9124322,
50330,383.3005237,
50331,383.6572047,
50332,384.0740481,
50333,384.2003791,
50334,383.8434362,
50335,383.4715694,
50336,383.583711,
50337,383.646359,
50338,383.468962,
50339,383.4441552,
50340,383.1202665,
50341,383.6446658,
50342,383.4710009,
50343,383.2557654,
50344,383.3029616,
50345,383.0098051,
50346,382.8856151,
50347,382.4056561,
50348,382.4313703,
50349,382.5100963,
50350,381.7634762,
50351,381.6340436,
50352,381.8628921,
50353,381.4507492,
50354,381.507856,
50355,381.0145629,
50356,381.409454,
50357,381.2620775,
50358,381.1669871,
50359,381.2828618,
50360,381.152996,
50361,381.219923,
50362,381.3669016,
50363,381.0379784,
50364,380.9690392,
50365,381.6505742,
50366,380.9030582,
50367,380.7745424,
50368,380.4410509,
50369,380.4059562,
50370,379.8804958,
50371,379.084209,
50372,379.5986914,
50373,379.0064961,
50374,378.853141,
50375,379.1986717,
50376,379.3717851,
50377,378.8475864,
50378,379.1135818,
50379,379.0336867,
50380,378.8514733,
50381,377.9779351,
50382,378.5575406,
50383,378.454195,
50384,378.4580233,
50385,378.5119283,
50386,379.1697862,
50387,379.6803522,
50388,379.9053885,
50389,380.3707233,
50390,380.437538,
50391,380.8147173,
50392,381.1185182,
50393,381.5278599,
50394,382.3493613,
50395,382.3154781,
50396,382.4805086,
50397,382.4550157,
50398,382.4192583,
50399,382.634515,
50400,382.3367124,
50401,382.4448329,
50402,382.5522149,
50403,382.1738874,
50404,382.3302954,
50405,382.546323,
50406,382.6786048,
50407,382.6534684,
50408,382.8680374,
50409,383.0434346,
50410,382.8781671,
50411,383.0641787,
50412,383.1729284,
50413,383.0815218,
50414,383.427075,
50415,382.8143348,
50416,382.9210955,
50417,383.0873869,
50418,383.8465682,
50419,383.5720498,
50420,383.5380536,
50421,383.9160714,
50422,383.8441171,
50423,383.73201,
50424,384.0921085,
50425,383.5195781,
50426,383.3699636,
50427,383.9116627,
50428,383.4480535,
50429,383.6646909,
50430,383.4642194,
50431,381.6193358,
50432,382.2927653,
50433,381.615908,
50434,381.6407111,
50435,380.5825354,
50436,380.4924564,
50437,381.00134,
50438,380.8304642,
50439,380.8595034,
50440,380.0124505,
50441,380.8656389,
50442,380.9322143,
50443,381.1609391,
50444,380.0855765,
50445,379.9116467,
50446,379.683809,
50447,380.126608,
50448,379.5389342,
50449,378.974467,
50450,380.5892917,
50451,379.3558546,
50452,379.2816258,
50453,379.8804421,
50454,379.3985497,
50455,379.4236301,
50456,379.6314505,
50457,379.7617789,
50458,379.9519718,
50459,380.2048855,
50460,380.3092384,
50461,380.1565605,
50462,380.9903404,
50463,381.1941826,
50464,381.6226228,
50465,381.6424076,
50466,382.5833605,
50467,383.1090306,
50468,383.4589606,
50469,383.2835034,
50470,384.0011144,
50471,384.0148082,
50472,384.8698025,
50473,385.5621095,
50474,385.6675555,
50475,385.9679727,
50476,386.300227,
50477,386.9060031,
50478,386.9935744,
50479,386.9227225,
50480,386.8595452,
50481,386.506912,
50482,386.6624705,
50483,386.1243771,
50484,386.2485193,
50485,386.3565127,
50486,386.4073169,
50487,385.7074822,
50488,385.53451,
50489,385.0122924,
50490,384.6886681,
50491,384.9870904,
50492,385.4126948,
50493,385.4205306,
50494,385.6204648,
50495,385.7369866,
50496,385.3813326,
50497,385.1331839,
50498,384.9192437,
50499,384.9672058,
50500,385.064811,
50501,384.8750617,
50502,385.0648988,
50503,385.3212565,
50504,385.3453071,
50505,385.1752094,
50506,385.5986453,
50507,385.7567664,
50508,385.7956964,
50509,385.8410715,
50510,385.8949228,
50511,386.0108927,
50512,386.0618942,
50513,386.229107,
50514,386.2516446,
50515,386.5318836,
50516,386.539986,
50517,386.8869622,
50518,386.8171711,
50519,387.0935454,
50520,387.2587411,
50521,387.3288446,
50522,387.2738537,
50523,387.2778634,
50524,387.0884948,
50525,387.0944629,
50526,387.1055339,
50527,387.0701582,
50528,387.0895221,
50529,387.3170899,
50530,387.6243374,
50531,387.4391485,
50532,387.4027507,
50533,387.4427725,
50534,387.4131892,
50535,387.3802921,
50536,387.3384907,
50537,387.3442877,
50538,387.3787132,
50539,387.4782488,
50540,387.4613432,
50541,387.5651704,
50542,387.5520246,
50543,387.6644948,
50544,387.6803519,
50545,387.667306,
50546,387.6936901,
50547,387.6791791,
50548,387.7410775,
50549,387.7135621,
50550,387.7961152,
50551,387.9040032,
50552,387.8457161,
50553,387.7691667,
50554,387.8571857,
50555,387.8503571,
50556,387.9268451,
50557,387.884612,
50558,387.880059,
50559,387.9229969,
50560,387.868397,
50561,387.8768024,
50562,387.8547777,
50563,387.8547777,
50564,388.0347927,
50565,387.9995039,
50566,387.9894384,
50567,387.9509489,
50568,387.8136292,
50569,387.8009641,
50570,387.8333167,
50571,387.8082129,
50572,387.8596779,
50573,387.8663617,
50574,387.8158766,
50575,387.8330419,
50576,387.834443,
50577,387.8054649,
50578,387.8135227,
50579,387.9192683,
50580,387.9363325,
50581,387.9194131,
50582,387.9893223,
50583,387.9471081,
50584,387.9305054,
50585,387.9305054,
50586,387.9294262,
50587,387.8984537,
50588,387.9812852,
50589,388.001341,
50590,388.0198282,
50591,388.0198282,
50592,388.0013205,
50593,388.0156608,
50594,388.0044673,
50595,387.952063,
50596,387.9570022,
50597,387.9122155,
50598,387.8828818,
50599,387.8751989,
50600,387.8528434,
50601,387.8508418,
50602,387.8508418,
50603,387.8680671,
50604,387.9124928,
50605,387.8844268,
50606,387.8840431,
50607,387.8924025,
50608,387.9034582,
50609,387.8927578,
50610,387.8924025,
50611,387.9550229,
50612,387.968296,
50613,387.9095577,
50614,387.9636577,
50615,387.8441967,
50616,387.9103287,
50617,387.8755694,
50618,387.8182762,
50619,387.8556219,
50620,387.9899409,
50621,387.9692668,
50622,387.8818894,
50623,387.911217,
50624,388.0012194,
50625,387.9596138,
50626,388.0012194,
50627,387.9880575,
50628,387.9912971,
50629,387.9912971,
50630,387.9637599,
50631,388.0562778,
50632,388.0610125,
50633,388.0225527,
50634,388.0201359,
50635,387.9851095,
50636,387.9363951,
50637,387.9827437,
50638,387.9252652,
50639,387.887413,
50640,388.0231879,
50641,387.9602226,
50642,388.0108659,
50643,387.977812,
50644,388.0319022,
50645,387.937848,
50646,387.941885,
50647,387.8513072,
50648,387.7260291,
50649,387.6926754,
50650,387.4540307,
50651,387.3549668,
50652,387.0781661,
50653,386.9162074,
50654,386.9088213,
50655,386.8741353,
50656,386.5272359,
50657,386.3404849,
50658,386.2738386,
50659,385.9110114,
50660,385.8429019,
50661,385.827509,
50662,385.8095534,
50663,386.0804788,
50664,386.2213967,
50665,386.1174623,
50666,386.1504677,
50667,386.0441023,
50668,386.1045012,
50669,385.8684571,
50670,385.6301184,
50671,385.1930127,
50672,385.0168167,
50673,384.8290645,
50674,384.6450075,
50675,384.4587432,
50676,384.091982,
50677,383.6184551,
50678,383.2237447,
50679,382.7280256,
50680,382.4431511,
50681,381.8364653,
50682,381.1482236,
50683,380.4454185,
50684,379.9561386,
50685,379.0238166,
50686,378.7339975,
50687,378.1418221,
50688,377.2590195,
50689,377.2376686,
50690,377.0516789,
50691,376.5337306,
50692,376.3916554,
50693,376.0520475,
50694,376.0552223,
50695,375.4997544,
50696,375.213377,
50697,374.7908994,
50698,374.1924021,
50699,373.763533,
50700,372.4886415,
50701,371.7756645,
50702,371.1271722,
50703,370.9942641,
50704,370.6981886,
50705,370.3508448,
50706,369.7417987,
50707,368.7922143,
50708,368.1589261,
50709,368.5338427,
50710,367.5765321,
50711,366.1778485,
50712,365.0034145,
50713,364.1582024,
50714,363.2196641,
50715,362.6201382,
50716,360.9198981,
50717,360.0975708,
50718,358.5390112,
50719,357.5303374,
50720,355.9013294,
50721,354.6887093,
50722,353.520566,
50723,352.3974218,
50724,351.2094588,
50725,349.6737618,
50726,349.0299708,
50727,348.3720777,
50728,348.119274,
50729,347.8058225,
50730,347.0146376,
50731,346.1563433,
50732,345.3050813,
50733,344.7377261,
50734,344.375718,
50735,344.3392254,
50736,344.1770968,
50737,344.0626391,
50738,343.7256148,
50739,343.7139274,
50740,343.3694022,
50741,342.6605403,
50742,342.3676866,
50743,341.5768312,
50744,340.8904838,
50745,340.607929,
50746,340.1895006,
50747,339.6211704,
50748,339.6363989,
50749,339.4375345,
50750,339.6776563,
50751,339.3718544,
50752,339.1879025,
50753,339.0859252,
50754,338.6768084,
50755,337.9342661,
50756,337.4921536,
50757,337.3072061,
50758,336.9525268,
50759,336.2800737,
50760,336.1334054,
50761,335.385958,
50762,335.2444546,
50763,335.586857,
50764,335.2710746,
50765,335.8875909,
50766,335.936378,
50767,336.0528396,
50768,336.1403193,
50769,336.2246676,
50770,336.297859,
50771,336.1983836,
50772,335.7911237,
50773,335.6580828,
50774,334.8723549,
50775,334.7030486,
50776,334.3263044,
50777,334.0021982,
50778,333.1903943,
50779,333.008872,
50780,332.1261792,
50781,331.2763583,
50782,330.5511753,
50783,330.565491,
50784,329.8604367,
50785,329.1653011,
50786,329.0696804,
50787,329.4926775,
50788,329.4045584,
50789,328.7833899,
50790,328.0398551,
50791,327.6236674,
50792,327.2353277,
50793,325.9554328,
50794,325.3159219,
50795,324.7127298,
50796,324.9566854,
50797,324.1257492,
50798,322.6899167,
50799,322.2435874,
50800,321.5436206,
50801,320.6653471,
50802,319.3028754,
50803,319.1184539,
50804,318.9344129,
50805,318.3725495,
50806,318.355021,
50807,318.3828507,
50808,318.5955986,
50809,318.8535672,
50810,319.0597023,
50811,319.525013,
50812,320.2844343,
50813,320.7686348,
50814,321.216201,
50815,321.4530994,
50816,322.0351033,
50817,322.8029278,
50818,323.6696539,
50819,323.9850476,
50820,324.5520712,
50821,324.9359702,
50822,325.5893759,
50823,326.2032131,
50824,326.8812589,
50825,327.3140481,
50826,327.896807,
50827,328.6280602,
50828,329.8004947,
50829,330.2806458,
50830,330.5905496,
50831,331.5236731,
50832,332.3317456,
50833,333.3314141,
50834,333.76793,
50835,334.6216981,
50836,335.715834,
50837,336.6555669,
50838,338.0312193,
50839,338.069232,
50840,337.9995687,
50841,338.4018359,
50842,338.5654805,
50843,339.0310694,
50844,339.5806216,
50845,340.671697,
50846,341.7980124,
50847,342.2201496,
50848,343.8529071,
50849,345.5149293,
50850,346.986488,
50851,347.7321752,
50852,348.0379671,
50853,349.5160964,
50854,350.7554921,
50855,351.8319377,
50856,352.5234646,
50857,353.2838744,
50858,354.0501754,
50859,355.3003043,
50860,355.1459711,
50861,355.1621822,
50862,356.7387783,
50863,357.8183902,
50864,358.6612422,
50865,358.8564589,
50866,359.4905269,
50867,360.03826,
50868,360.8844839,
50869,361.647032,
50870,362.1903219,
50871,362.9920895,
50872,363.5417237,
50873,364.1582601,
50874,364.2853163,
50875,364.4652563,
50876,365.0600726,
50877,365.3916019,
50878,366.2978151,
50879,366.5342189,
50880,367.1938546,
50881,367.8926832,
50882,369.0238699,
50883,369.8178244,
50884,370.1521964,
50885,370.7336155,
50886,371.6497312,
50887,372.819761,
50888,373.0384148,
50889,373.3481813,
50890,373.456236,
50891,374.1992009,
50892,374.8906318,
50893,375.1279562,
50894,375.543916,
50895,376.3466609,
50896,376.4072433,
50897,376.7285839,
50898,377.4879405,
50899,378.0109896,
50900,378.3822185,
50901,378.5766579,
50902,379.0138171,
50903,379.257183,
50904,379.3755345,
50905,379.6625437,
50906,379.9475684,
50907,380.049751,
50908,380.1709621,
50909,380.1822737,
50910,380.2403118,
50911,380.2506611,
50912,380.2836035,
50913,380.2927415,
50914,380.3436454,
50915,380.4072978,
50916,380.4664353,
50917,380.8308456,
50918,381.0327005,
50919,381.0028597,
50920,381.068588,
50921,381.219918,
50922,381.2382812,
50923,381.2820243,
50924,381.2410364,
50925,381.2488302,
50926,381.2902618,
50927,381.328867,
50928,381.3621583,
50929,381.2783984,
50930,381.3213772,
50931,381.2545406,
50932,381.2051432,
50933,381.2654025,
50934,381.2982658,
50935,381.3057566,
50936,381.3286503,
50937,381.2939481,
50938,381.4056928,
50939,381.3712759,
50940,381.4297508,
50941,381.4502899,
50942,381.4135991,
50943,381.374367,
50944,381.4317923,
50945,381.4141949,
50946,381.4235731,
50947,381.46283,
50948,381.4899474,
50949,381.4905115,
50950,381.4934632,
50951,381.4885204,
50952,381.4488735,
50953,381.4474216,
50954,381.4754311,
50955,381.5372148,
50956,381.4789809,
50957,381.4541905,
50958,381.4835815,
50959,381.4964363,
50960,381.4983809,
50961,381.4639647,
50962,381.4639647,
50963,381.5028039,
50964,381.5375357,
50965,381.6646659,
50966,381.6618746,
50967,381.661755,
50968,381.4835748,
50969,381.543509,
50970,381.5390246,
50971,381.5171115,
50972,381.5133214,
50973,381.5133214,
50974,381.5351475,
50975,381.510044,
50976,381.5033228,
50977,381.5033228,
50978,381.5133214,
50979,381.4762747,
50980,381.502581,
50981,381.4901458,
50982,381.4725311,
50983,381.4725311,
50984,381.4653652,
50985,381.5196683,
50986,381.5317145,
50987,381.5882324,
50988,381.6212197,
50989,381.5493035,
50990,381.4969212,
50991,381.4400628,
50992,381.4719702,
50993,381.2817307,
50994,381.2894843,
50995,380.948958,
50996,381.1102421,
50997,380.9779062,
50998,381.0334092,
50999,380.8913289,
51000,381.012703,
51001,380.9248003,
51002,380.430523,
51003,380.0035579,
51004,379.6431547,
51005,379.1791534,
51006,378.8959084,
51007,378.5976948,
51008,378.7746885,
51009,378.8453084,
51010,378.9887655,
51011,379.2077746,
51012,379.2731377,
51013,379.3682863,
51014,379.6143272,
51015,379.5163846,
51016,379.5258778,
51017,379.6430567,
51018,379.7906534,
51019,379.7429534,
51020,379.9187183,
51021,379.9474352,
51022,380.1955947,
51023,380.4748227,
51024,380.9271849,
51025,381.3398683,
51026,381.6712981,
51027,381.9743608,
51028,382.2857122,
51029,382.9008537,
51030,383.296069,
51031,383.7060786,
51032,383.858784,
51033,384.5670247,
51034,384.8838181,
51035,385.3029099,
51036,385.8846351,
51037,386.5791591,
51038,386.9123835,
51039,387.5523011,
51040,388.0096461,
51041,387.9236623,
51042,388.0201519,
51043,388.3538183,
51044,388.423654,
51045,388.8796066,
51046,388.9918045,
51047,389.1270219,
51048,389.0090012,
51049,389.2320722,
51050,389.2401229,
51051,389.2398318,
51052,389.3737064,
51053,389.2677332,
51054,389.5080168,
51055,389.3577094,
51056,389.1454469,
51057,389.3423203,
51058,389.1226198,
51059,389.059285,
51060,388.7712989,
51061,388.7302761,
51062,388.8473181,
51063,389.123595,
51064,388.8186468,
51065,388.8280923,
51066,388.820891,
51067,388.7031488,
51068,388.3308191,
51069,387.8435943,
51070,387.4520116,
51071,387.1265975,
51072,386.8653789,
51073,386.2665564,
51074,385.8430621,
51075,385.1042779,
51076,384.9871869,
51077,384.8885409,
51078,384.6900894,
51079,384.6881419,
51080,384.3952548,
51081,383.7762486,
51082,382.8354492,
51083,382.2419812,
51084,381.708373,
51085,381.481393,
51086,381.0930505,
51087,380.7696876,
51088,380.639932,
51089,380.8358993,
51090,380.4075081,
51091,380.2135278,
51092,379.9336493,
51093,379.4565607,
51094,379.335708,
51095,379.3129264,
51096,379.1044127,
51097,378.7087304,
51098,378.2816834,
51099,377.9290665,
51100,377.5232747,
51101,376.8713346,
51102,376.1324359,
51103,375.7453327,
51104,375.6150673,
51105,375.333532,
51106,374.9057336,
51107,374.8003832,
51108,374.4125128,
51109,374.0697446,
51110,373.2814493,
51111,372.6381521,
51112,371.6647481,
51113,371.3113556,
51114,370.3832199,
51115,369.3983819,
51116,368.6260744,
51117,368.4799816,
51118,367.5325019,
51119,366.9209569,
51120,365.7020356,
51121,364.9182581,
51122,364.5295023,
51123,364.3695722,
51124,364.4614076,
51125,364.2959888,
51126,363.7549032,
51127,363.7703942,
51128,363.5309398,
51129,363.2992578,
51130,362.8079918,
51131,363.1247164,
51132,363.1533343,
51133,363.5391478,
51134,364.1310919,
51135,365.2047781,
51136,366.3192808,
51137,366.3259673,
51138,366.3107816,
51139,366.4499556,
51140,366.4025788,
51141,366.102079,
51142,366.0361375,
51143,366.1371092,
51144,365.5022158,
51145,365.5487179,
51146,365.9379288,
51147,365.969988,
51148,365.8363713,
51149,365.9273601,
51150,365.9733202,
51151,366.3587027,
51152,366.3679394,
51153,366.094327,
51154,365.8234392,
51155,365.9392193,
51156,366.1422041,
51157,366.3710021,
51158,366.7637756,
51159,366.8945544,
51160,366.8783386,
51161,366.8767655,
51162,366.9264085,
51163,366.4128269,
51164,365.8425533,
51165,365.6832985,
51166,365.4731479,
51167,365.5474623,
51168,365.2736906,
51169,365.1537057,
51170,364.6700924,
51171,364.7813897,
51172,364.8715528,
51173,364.6750443,
51174,364.6062004,
51175,364.1695044,
51176,364.4129496,
51177,364.3567277,
51178,364.2727897,
51179,364.4943682,
51180,364.838999,
51181,364.946851,
51182,365.2408676,
51183,365.4290892,
51184,365.5709388,
51185,365.81623,
51186,366.6002115,
51187,367.3243914,
51188,367.6215121,
51189,367.8696531,
51190,368.7837242,
51191,369.4441999,
51192,370.361926,
51193,370.978452,
51194,371.1410059,
51195,372.0660478,
51196,373.036895,
51197,373.8690988,
51198,374.2581672,
51199,374.5354551,
51200,375.2213577,
51201,376.5770995,
51202,377.3099519,
51203,377.7029617,
51204,378.435938,
51205,379.1578307,
51206,380.4475554,
51207,381.7605434,
51208,382.5058107,
51209,383.3202033,
51210,384.2664907,
51211,385.388528,
51212,385.656906,
51213,385.7775745,
51214,386.0314568,
51215,386.1728531,
51216,385.6804654,
51217,386.1198621,
51218,386.6257465,
51219,386.8109687,
51220,386.7638359,
51221,387.0198234,
51222,386.6314396,
51223,386.7900853,
51224,386.9219694,
51225,386.5518566,
51226,386.403422,
51227,386.3858706,
51228,386.3647299,
51229,386.2981064,
51230,385.7740844,
51231,386.1899045,
51232,386.2590441,
51233,386.0009983,
51234,385.6780639,
51235,385.1320979,
51236,384.7024972,
51237,385.3126822,
51238,385.2814159,
51239,385.2341809,
51240,383.8494056,
51241,384.2435149,
51242,383.8402105,
51243,383.4701069,
51244,383.2947234,
51245,383.3914637,
51246,382.8663829,
51247,382.6457706,
51248,381.3803318,
51249,381.9222586,
51250,381.6802861,
51251,381.0561802,
51252,380.500436,
51253,380.2038015,
51254,380.3495268,
51255,379.8931266,
51256,379.6995848,
51257,379.8215352,
51258,379.7941132,
51259,379.6961103,
51260,379.9847265,
51261,379.8776028,
51262,380.0957733,
51263,380.0902156,
51264,380.5320938,
51265,380.8998946,
51266,381.1879374,
51267,382.0587787,
51268,382.5796326,
51269,382.9557198,
51270,383.1598685,
51271,383.5615895,
51272,383.960726,
51273,384.5302608,
51274,384.5503084,
51275,384.2981648,
51276,383.9183158,
51277,384.0630919,
51278,384.5479764,
51279,385.2086517,
51280,385.6581913,
51281,385.9747499,
51282,385.8957152,
51283,386.0135318,
51284,385.9385335,
51285,385.9941181,
51286,386.2528952,
51287,386.5566682,
51288,386.753406,
51289,387.0749215,
51290,387.892719,
51291,388.3155666,
51292,388.8372236,
51293,388.9798183,
51294,389.2129218,
51295,389.3005261,
51296,389.0206606,
51297,388.9804311,
51298,389.1041934,
51299,389.393989,
51300,389.5512555,
51301,389.907682,
51302,390.6497526,
51303,390.8806795,
51304,390.6345255,
51305,390.8736203,
51306,391.0373407,
51307,390.8940692,
51308,391.0152717,
51309,391.5086852,
51310,391.5289566,
51311,391.4423228,
51312,391.7216849,
51313,391.1544655,
51314,391.0125636,
51315,390.9219146,
51316,390.8979657,
51317,390.5869192,
51318,390.5869866,
51319,390.2445929,
51320,390.0738328,
51321,390.1062045,
51322,389.9417362,
51323,390.1360784,
51324,389.9948818,
51325,389.9169894,
51326,389.713187,
51327,389.5775354,
51328,389.4902812,
51329,389.398119,
51330,389.2388175,
51331,389.136337,
51332,389.1518144,
51333,389.2520085,
51334,389.3611179,
51335,389.3428922,
51336,389.312441,
51337,389.5566025,
51338,389.5117155,
51339,389.6150062,
51340,389.7831845,
51341,389.6776784,
51342,390.124444,
51343,390.1172417,
51344,390.1158934,
51345,389.9217251,
51346,390.1805876,
51347,390.4094678,
51348,390.658051,
51349,390.6061787,
51350,390.6452806,
51351,390.8025944,
51352,390.5896137,
51353,390.5012535,
51354,390.5505941,
51355,390.5533462,
51356,390.6002168,
51357,390.6520182,
51358,390.6331483,
51359,390.7848341,
51360,390.6751889,
51361,390.8104021,
51362,390.6626259,
51363,390.6542161,
51364,390.6897749,
51365,390.7639024,
51366,390.8058695,
51367,390.7688263,
51368,390.8420056,
51369,390.8727371,
51370,390.8926077,
51371,390.8099797,
51372,390.8791301,
51373,390.8443268,
51374,390.8504652,
51375,390.8826176,
51376,390.8524151,
51377,390.8322164,
51378,390.9660372,
51379,390.9400174,
51380,391.0528332,
51381,391.0384856,
51382,391.0107628,
51383,391.0652707,
51384,391.0218555,
51385,391.0218555,
51386,391.0467779,
51387,390.984437,
51388,391.0194804,
51389,391.1229376,
51390,391.0139713,
51391,390.9996018,
51392,391.0327204,
51393,390.97389,
51394,390.9918013,
51395,391.0369868,
51396,390.9759314,
51397,390.9970113,
51398,390.9809293,
51399,390.9502944,
51400,391.0766096,
51401,390.99219,
51402,391.0065925,
51403,390.9889898,
51404,390.9774736,
51405,391.0665255,
51406,391.0744148,
51407,390.9731474,
51408,390.9791628,
51409,390.9638481,
51410,391.0031206,
51411,391.1070665,
51412,391.058622,
51413,391.1590265,
51414,391.1075558,
51415,391.0845461,
51416,391.1084498,
51417,391.0499465,
51418,391.100951,
51419,391.1149666,
51420,391.0174231,
51421,391.1157449,
51422,391.0435262,
51423,391.0884507,
51424,390.9827649,
51425,391.0955799,
51426,391.1160902,
51427,390.9986855,
51428,391.0816524,
51429,391.1425822,
51430,391.2150921,
51431,391.2476315,
51432,391.4549429,
51433,391.4850329,
51434,391.7221903,
51435,392.1214305,
51436,392.1661891,
51437,392.007898,
51438,392.0919896,
51439,392.1507814,
51440,392.515761,
51441,392.4302204,
51442,392.8212458,
51443,392.8408198,
51444,392.870874,
51445,392.7464655,
51446,392.6738631,
51447,392.6522836,
51448,392.5625994,
51449,391.8143525,
51450,390.9549248,
51451,390.882746,
51452,390.639183,
51453,390.5960348,
51454,389.9968074,
51455,389.5661551,
51456,389.4719063,
51457,389.254402,
51458,388.9916187,
51459,388.6233208,
51460,387.9664405,
51461,387.5959452,
51462,387.144418,
51463,386.7976648,
51464,386.3519364,
51465,385.8569324,
51466,385.475437,
51467,384.90471,
51468,384.4795351,
51469,384.1056785,
51470,383.4174099,
51471,382.6291991,
51472,382.2405962,
51473,381.7694629,
51474,381.2917016,
51475,380.8352647,
51476,380.3670471,
51477,380.1630476,
51478,380.0148623,
51479,379.8158188,
51480,379.8611473,
51481,379.3988596,
51482,378.6971205,
51483,377.4019666,
51484,377.4478406,
51485,377.215533,
51486,377.3752031,
51487,376.8848244,
51488,376.7512708,
51489,376.0350182,
51490,375.7437373,
51491,375.5937337,
51492,374.8851687,
51493,374.3361413,
51494,373.7709354,
51495,373.3853785,
51496,372.2397237,
51497,371.8851341,
51498,371.2424842,
51499,370.54837,
51500,370.6333786,
51501,370.2680973,
51502,369.9862549,
51503,369.8409381,
51504,369.3144973,
51505,368.9914178,
51506,368.5927373,
51507,368.5012217,
51508,367.954494,
51509,367.2112726,
51510,367.2195259,
51511,367.6928835,
51512,367.6861795,
51513,367.7371665,
51514,367.619236,
51515,367.3806617,
51516,367.5283844,
51517,367.1034897,
51518,366.484125,
51519,366.0464842,
51520,365.9279015,
51521,365.3406711,
51522,364.9922728,
51523,365.2237211,
51524,365.6277778,
51525,365.6871382,
51526,365.5330586,
51527,365.7171013,
51528,365.9812683,
51529,366.6373062,
51530,366.9757983,
51531,367.0297758,
51532,367.3829168,
51533,367.6933867,
51534,367.8403338,
51535,367.656646,
51536,367.4881907,
51537,367.0406102,
51538,367.1237165,
51539,366.7570845,
51540,366.4174091,
51541,366.2234734,
51542,366.1429638,
51543,366.029191,
51544,365.7583346,
51545,365.7533186,
51546,365.3211895,
51547,365.0404302,
51548,365.5267767,
51549,366.2177171,
51550,366.8020542,
51551,367.1728354,
51552,367.3757832,
51553,367.993037,
51554,368.1106491,
51555,368.0719793,
51556,368.5917863,
51557,368.9389502,
51558,369.2990581,
51559,369.5611696,
51560,370.5744945,
51561,370.6608274,
51562,370.8745886,
51563,370.6339017,
51564,371.4283562,
51565,371.7670735,
51566,371.7633446,
51567,372.3915031,
51568,372.094569,
51569,372.6838077,
51570,373.3009843,
51571,373.1713704,
51572,373.8380329,
51573,374.0761133,
51574,374.5302687,
51575,374.9051974,
51576,374.703276,
51577,375.1387821,
51578,375.8126162,
51579,375.6497365,
51580,376.109667,
51581,376.7150178,
51582,377.3171041,
51583,377.5678994,
51584,378.6239729,
51585,379.3034204,
51586,380.4217532,
51587,381.1704607,
51588,381.0355713,
51589,381.5012051,
51590,382.3351965,
51591,382.9706131,
51592,383.6030101,
51593,383.2368473,
51594,383.4224482,
51595,384.3993761,
51596,384.4721808,
51597,384.610464,
51598,385.067102,
51599,385.9491684,
51600,386.2440504,
51601,386.4174286,
51602,386.5137275,
51603,387.3741304,
51604,388.1305511,
51605,388.3309442,
51606,389.0560521,
51607,389.4519175,
51608,390.1379655,
51609,390.2416583,
51610,389.8908118,
51611,389.9516041,
51612,389.8578795,
51613,390.0466731,
51614,390.0052188,
51615,390.0347804,
51616,389.4470364,
51617,389.930939,
51618,389.8826688,
51619,389.7536843,
51620,389.4858608,
51621,389.1329938,
51622,389.2454586,
51623,389.4984309,
51624,389.4143116,
51625,389.0984217,
51626,388.9732404,
51627,388.8761785,
51628,388.9034541,
51629,388.1809131,
51630,387.9169929,
51631,387.6401145,
51632,387.3218388,
51633,387.1045618,
51634,387.3065119,
51635,386.4340541,
51636,386.8273691,
51637,386.2586683,
51638,386.3499313,
51639,385.8925106,
51640,385.80503,
51641,385.2441763,
51642,384.9128511,
51643,384.6362361,
51644,384.2419892,
51645,383.9863899,
51646,383.6277909,
51647,383.65387,
51648,383.7331344,
51649,383.7608184,
51650,383.4047658,
51651,383.2925863,
51652,383.3790353,
51653,383.2042898,
51654,383.2261953,
51655,383.2270451,
51656,383.5446639,
51657,383.7913364,
51658,383.8975889,
51659,383.8788832,
51660,384.0821995,
51661,384.1525018,
51662,384.142572,
51663,384.2076853,
51664,384.2194394,
51665,384.2336452,
51666,384.1590501,
51667,383.9403906,
51668,383.8426245,
51669,383.804039,
51670,383.7137215,
51671,383.3958838,
51672,383.8089692,
51673,384.0908145,
51674,383.9514002,
51675,384.1827699,
51676,384.0341196,
51677,383.2669533,
51678,384.1581564,
51679,384.0052656,
51680,383.9036086,
51681,383.8328801,
51682,384.039785,
51683,384.038611,
51684,383.8879701,
51685,383.5844538,
51686,383.6241812,
51687,383.7720696,
51688,383.8607796,
51689,383.0138272,
51690,383.7831868,
51691,383.5975838,
51692,383.2581416,
51693,383.5330234,
51694,383.6295969,
51695,383.6468767,
51696,383.2746992,
51697,383.5157328,
51698,384.3406128,
51699,384.227697,
51700,384.3490622,
51701,383.7269974,
51702,383.8739433,
51703,383.6121338,
51704,384.0121083,
51705,384.716118,
51706,384.274227,
51707,384.3319011,
51708,383.9945775,
51709,384.074303,
51710,384.2268121,
51711,384.7056834,
51712,384.7866972,
51713,384.9404373,
51714,384.7291738,
51715,385.1804006,
51716,384.9210467,
51717,385.0977939,
51718,384.8329844,
51719,385.5905471,
51720,384.8635617,
51721,385.0665698,
51722,384.9837781,
51723,384.9332731,
51724,384.4645632,
51725,384.2361437,
51726,384.0135949,
51727,384.877661,
51728,384.652258,
51729,384.5198331,
51730,384.2601683,
51731,384.0383183,
51732,383.9209159,
51733,383.9365397,
51734,384.0358536,
51735,383.7437037,
51736,383.8615735,
51737,383.7795677,
51738,383.7298627,
51739,384.3386398,
51740,384.4576031,
51741,384.5274194,
51742,384.9150935,
51743,384.8494187,
51744,384.6593955,
51745,384.77206,
51746,384.6792144,
51747,384.9411561,
51748,385.7116796,
51749,385.9102923,
51750,386.0663442,
51751,385.8707622,
51752,386.1401689,
51753,386.4726435,
51754,386.8523357,
51755,386.7069989,
51756,386.9064187,
51757,386.9170769,
51758,387.0418332,
51759,387.0265784,
51760,386.9544132,
51761,387.0879289,
51762,386.9937647,
51763,387.0884223,
51764,387.0072942,
51765,387.2000203,
51766,387.3615032,
51767,387.0945693,
51768,386.8180167,
51769,386.5167255,
51770,386.3444649,
51771,385.8362585,
51772,385.817193,
51773,385.4888928,
51774,385.3676968,
51775,385.5263709,
51776,385.129361,
51777,385.0065891,
51778,384.8260253,
51779,385.0296864,
51780,384.9966532,
51781,385.1480282,
51782,385.1028833,
51783,385.3623179,
51784,386.0209968,
51785,386.4202475,
51786,386.5533506,
51787,387.2006874,
51788,387.0888662,
51789,387.1872603,
51790,387.4260506,
51791,387.3594708,
51792,387.2335913,
51793,387.2364373,
51794,387.8222884,
51795,387.8350586,
51796,387.8523065,
51797,387.9839863,
51798,388.2339857,
51799,388.1150618,
51800,387.9267523,
51801,387.3956798,
51802,386.6812303,
51803,385.9013671,
51804,385.2962053,
51805,384.7861229,
51806,384.5595234,
51807,384.0456151,
51808,383.0534568,
51809,382.4699073,
51810,382.4594486,
51811,381.730468,
51812,381.4335715,
51813,381.0485264,
51814,380.1734392,
51815,378.9953866,
51816,378.4616283,
51817,378.0910816,
51818,377.2385321,
51819,376.2573602,
51820,375.5023453,
51821,374.7271697,
51822,374.003108,
51823,373.4156765,
51824,372.2238517,
51825,371.9416975,
51826,371.7063228,
51827,371.556448,
51828,371.7806565,
51829,371.6980731,
51830,371.3558658,
51831,370.7646205,
51832,370.3240387,
51833,370.0509624,
51834,369.7648477,
51835,369.8398219,
51836,370.0084256,
51837,370.1904635,
51838,370.3905657,
51839,370.5181947,
51840,370.5025667,
51841,370.6116189,
51842,371.1862719,
51843,370.9516599,
51844,370.5203278,
51845,369.8778986,
51846,369.034615,
51847,368.3691164,
51848,368.0695726,
51849,367.5035368,
51850,366.5010426,
51851,365.9374302,
51852,365.539201,
51853,365.1434314,
51854,364.7052904,
51855,364.0093168,
51856,362.9718723,
51857,362.411263,
51858,361.8034792,
51859,361.8621635,
51860,360.9499434,
51861,359.5487041,
51862,358.7001426,
51863,358.0652015,
51864,356.3387036,
51865,355.6159369,
51866,354.5764863,
51867,353.6143359,
51868,353.0724448,
51869,352.7673036,
51870,352.7056865,
51871,352.5039932,
51872,352.9395996,
51873,352.626755,
51874,353.0709285,
51875,353.0852205,
51876,352.6289542,
51877,352.6975265,
51878,352.6196153,
51879,352.5272506,
51880,352.2980331,
51881,351.8181609,
51882,351.9443904,
51883,352.0715835,
51884,352.6366733,
51885,352.1617203,
51886,352.4575636,
51887,352.5636478,
51888,353.6128869,
51889,353.8637459,
51890,353.7119691,
51891,353.6190843,
51892,353.5465553,
51893,354.0509984,
51894,353.6555971,
51895,354.3548583,
51896,354.537044,
51897,354.7743326,
51898,354.3961129,
51899,354.6644718,
51900,355.18236,
51901,354.8979354,
51902,355.0658541,
51903,354.7677173,
51904,356.6017458,
51905,357.4057992,
51906,357.0869358,
51907,356.9972373,
51908,357.5554859,
51909,357.7482968,
51910,357.9031409,
51911,357.4941434,
51912,357.127012,
51913,358.1283438,
51914,357.8064609,
51915,358.5739397,
51916,358.5021006,
51917,358.6492981,
51918,359.2804975,
51919,359.0416267,
51920,358.9181033,
51921,358.7614882,
51922,358.4367679,
51923,358.2942766,
51924,358.6374241,
51925,359.2365805,
51926,360.0293407,
51927,360.0262924,
51928,360.1170747,
51929,360.5576681,
51930,360.7656959,
51931,360.9402253,
51932,361.2320569,
51933,361.3137815,
51934,361.3856861,
51935,361.5774853,
51936,361.7602121,
51937,361.8200324,
51938,361.6270663,
51939,361.3564074,
51940,360.9887061,
51941,360.9224377,
51942,360.6313282,
51943,360.237054,
51944,360.2231269,
51945,360.6449786,
51946,360.9437678,
51947,361.3053605,
51948,362.022357,
51949,362.1055075,
51950,362.738363,
51951,362.8024272,
51952,362.6138491,
51953,362.6478693,
51954,362.4467104,
51955,362.7273606,
51956,362.8734481,
51957,362.7726092,
51958,362.8760919,
51959,363.2416014,
51960,363.1887369,
51961,363.2939264,
51962,363.6896053,
51963,363.9685219,
51964,363.9523022,
51965,363.9708589,
51966,364.1065415,
51967,364.6251415,
51968,364.8987552,
51969,364.8701301,
51970,365.2429353,
51971,365.4628809,
51972,365.4314904,
51973,365.2176116,
51974,365.3080952,
51975,365.5175705,
51976,365.9262582,
51977,366.2981374,
51978,366.7716155,
51979,367.179418,
51980,367.9193912,
51981,368.143243,
51982,367.9247554,
51983,367.910785,
51984,367.5982595,
51985,368.0728309,
51986,368.1505135,
51987,368.4910242,
51988,368.6426149,
51989,368.9876434,
51990,369.5793067,
51991,370.3167965,
51992,370.9790297,
51993,371.10384,
51994,371.1075297,
51995,371.2925687,
51996,372.0940558,
51997,372.7486699,
51998,373.1665012,
51999,373.9134371,
52000,374.6584057,
52001,375.976166,
52002,376.5332404,
52003,377.1565722,
52004,378.8597064,
52005,379.6087578,
52006,380.0999668,
52007,381.5826768,
52008,382.4407113,
52009,383.4164445,
52010,383.4240697,
52011,384.391696,
52012,383.9943328,
52013,383.6930646,
52014,384.4010637,
52015,384.1592129,
52016,384.1016105,
52017,384.2696405,
52018,383.2793902,
52019,382.9616494,
52020,382.504144,
52021,382.5761799,
52022,382.5269377,
52023,382.6735796,
52024,383.521308,
52025,382.8053632,
52026,382.4066605,
52027,382.2323912,
52028,382.8354317,
52029,383.5823099,
52030,384.1931688,
52031,384.6783983,
52032,384.7927979,
52033,384.7177579,
52034,384.7719682,
52035,384.7720383,
52036,385.2153665,
52037,385.4396102,
52038,385.9822788,
52039,386.0589411,
52040,386.2743955,
52041,386.2218413,
52042,385.7666842,
52043,386.3754327,
52044,387.2109927,
52045,387.6056956,
52046,387.275349,
52047,387.7028115,
52048,386.8682719,
52049,387.638766,
52050,386.8707275,
52051,386.6762423,
52052,386.8687291,
52053,386.847082,
52054,387.3025038,
52055,387.4892487,
52056,387.2622374,
52057,387.0261888,
52058,387.1906058,
52059,387.2451686,
52060,387.2837022,
52061,387.4815853,
52062,387.4389031,
52063,387.6606109,
52064,388.2268154,
52065,387.9023416,
52066,388.1155241,
52067,387.7569674,
52068,387.5947838,
52069,388.0075514,
52070,387.6161677,
52071,388.4685826,
52072,388.2895326,
52073,388.9043319,
52074,388.9523912,
52075,388.9885031,
52076,389.152208,
52077,389.5442051,
52078,389.310567,
52079,389.2065854,
52080,388.9584396,
52081,388.9363391,
52082,388.6583042,
52083,388.8533992,
52084,388.603879,
52085,388.2236196,
52086,388.1268461,
52087,388.2441196,
52088,387.9579532,
52089,387.8549591,
52090,387.4241578,
52091,387.71939,
52092,387.6817802,
52093,387.3937862,
52094,387.1704414,
52095,387.0483768,
52096,387.1387404,
52097,387.0686598,
52098,387.139069,
52099,387.0889209,
52100,387.2643044,
52101,386.750526,
52102,387.0094911,
52103,386.7425783,
52104,387.1893396,
52105,387.0317165,
52106,387.2222394,
52107,389.0060571,
52108,389.9810564,
52109,388.7743364,
52110,388.5743367,
52111,388.8714033,
52112,388.5253762,
52113,388.7744576,
52114,388.7556247,
52115,388.955565,
52116,388.6025761,
52117,388.5172179,
52118,388.3221026,
52119,387.9060345,
52120,387.7487099,
52121,388.1327379,
52122,388.0216679,
52123,388.0596087,
52124,388.8437147,
52125,388.4412379,
52126,388.7282345,
52127,388.6531381,
52128,389.2805191,
52129,388.9209208,
52130,388.7357665,
52131,387.9270213,
52132,388.1409039,
52133,387.9323468,
52134,388.0610696,
52135,387.8067114,
52136,388.0534578,
52137,388.5356559,
52138,388.8016082,
52139,388.8874794,
52140,388.6598597,
52141,389.0601023,
52142,389.3674109,
52143,389.0622618,
52144,389.0678124,
52145,390.4883887,
52146,389.7007646,
52147,389.5527297,
52148,389.9359859,
52149,389.6926282,
52150,389.9900832,
52151,389.8886246,
52152,389.7132343,
52153,389.3736669,
52154,389.3193678,
52155,388.7372092,
52156,389.4210717,
52157,389.2662887,
52158,388.6346924,
52159,388.8779598,
52160,388.6023205,
52161,388.4731588,
52162,388.8508584,
52163,388.0935669,
52164,387.5395801,
52165,387.9255167,
52166,387.5326042,
52167,387.9379538,
52168,387.6075282,
52169,387.9493185,
52170,388.1853777,
52171,387.9898814,
52172,388.0282615,
52173,387.5616361,
52174,387.694691,
52175,387.4275676,
52176,387.2094629,
52177,387.5478005,
52178,387.6306451,
52179,387.7039614,
52180,387.5412601,
52181,387.5962247,
52182,387.0141591,
52183,387.338523,
52184,385.6431411,
52185,385.7415357,
52186,385.3860004,
52187,385.0760624,
52188,385.0360882,
52189,384.7766869,
52190,384.9068477,
52191,384.4118628,
52192,384.8818744,
52193,385.0738497,
52194,384.9840516,
52195,385.4091311,
52196,385.6621381,
52197,385.669123,
52198,385.7434057,
52199,385.9796203,
52200,386.1895143,
52201,386.0938555,
52202,386.2197607,
52203,385.9511201,
52204,385.8714337,
52205,386.2967822,
52206,386.6756274,
52207,386.9796116,
52208,387.3072006,
52209,387.5779804,
52210,387.7276698,
52211,387.8795977,
52212,388.1513407,
52213,388.1610667,
52214,388.2809348,
52215,388.4560939,
52216,389.3549315,
52217,389.4896934,
52218,389.2297958,
52219,389.1934865,
52220,389.5047739,
52221,389.2421257,
52222,389.3361491,
52223,389.7482742,
52224,390.3031699,
52225,390.3102404,
52226,390.1835889,
52227,390.3454509,
52228,391.0312994,
52229,391.5742988,
52230,391.2224336,
52231,391.3627818,
52232,391.3816313,
52233,390.728535,
52234,390.8389992,
52235,390.7547947,
52236,391.3191928,
52237,391.4804992,
52238,391.729882,
52239,391.506826,
52240,391.5716766,
52241,391.4098201,
52242,391.2807941,
52243,391.1756782,
52244,391.0505884,
52245,390.84785,
52246,390.858209,
52247,390.9751998,
52248,390.607417,
52249,390.48368,
52250,390.3996671,
52251,390.3944083,
52252,390.7365601,
52253,390.5925356,
52254,390.191842,
52255,390.3433408,
52256,390.2511195,
52257,390.2286068,
52258,390.3782579,
52259,390.4666857,
52260,390.4374145,
52261,390.1587115,
52262,390.0572076,
52263,389.9609408,
52264,389.4463946,
52265,389.1887378,
52266,388.8336512,
52267,389.0599199,
52268,389.2594907,
52269,389.4732231,
52270,389.4469881,
52271,389.0859445,
52272,389.2100569,
52273,389.2237464,
52274,389.2602067,
52275,389.2957424,
52276,389.3089824,
52277,389.3244715,
52278,389.3801661,
52279,389.4101376,
52280,389.3963825,
52281,389.4106825,
52282,389.4640323,
52283,389.4417899,
52284,389.512961,
52285,389.4843503,
52286,389.4636664,
52287,389.453351,
52288,389.5158344,
52289,389.4905739,
52290,389.5161189,
52291,389.4499405,
52292,389.4314492,
52293,389.4939606,
52294,389.465797,
52295,389.5414047,
52296,389.5628741,
52297,389.537655,
52298,389.6327606,
52299,389.6613501,
52300,389.6450978,
52301,389.6623543,
52302,389.6426969,
52303,389.6539308,
52304,389.6234948,
52305,389.6234948,
52306,389.651176,
52307,389.645322,
52308,389.6656068,
52309,389.7009778,
52310,389.7507691,
52311,389.7507691,
52312,389.7988267,
52313,389.7275964,
52314,389.7083068,
52315,389.8388223,
52316,389.7659234,
52317,389.7727259,
52318,389.7378963,
52319,389.7102965,
52320,389.7881892,
52321,389.804723,
52322,389.804723,
52323,389.8290249,
52324,389.8290249,
52325,389.7821409,
52326,389.7817101,
52327,389.6348526,
52328,389.7790865,
52329,389.7898811,
52330,389.7569077,
52331,389.6465915,
52332,389.7747381,
52333,389.7517566,
52334,389.6477623,
52335,389.5713484,
52336,389.6321765,
52337,389.638008,
52338,389.6861725,
52339,389.6342701,
52340,389.6228926,
52341,389.5513802,
52342,389.5496465,
52343,389.6139235,
52344,389.5798935,
52345,389.5452285,
52346,389.7053492,
52347,389.7456076,
52348,389.7688465,
52349,389.758454,
52350,389.8427762,
52351,389.9655051,
52352,389.7483578,
52353,390.0778508,
52354,390.1329017,
52355,390.2068497,
52356,390.2931986,
52357,390.167988,
52358,390.1292399,
52359,390.0489219,
52360,389.8997066,
52361,389.7324373,
52362,389.5356104,
52363,389.2434825,
52364,388.9272851,
52365,388.5359715,
52366,387.6319216,
52367,387.4776336,
52368,387.0831391,
52369,386.6057618,
52370,385.9388366,
52371,385.6290424,
52372,384.7116015,
52373,384.306652,
52374,383.9130113,
52375,383.8594494,
52376,383.1787619,
52377,382.5105928,
52378,381.8673927,
52379,381.356705,
52380,381.1509071,
52381,380.337325,
52382,380.1675076,
52383,379.873569,
52384,379.5682247,
52385,378.8507266,
52386,378.0313969,
52387,377.3665288,
52388,376.7810577,
52389,376.4091643,
52390,375.4955328,
52391,374.7427255,
52392,374.3294348,
52393,373.6247763,
52394,373.4416787,
52395,372.996227,
52396,372.7732141,
52397,371.8084418,
52398,371.0222709,
52399,370.5380663,
52400,370.2226865,
52401,370.71882,
52402,370.3122916,
52403,370.3195173,
52404,369.993712,
52405,369.9135846,
52406,369.841123,
52407,369.7889556,
52408,369.7989848,
52409,370.0117982,
52410,369.7462758,
52411,369.8171111,
52412,369.1294432,
52413,368.5955515,
52414,368.5183657,
52415,368.1236775,
52416,367.7694019,
52417,367.7406569,
52418,367.9564427,
52419,367.9353438,
52420,368.2446987,
52421,367.2430541,
52422,366.8838543,
52423,366.066893,
52424,365.2353389,
52425,364.472366,
52426,363.8631098,
52427,362.890987,
52428,362.7479359,
52429,362.5911644,
52430,361.8070958,
52431,361.3019597,
52432,360.8261933,
52433,359.7584318,
52434,358.8223438,
52435,357.7205255,
52436,357.0050176,
52437,355.8996001,
52438,355.4164885,
52439,355.0365296,
52440,354.5889388,
52441,354.2961529,
52442,354.2716917,
52443,353.7088188,
52444,352.8924453,
52445,352.19211,
52446,351.8744464,
52447,351.8048498,
52448,352.0017589,
52449,352.4235622,
52450,352.819947,
52451,353.0834781,
52452,353.7471279,
52453,354.3691945,
52454,354.7843519,
52455,355.4506646,
52456,355.6380529,
52457,356.0305706,
52458,356.9287308,
52459,357.4002034,
52460,358.0700646,
52461,358.3960805,
52462,358.9830733,
52463,359.5823154,
52464,360.1278321,
52465,360.3208781,
52466,360.4422689,
52467,360.7641732,
52468,361.381701,
52469,361.8784452,
52470,362.4078822,
52471,362.8269431,
52472,362.9843726,
52473,363.682061,
52474,364.7746193,
52475,365.5868665,
52476,365.9935766,
52477,366.4355891,
52478,367.5150325,
52479,368.5299703,
52480,369.2025522,
52481,370.33677,
52482,371.4151945,
52483,372.1063062,
52484,372.8310131,
52485,373.8038566,
52486,375.2156646,
52487,376.1420224,
52488,376.4909674,
52489,377.7559518,
52490,379.1225863,
52491,380.0659992,
52492,380.3022729,
52493,381.7800711,
52494,383.1278157,
52495,383.4089825,
52496,383.7689247,
52497,383.6545039,
52498,383.2170901,
52499,383.5416872,
52500,382.7146291,
52501,381.9933664,
52502,381.9348774,
52503,381.4250664,
52504,381.8243708,
52505,383.2478738,
52506,382.5935224,
52507,381.6405973,
52508,380.3259157,
52509,380.2144128,
52510,380.8540266,
52511,381.3569393,
52512,380.4973796,
52513,380.9291701,
52514,380.1890208,
52515,379.7293072,
52516,379.482452,
52517,379.1407678,
52518,378.541021,
52519,378.779374,
52520,378.5117428,
52521,378.3283124,
52522,378.4105765,
52523,378.8212163,
52524,378.9229242,
52525,379.3225023,
52526,379.5383396,
52527,379.6485769,
52528,379.7640011,
52529,379.3362358,
52530,379.9446554,
52531,380.5865543,
52532,381.6807202,
52533,381.3551344,
52534,381.4961396,
52535,383.0874087,
52536,382.8060732,
52537,383.1646772,
52538,383.3001259,
52539,383.4304836,
52540,383.7333792,
52541,383.7081178,
52542,383.7733789,
52543,383.5536302,
52544,383.7334013,
52545,383.9462343,
52546,384.3608837,
52547,384.49037,
52548,384.3340966,
52549,384.8086298,
52550,384.8522393,
52551,384.9978607,
52552,385.3860505,
52553,385.7533421,
52554,386.3105512,
52555,386.7158283,
52556,386.8199517,
52557,387.2709831,
52558,386.7911788,
52559,387.342609,
52560,386.7890358,
52561,388.0252983,
52562,387.6626575,
52563,387.6985439,
52564,388.5454623,
52565,388.6969728,
52566,388.3215758,
52567,388.2649545,
52568,388.9924723,
52569,388.7820046,
52570,388.4795858,
52571,388.2453283,
52572,388.5180726,
52573,388.6144428,
52574,389.0305776,
52575,389.2251488,
52576,388.9489671,
52577,389.0561856,
52578,389.4690224,
52579,389.6694879,
52580,390.4529348,
52581,390.8221503,
52582,390.8699919,
52583,390.6369399,
52584,390.3723022,
52585,391.1203436,
52586,391.1499134,
52587,390.9211449,
52588,390.9836752,
52589,390.5914731,
52590,390.0790806,
52591,389.7797396,
52592,389.3838208,
52593,389.08056,
52594,388.959956,
52595,388.7795695,
52596,388.7822324,
52597,388.7393239,
52598,388.6259383,
52599,388.6811793,
52600,389.1378239,
52601,388.7754987,
52602,389.017248,
52603,388.9197065,
52604,388.9440225,
52605,388.7032926,
52606,388.7265252,
52607,388.9850227,
52608,389.3013546,
52609,389.5104429,
52610,389.7938861,
52611,390.0896665,
52612,390.3113315,
52613,390.152041,
52614,390.0913315,
52615,390.6340013,
52616,390.3581818,
52617,390.2364879,
52618,390.1664029,
52619,390.3163114,
52620,390.2883111,
52621,390.2171828,
52622,390.2140044,
52623,390.2424962,
52624,390.1038438,
52625,389.8025472,
52626,389.6157795,
52627,389.160556,
52628,388.9925842,
52629,389.0764584,
52630,388.6780207,
52631,388.7345937,
52632,389.0113828,
52633,389.2974027,
52634,389.3494239,
52635,389.4538155,
52636,389.6801863,
52637,389.5219757,
52638,389.4152429,
52639,389.6550752,
52640,389.8438199,
52641,389.9789292,
52642,390.0039224,
52643,389.8847007,
52644,389.7222396,
52645,389.8236111,
52646,389.8903332,
52647,390.1700997,
52648,390.1989356,
52649,390.1986726,
52650,390.2139616,
52651,390.2047004,
52652,390.1709561,
52653,390.1173392,
52654,390.1065214,
52655,390.3844254,
52656,390.3667273,
52657,390.4622168,
52658,390.4375815,
52659,390.3836886,
52660,390.3898802,
52661,390.4017257,
52662,390.4530956,
52663,390.3594782,
52664,390.4358854,
52665,390.4053646,
52666,390.6057305,
52667,390.559419,
52668,390.5597957,
52669,390.6188912,
52670,390.7360779,
52671,390.7273533,
52672,390.7050138,
52673,390.6301639,
52674,390.605774,
52675,390.6020252,
52676,390.6507298,
52677,390.5979102,
52678,390.5787257,
52679,390.5534787,
52680,390.502471,
52681,390.4022871,
52682,390.4478099,
52683,390.3623195,
52684,390.40532,
52685,390.3874047,
52686,390.442042,
52687,390.417854,
52688,390.4099211,
52689,390.4476152,
52690,390.422538,
52691,390.387465,
52692,390.3236867,
52693,390.328113,
52694,390.320303,
52695,390.2190442,
52696,390.2634976,
52697,390.2452047,
52698,390.3041209,
52699,390.24032,
52700,390.2607985,
52701,390.2602208,
52702,390.2491496,
52703,390.2225349,
52704,390.2557123,
52705,390.2266809,
52706,390.2478043,
52707,390.2855726,
52708,390.2572184,
52709,390.2955412,
52710,390.2790159,
52711,390.2535194,
52712,390.2977974,
52713,390.2977974,
52714,390.2753583,
52715,390.2191201,
52716,390.2493062,
52717,390.2761285,
52718,390.2619182,
52719,390.2493062,
52720,390.2493062,
52721,390.2589397,
52722,390.2628468,
52723,390.2950065,
52724,390.282959,
52725,390.3106493,
52726,390.2845441,
52727,390.1165711,
52728,389.9158721,
52729,389.7869384,
52730,389.5546973,
52731,389.1590625,
52732,388.9095099,
52733,388.6408679,
52734,388.2244192,
52735,387.7898194,
52736,387.3733466,
52737,386.8809409,
52738,386.3405553,
52739,386.1178399,
52740,385.5147803,
52741,385.0800381,
52742,384.7312428,
52743,384.1971507,
52744,383.8019811,
52745,383.1690316,
52746,382.8243123,
52747,382.0507376,
52748,381.2080827,
52749,380.9163916,
52750,380.136228,
52751,379.8158885,
52752,378.9265724,
52753,378.6416316,
52754,377.8830483,
52755,377.6356798,
52756,377.6489004,
52757,377.2748975,
52758,376.7969927,
52759,376.5275027,
52760,375.8874529,
52761,375.9672894,
52762,375.8643306,
52763,375.8741586,
52764,376.0810363,
52765,376.009368,
52766,376.0622108,
52767,376.0747887,
52768,376.4251275,
52769,376.3291039,
52770,376.4957997,
52771,376.0696174,
52772,375.9320984,
52773,376.0009652,
52774,376.0532841,
52775,376.2265026,
52776,376.7637667,
52777,376.2892043,
52778,376.184903,
52779,376.0965899,
52780,375.8945678,
52781,375.706971,
52782,374.7663227,
52783,374.4899706,
52784,374.2318382,
52785,374.1592571,
52786,374.231392,
52787,373.8488188,
52788,373.2592506,
52789,372.4360005,
52790,371.940058,
52791,371.2558836,
52792,370.2798157,
52793,369.1011387,
52794,368.2265563,
52795,367.4134311,
52796,367.1553137,
52797,366.160438,
52798,365.6808915,
52799,364.9027353,
52800,364.4836503,
52801,363.9593539,
52802,363.158244,
52803,361.7134574,
52804,361.0481587,
52805,360.4914546,
52806,360.4357457,
52807,360.2344291,
52808,359.549537,
52809,359.4932816,
52810,359.2321882,
52811,358.872916,
52812,358.7379959,
52813,358.6051152,
52814,358.3004253,
52815,358.5984275,
52816,359.1052865,
52817,359.6947312,
52818,359.8448672,
52819,359.8960344,
52820,360.2418237,
52821,360.5952039,
52822,360.3943847,
52823,360.262958,
52824,360.0769664,
52825,360.2036004,
52826,359.9377033,
52827,359.8972136,
52828,359.8114637,
52829,360.3062937,
52830,360.3691955,
52831,360.2092127,
52832,360.1455936,
52833,360.4924043,
52834,360.504988,
52835,360.3637942,
52836,360.0572938,
52837,360.6817761,
52838,361.0929881,
52839,361.2166007,
52840,361.5985213,
52841,361.8739926,
52842,361.9928496,
52843,361.8303574,
52844,361.8714915,
52845,362.079775,
52846,362.3330404,
52847,362.711591,
52848,363.2825474,
52849,364.0733444,
52850,364.4138412,
52851,364.7495607,
52852,365.7706906,
52853,366.7264838,
52854,367.2704582,
52855,367.844058,
52856,369.1237935,
52857,370.0319519,
52858,370.7109567,
52859,371.229951,
52860,372.7566021,
52861,372.6215611,
52862,373.8261935,
52863,374.2677481,
52864,374.8856378,
52865,375.8999999,
52866,377.227681,
52867,378.3240342,
52868,378.980866,
52869,379.6446682,
52870,381.511852,
52871,383.01763,
52872,383.3971985,
52873,384.5926788,
52874,385.3983357,
52875,385.5248223,
52876,385.8368338,
52877,385.4883244,
52878,385.1873158,
52879,385.5780115,
52880,385.2004193,
52881,384.9042031,
52882,384.8643517,
52883,385.0632295,
52884,385.397848,
52885,384.5844084,
52886,384.2379829,
52887,384.5600663,
52888,384.383413,
52889,384.1163393,
52890,383.3410737,
52891,383.6404071,
52892,382.8786071,
52893,383.260563,
52894,382.1755106,
52895,382.283201,
52896,381.2759281,
52897,380.9199604,
52898,380.7906576,
52899,379.8661319,
52900,380.045012,
52901,379.7491772,
52902,379.5501561,
52903,378.9778461,
52904,378.199161,
52905,378.6371748,
52906,378.6472311,
52907,378.3495744,
52908,378.2893455,
52909,377.6557384,
52910,377.9758536,
52911,377.8487436,
52912,377.7021873,
52913,377.517362,
52914,377.9514889,
52915,377.5823936,
52916,378.207007,
52917,377.8652446,
52918,378.5856432,
52919,379.4726745,
52920,378.9384769,
52921,379.4471861,
52922,379.632828,
52923,379.0140282,
52924,379.3443287,
52925,379.9722482,
52926,380.2500257,
52927,380.7767029,
52928,380.2022339,
52929,379.9462461,
52930,380.0332995,
52931,380.1519857,
52932,380.5652385,
52933,380.7024477,
52934,381.1452146,
52935,381.7916376,
52936,382.6300417,
52937,383.2096652,
52938,383.6798829,
52939,384.0063387,
52940,384.2588717,
52941,385.4832067,
52942,386.1468533,
52943,386.2701512,
52944,386.8044099,
52945,387.0472974,
52946,387.4933288,
52947,388.2324394,
52948,388.172513,
52949,388.8772918,
52950,388.7910823,
52951,389.0856027,
52952,388.9318474,
52953,389.34703,
52954,388.9515019,
52955,389.4791096,
52956,389.3545799,
52957,389.2644519,
52958,388.8622092,
52959,389.2090095,
52960,389.0187373,
52961,388.8140394,
52962,388.9413749,
52963,388.8987331,
52964,388.6914241,
52965,388.6549316,
52966,388.6048734,
52967,388.4751169,
52968,388.5348284,
52969,388.5284841,
52970,388.3628573,
52971,388.6244112,
52972,388.6875873,
52973,388.9214347,
52974,389.0537683,
52975,389.578544,
52976,389.7823777,
52977,390.0575732,
52978,390.1195101,
52979,389.6911926,
52980,389.5225432,
52981,389.4735143,
52982,389.6838053,
52983,389.7359224,
52984,389.7217788,
52985,389.9984678,
52986,390.0115258,
52987,390.1581733,
52988,389.9470211,
52989,390.1384624,
52990,390.402882,
52991,390.2428156,
52992,389.9955844,
52993,390.0867471,
52994,390.1853731,
52995,390.3617249,
52996,390.5641832,
52997,390.4643636,
52998,390.2357088,
52999,389.9828911,
53000,389.641253,
53001,389.5215365,
53002,389.4863521,
53003,388.9350213,
53004,388.6707188,
53005,388.3273939,
53006,387.9487224,
53007,387.4091065,
53008,387.2371898,
53009,386.6246665,
53010,386.051241,
53011,385.397792,
53012,384.5752948,
53013,384.4751986,
53014,383.9628204,
53015,383.2932539,
53016,382.4061933,
53017,381.6322166,
53018,381.0519173,
53019,379.9439898,
53020,378.3931678,
53021,377.5196529,
53022,376.8603937,
53023,376.3956128,
53024,375.7250349,
53025,374.752,
53026,374.297827,
53027,373.4644268,
53028,372.6543341,
53029,371.6339375,
53030,370.2139328,
53031,370.1662309,
53032,369.8794431,
53033,368.7926803,
53034,367.8861718,
53035,367.6251059,
53036,367.498911,
53037,366.8503748,
53038,366.2485507,
53039,365.0994505,
53040,364.3583245,
53041,363.4388648,
53042,363.5201298,
53043,362.9216127,
53044,362.0999288,
53045,361.4292233,
53046,361.2032895,
53047,361.1695235,
53048,361.2565218,
53049,361.3165416,
53050,361.3044204,
53051,361.2455737,
53052,361.1398462,
53053,361.3171415,
53054,361.4166942,
53055,361.6781655,
53056,361.5523031,
53057,361.5672684,
53058,361.2181936,
53059,361.0607666,
53060,360.4422607,
53061,360.5466253,
53062,359.7915829,
53063,359.4238413,
53064,358.8754883,
53065,359.2096364,
53066,359.2241765,
53067,358.8422517,
53068,359.3634576,
53069,359.0329619,
53070,359.4855081,
53071,359.1990077,
53072,358.9732536,
53073,358.4655991,
53074,357.6738378,
53075,357.4822882,
53076,357.036634,
53077,356.30398,
53078,355.7782126,
53079,355.0554403,
53080,354.8290054,
53081,354.4918349,
53082,354.550416,
53083,354.0694397,
53084,353.7718536,
53085,353.9386456,
53086,353.4508195,
53087,352.2390007,
53088,351.1422043,
53089,350.5728503,
53090,350.0174299,
53091,349.5774788,
53092,349.4574254,
53093,348.7383243,
53094,348.6910707,
53095,348.3214008,
53096,348.2728168,
53097,348.3554609,
53098,347.9950204,
53099,347.5118495,
53100,347.2630085,
53101,347.47035,
53102,348.1215096,
53103,348.2484985,
53104,348.2936961,
53105,348.3398232,
53106,348.5178883,
53107,348.7714942,
53108,348.841184,
53109,349.0666193,
53110,349.1420938,
53111,349.1951551,
53112,349.4247208,
53113,349.5171594,
53114,349.0846551,
53115,348.9074492,
53116,348.8337172,
53117,348.821006,
53118,348.854351,
53119,349.1111121,
53120,349.1928009,
53121,349.2504206,
53122,349.0350154,
53123,348.6807447,
53124,348.3244075,
53125,348.1714951,
53126,347.9963941,
53127,347.9172729,
53128,347.6810865,
53129,347.5390128,
53130,347.3702622,
53131,346.9556805,
53132,346.7696982,
53133,346.4712192,
53134,346.5390184,
53135,346.8345608,
53136,346.8806447,
53137,346.6954504,
53138,346.5674651,
53139,346.6983271,
53140,346.7816677,
53141,346.9518682,
53142,347.1265404,
53143,347.104922,
53144,347.0887917,
53145,347.1555345,
53146,346.8558358,
53147,346.7959017,
53148,346.8948771,
53149,346.9974017,
53150,346.8598963,
53151,346.5445338,
53152,346.4787754,
53153,346.1738447,
53154,345.9032409,
53155,345.6886414,
53156,345.5220553,
53157,345.5527555,
53158,345.7499465,
53159,345.7918445,
53160,345.6942035,
53161,345.3999379,
53162,344.6876051,
53163,344.271236,
53164,343.8480572,
53165,343.2685148,
53166,342.279235,
53167,341.5861421,
53168,341.3038266,
53169,341.0577111,
53170,340.8375887,
53171,340.2817021,
53172,340.0916583,
53173,340.1195628,
53174,340.5325586,
53175,340.6516006,
53176,340.8251344,
53177,340.737988,
53178,341.3664577,
53179,341.955806,
53180,342.3696755,
53181,342.841579,
53182,343.5398668,
53183,344.5240338,
53184,345.3238022,
53185,345.7544338,
53186,346.0125687,
53187,346.4393868,
53188,346.8671124,
53189,347.6196834,
53190,348.1731096,
53191,348.8209872,
53192,349.7586979,
53193,351.0731208,
53194,351.7374212,
53195,352.4712577,
53196,353.4338012,
53197,353.7997943,
53198,355.3853406,
53199,357.8232136,
53200,358.753707,
53201,359.3076466,
53202,361.6509025,
53203,362.7972302,
53204,363.9936542,
53205,365.2004755,
53206,367.6745462,
53207,369.4112339,
53208,369.6223073,
53209,370.0969654,
53210,370.6663978,
53211,372.3516813,
53212,373.3319022,
53213,373.6382434,
53214,374.6284006,
53215,375.5504406,
53216,377.2737696,
53217,378.4340405,
53218,379.0768208,
53219,380.2875764,
53220,380.9223538,
53221,380.5321304,
53222,380.3875596,
53223,381.2540695,
53224,380.6907494,
53225,380.3063719,
53226,380.4782599,
53227,381.0099591,
53228,381.0006538,
53229,382.2975552,
53230,382.2404133,
53231,381.8549984,
53232,382.6703438,
53233,381.8533312,
53234,381.8342294,
53235,381.9112873,
53236,382.4992531,
53237,382.4014897,
53238,382.5831176,
53239,383.2070102,
53240,383.7864256,
53241,384.114957,
53242,384.759499,
53243,384.2748553,
53244,384.1623608,
53245,384.3417154,
53246,383.6402451,
53247,384.1232749,
53248,383.2968708,
53249,383.5758768,
53250,382.9005462,
53251,383.2254543,
53252,383.5053754,
53253,382.9537769,
53254,383.3370912,
53255,383.1112915,
53256,383.4290436,
53257,383.339357,
53258,383.6356263,
53259,383.0489867,
53260,382.8057991,
53261,382.9972436,
53262,382.7373761,
53263,382.9632981,
53264,383.3676331,
53265,383.0742727,
53266,382.477553,
53267,382.17479,
53268,381.9838188,
53269,382.8969345,
53270,382.7144013,
53271,382.8422482,
53272,383.3813251,
53273,383.7453992,
53274,384.4110375,
53275,384.8558275,
53276,384.4398815,
53277,385.3364976,
53278,385.4868402,
53279,386.1966287,
53280,386.6588757,
53281,386.5307412,
53282,386.7932016,
53283,387.041868,
53284,387.1387275,
53285,387.6673842,
53286,388.531636,
53287,388.8568007,
53288,388.8062181,
53289,388.7932692,
53290,389.0733071,
53291,389.0368631,
53292,388.8472957,
53293,388.1908603,
53294,388.1799007,
53295,388.2770953,
53296,388.6663931,
53297,388.7627169,
53298,389.0946402,
53299,389.4484528,
53300,389.9258019,
53301,389.8489156,
53302,390.3065769,
53303,391.0983629,
53304,390.9970328,
53305,391.2770482,
53306,391.4215107,
53307,391.1348093,
53308,390.8177072,
53309,390.8512768,
53310,390.9234069,
53311,391.0054498,
53312,391.2367252,
53313,391.7124684,
53314,391.3516789,
53315,391.6717822,
53316,391.8787839,
53317,392.2722227,
53318,392.3029437,
53319,392.3204105,
53320,392.7210744,
53321,393.0110314,
53322,392.982936,
53323,393.103385,
53324,393.3013766,
53325,393.0980532,
53326,393.2140585,
53327,393.3288734,
53328,393.8101396,
53329,393.5904206,
53330,393.4471338,
53331,393.8052219,
53332,394.5382045,
53333,394.1247783,
53334,394.8914979,
53335,394.9273913,
53336,394.4809067,
53337,394.6380922,
53338,394.6347927,
53339,395.2385704,
53340,394.903043,
53341,394.9858239,
53342,394.8668224,
53343,394.6512246,
53344,395.1957573,
53345,395.2057746,
53346,395.1441644,
53347,395.3043699,
53348,395.0493296,
53349,395.3323644,
53350,395.1021146,
53351,395.6500571,
53352,395.1523042,
53353,395.4397097,
53354,395.7689173,
53355,395.419565,
53356,395.8189522,
53357,395.6169809,
53358,395.5711314,
53359,395.2634884,
53360,395.6939757,
53361,395.6999614,
53362,395.1823039,
53363,395.38455,
53364,395.4657526,
53365,395.6045385,
53366,395.6714469,
53367,395.6010318,
53368,395.5991445,
53369,395.3526177,
53370,395.6966887,
53371,396.0131499,
53372,395.4293607,
53373,395.1110097,
53374,394.9464452,
53375,395.4837267,
53376,395.7295474,
53377,395.2866154,
53378,395.6574776,
53379,395.6256141,
53380,395.1945696,
53381,395.0758618,
53382,395.3652893,
53383,395.3570426,
53384,395.1857146,
53385,395.11772,
53386,394.9240065,
53387,395.6618912,
53388,395.8068581,
53389,395.9102498,
53390,395.554383,
53391,395.6079269,
53392,395.2640673,
53393,395.0547976,
53394,395.5903997,
53395,395.5485306,
53396,395.6972411,
53397,395.5152753,
53398,395.4820342,
53399,395.8766352,
53400,395.6849692,
53401,395.9327982,
53402,395.8342149,
53403,395.7441879,
53404,395.4768102,
53405,395.7564663,
53406,395.6538712,
53407,395.4303179,
53408,395.3134131,
53409,393.959426,
53410,392.0960593,
53411,386.9755163,
53412,386.1971046,
53413,386.1419383,
53414,386.1218011,
53415,386.3966826,
53416,386.2028146,
53417,386.6821137,
53418,386.3215398,
53419,385.8712743,
53420,385.5893522,
53421,385.2353161,
53422,385.6626777,
53423,386.1605232,
53424,386.6182159,
53425,386.4747,
53426,386.9160262,
53427,387.2480246,
53428,387.932211,
53429,388.3561366,
53430,389.0302778,
53431,389.9055978,
53432,390.1061467,
53433,390.3214703,
53434,390.7538379,
53435,390.967081,
53436,391.1192092,
53437,391.1705031,
53438,391.3378314,
53439,391.4674168,
53440,391.661905,
53441,391.8710002,
53442,392.1939038,
53443,392.3910036,
53444,392.279974,
53445,392.0018174,
53446,391.4253048,
53447,391.6054742,
53448,391.1748853,
53449,391.1290673,
53450,391.0814457,
53451,390.9417216,
53452,390.8836497,
53453,390.6467945,
53454,390.5479121,
53455,390.2724462,
53456,390.3908,
53457,390.2449599,
53458,389.8866384,
53459,389.9270626,
53460,389.9361359,
53461,390.1302509,
53462,389.9658305,
53463,389.6973711,
53464,389.1539767,
53465,388.9400876,
53466,388.7293864,
53467,388.509213,
53468,388.2863831,
53469,387.3929917,
53470,386.8115365,
53471,386.8090714,
53472,386.6606303,
53473,386.4469242,
53474,386.5871329,
53475,386.4933645,
53476,386.5562742,
53477,386.7075593,
53478,386.7746592,
53479,387.0833975,
53480,387.0156963,
53481,387.0785913,
53482,387.3423165,
53483,387.379324,
53484,387.4622056,
53485,387.4800966,
53486,387.7595482,
53487,387.8917814,
53488,387.9285926,
53489,387.5633564,
53490,386.7616285,
53491,386.4725652,
53492,386.4227928,
53493,386.2545502,
53494,385.8957874,
53495,385.4375154,
53496,384.7554395,
53497,384.6385913,
53498,384.2162406,
53499,383.9017281,
53500,382.8383091,
53501,382.0225733,
53502,381.850329,
53503,380.7366642,
53504,380.1543337,
53505,379.4027842,
53506,378.4556712,
53507,378.3803905,
53508,378.141645,
53509,376.834564,
53510,376.2174444,
53511,375.3919259,
53512,374.8941372,
53513,374.161531,
53514,372.8906172,
53515,371.9253,
53516,371.3814608,
53517,371.1037175,
53518,370.0829566,
53519,368.5796567,
53520,367.7927411,
53521,366.7356733,
53522,366.0355113,
53523,364.671931,
53524,364.1619291,
53525,363.195552,
53526,362.8250068,
53527,362.4257354,
53528,362.2994409,
53529,362.3115999,
53530,362.6877745,
53531,362.6284957,
53532,362.7041997,
53533,363.10304,
53534,363.9875883,
53535,364.0279951,
53536,364.3733905,
53537,364.2668718,
53538,364.2960255,
53539,364.3404488,
53540,364.4046888,
53541,364.1853676,
53542,363.8029759,
53543,363.5844169,
53544,363.2883985,
53545,362.8142393,
53546,362.3527412,
53547,362.1096509,
53548,361.5136865,
53549,361.4621047,
53550,361.2907993,
53551,360.5081916,
53552,359.9138684,
53553,359.2714695,
53554,359.0057512,
53555,357.9515774,
53556,357.2448472,
53557,356.6049037,
53558,356.4377282,
53559,355.7764913,
53560,354.9977805,
53561,354.3389907,
53562,353.5124608,
53563,353.1760291,
53564,352.2020403,
53565,351.5109218,
53566,351.1186209,
53567,350.7548519,
53568,349.8480225,
53569,349.5423624,
53570,348.5559939,
53571,347.553104,
53572,347.1289269,
53573,345.5655664,
53574,344.7596282,
53575,343.2064612,
53576,342.9626721,
53577,342.4665972,
53578,341.7146018,
53579,341.3281162,
53580,340.3577289,
53581,339.3743645,
53582,338.4145043,
53583,337.3633002,
53584,336.4827298,
53585,334.214744,
53586,333.3362714,
53587,332.8820874,
53588,331.8047553,
53589,331.9128566,
53590,331.3241916,
53591,331.4992956,
53592,330.6968074,
53593,329.0443049,
53594,328.3833941,
53595,327.5044044,
53596,327.1499342,
53597,326.4926879,
53598,325.1620095,
53599,324.0304973,
53600,322.8774418,
53601,322.0578947,
53602,321.2022861,
53603,320.244814,
53604,318.5044832,
53605,317.833842,
53606,317.1351622,
53607,316.5528156,
53608,316.5515719,
53609,315.7715395,
53610,315.0490874,
53611,314.5923757,
53612,314.0209068,
53613,313.5879696,
53614,312.4020421,
53615,310.9456393,
53616,310.5152417,
53617,310.1288852,
53618,309.5984204,
53619,309.3210192,
53620,308.439534,
53621,307.8894426,
53622,307.5193781,
53623,307.5140569,
53624,307.4203007,
53625,307.2557881,
53626,307.1805154,
53627,307.172242,
53628,306.6986913,
53629,306.6090637,
53630,306.6097535,
53631,306.25346,
53632,306.196991,
53633,306.2421162,
53634,306.2823658,
53635,306.0845022,
53636,306.0263731,
53637,306.0161744,
53638,305.2568005,
53639,305.6222124,
53640,305.3048155,
53641,305.0734918,
53642,304.8428706,
53643,304.70718,
53644,304.80129,
53645,304.9822344,
53646,304.9763955,
53647,305.3085712,
53648,305.5941851,
53649,305.8131247,
53650,305.8936445,
53651,305.9462285,
53652,305.8917326,
53653,306.6798029,
53654,307.4920644,
53655,308.0914107,
53656,308.018867,
53657,308.4716045,
53658,309.2639784,
53659,310.0053996,
53660,310.5153964,
53661,311.7931885,
53662,313.1540295,
53663,313.9526092,
53664,314.4782326,
53665,315.4707441,
53666,316.1955688,
53667,316.8211403,
53668,317.2232309,
53669,318.4388685,
53670,320.0470117,
53671,321.3466224,
53672,322.126298,
53673,322.941301,
53674,324.9764965,
53675,326.5016703,
53676,327.6425079,
53677,328.6082884,
53678,331.1109164,
53679,332.9635645,
53680,333.5311624,
53681,335.2908674,
53682,337.2991613,
53683,338.5699197,
53684,339.2276563,
53685,342.2042518,
53686,344.9626961,
53687,346.4361564,
53688,347.6399059,
53689,350.1527413,
53690,351.7053602,
53691,352.5834305,
53692,354.3586286,
53693,357.1835338,
53694,357.9893838,
53695,359.1138675,
53696,361.7182694,
53697,363.7415713,
53698,364.8443079,
53699,365.9336526,
53700,368.5085075,
53701,370.7341217,
53702,371.5251829,
53703,373.4705128,
53704,375.878866,
53705,377.4888588,
53706,377.9761126,
53707,380.1778871,
53708,380.8477832,
53709,380.116704,
53710,380.6767034,
53711,380.6895814,
53712,380.1824558,
53713,380.1989339,
53714,380.528568,
53715,380.8264319,
53716,380.7669295,
53717,380.554308,
53718,380.3760571,
53719,380.341568,
53720,379.8121126,
53721,379.3954855,
53722,379.4209389,
53723,379.3925961,
53724,379.0754881,
53725,378.7787484,
53726,378.7145509,
53727,378.2288855,
53728,378.5123857,
53729,378.4687843,
53730,377.9671044,
53731,378.3451593,
53732,378.1540423,
53733,378.5736748,
53734,378.7566642,
53735,379.1544873,
53736,379.5988634,
53737,380.3014227,
53738,381.0388357,
53739,381.3928716,
53740,381.3541307,
53741,381.6970779,
53742,382.2585837,
53743,382.4026909,
53744,382.4363116,
53745,382.6065087,
53746,383.142649,
53747,383.596849,
53748,383.1989223,
53749,382.8926807,
53750,382.940215,
53751,382.742853,
53752,383.5235685,
53753,383.3792175,
53754,383.6275501,
53755,383.6632893,
53756,383.7538229,
53757,384.7954263,
53758,383.9827045,
53759,384.5725548,
53760,384.213358,
53761,383.6070787,
53762,384.3822333,
53763,384.354356,
53764,384.1008477,
53765,383.6660605,
53766,384.1974052,
53767,383.9655786,
53768,383.1714515,
53769,382.5583907,
53770,382.6034041,
53771,382.4255068,
53772,382.2863216,
53773,382.0007127,
53774,381.669607,
53775,381.4875132,
53776,381.5734107,
53777,381.1996881,
53778,381.262256,
53779,381.5201114,
53780,381.8226468,
53781,382.0494735,
53782,382.0580979,
53783,382.0621209,
53784,382.2003745,
53785,382.5955797,
53786,382.8477773,
53787,382.7873737,
53788,383.0981973,
53789,383.3460185,
53790,383.3752776,
53791,383.4882005,
53792,383.4884014,
53793,383.4675119,
53794,383.7898789,
53795,384.1138727,
53796,384.6340724,
53797,384.9765341,
53798,385.2338641,
53799,385.1712357,
53800,385.4697436,
53801,385.8337133,
53802,385.8474469,
53803,386.2951385,
53804,386.7240039,
53805,387.4575204,
53806,387.7739184,
53807,387.6080328,
53808,387.6531469,
53809,387.9879484,
53810,388.3326579,
53811,388.5876357,
53812,388.8232499,
53813,388.6660582,
53814,388.3045489,
53815,387.9441208,
53816,387.4266426,
53817,387.0582029,
53818,386.7631356,
53819,386.5289848,
53820,385.9871636,
53821,385.1554172,
53822,385.046343,
53823,384.8305971,
53824,384.5788525,
53825,384.0079577,
53826,383.3110537,
53827,383.1687152,
53828,382.597365,
53829,381.8264562,
53830,380.9351659,
53831,380.5259634,
53832,379.0882466,
53833,378.321408,
53834,377.6734273,
53835,376.8280974,
53836,376.055712,
53837,374.9844595,
53838,374.4636257,
53839,373.4919781,
53840,372.3229658,
53841,370.9551259,
53842,370.2392854,
53843,370.0498599,
53844,368.3313728,
53845,367.0830654,
53846,366.6202079,
53847,365.4794381,
53848,363.9925477,
53849,363.6476886,
53850,363.3648383,
53851,361.7671843,
53852,360.4968097,
53853,360.0893762,
53854,358.4008277,
53855,357.3065038,
53856,356.6909028,
53857,356.5806669,
53858,355.415615,
53859,353.8468541,
53860,353.1120404,
53861,351.7164081,
53862,349.7375413,
53863,348.1103129,
53864,347.4612534,
53865,345.9771479,
53866,344.7863191,
53867,343.6005071,
53868,342.563986,
53869,339.5486122,
53870,337.5833022,
53871,336.5335296,
53872,335.4714286,
53873,333.5156064,
53874,332.4171058,
53875,331.1763198,
53876,330.4673057,
53877,329.2019548,
53878,327.9294999,
53879,326.6567962,
53880,326.5358617,
53881,324.9769371,
53882,324.369434,
53883,323.0235467,
53884,322.234274,
53885,321.2847978,
53886,320.5369828,
53887,318.674876,
53888,316.6431778,
53889,315.9844173,
53890,314.7878301,
53891,313.6658851,
53892,311.7455311,
53893,310.3071753,
53894,309.516385,
53895,307.3107103,
53896,305.842997,
53897,305.393287,
53898,304.2170641,
53899,302.1566626,
53900,300.5254609,
53901,299.4246825,
53902,298.9835102,
53903,298.4641151,
53904,297.8404131,
53905,296.2143876,
53906,295.0512803,
53907,294.138901,
53908,293.5114936,
53909,292.6878335,
53910,292.11191,
53911,291.7681196,
53912,291.5415462,
53913,291.3749628,
53914,290.1929036,
53915,289.0414083,
53916,288.6343605,
53917,287.8203265,
53918,286.9513358,
53919,285.954673,
53920,285.3246924,
53921,284.8832063,
53922,283.282623,
53923,282.3198247,
53924,281.9671967,
53925,280.9476229,
53926,280.1501292,
53927,279.8001014,
53928,280.3410227,
53929,280.0633967,
53930,279.3207419,
53931,278.905058,
53932,278.07097,
53933,277.569346,
53934,277.1879613,
53935,277.3462723,
53936,277.5717093,
53937,277.8944136,
53938,277.4582987,
53939,277.4816511,
53940,278.0952446,
53941,278.7300785,
53942,278.9604963,
53943,279.3255235,
53944,280.3383762,
53945,280.7063076,
53946,281.1593245,
53947,281.5241417,
53948,282.7298393,
53949,283.101551,
53950,283.5159715,
53951,283.4569245,
53952,284.3815547,
53953,286.2352272,
53954,287.8167383,
53955,288.7957793,
53956,289.4037589,
53957,290.5207502,
53958,292.1787926,
53959,293.2359776,
53960,293.8600557,
53961,296.4686457,
53962,298.3300565,
53963,299.3710557,
53964,301.1340329,
53965,303.9568091,
53966,305.0621649,
53967,305.9870312,
53968,308.6422459,
53969,310.5364294,
53970,311.1635156,
53971,313.2636089,
53972,314.5736884,
53973,315.9813578,
53974,317.0893477,
53975,318.059959,
53976,319.6859761,
53977,322.0976482,
53978,323.0445106,
53979,324.3077346,
53980,325.9259989,
53981,327.6746628,
53982,328.0349907,
53983,328.5623955,
53984,330.7038963,
53985,331.7797915,
53986,332.9585645,
53987,334.9941555,
53988,337.2986027,
53989,338.0038637,
53990,339.3363569,
53991,340.6367429,
53992,342.3386916,
53993,343.1971837,
53994,344.823464,
53995,346.9486821,
53996,347.9309754,
53997,348.5144134,
53998,349.9697288,
53999,352.5539652,
54000,353.2721846,
54001,354.5201713,
54002,356.7418304,
54003,358.4181803,
54004,358.7171473,
54005,361.0117247,
54006,362.8793025,
54007,363.7186679,
54008,365.1174644,
54009,366.3426351,
54010,367.7445936,
54011,368.0530981,
54012,369.7197023,
54013,371.6257112,
54014,372.2162506,
54015,372.9338102,
54016,374.1880393,
54017,374.8990726,
54018,375.033633,
54019,375.1090385,
54020,375.7855025,
54021,376.5993161,
54022,376.5305552,
54023,376.8949323,
54024,377.3732735,
54025,377.6897739,
54026,377.6160027,
54027,377.5790125,
54028,377.3514553,
54029,377.3602301,
54030,377.0171887,
54031,376.5289208,
54032,376.5355038,
54033,376.2794641,
54034,375.9149917,
54035,375.5129145,
54036,375.7866872,
54037,376.0581059,
54038,375.405454,
54039,374.9916277,
54040,374.2366877,
54041,373.5934,
54042,373.2408573,
54043,372.9582629,
54044,373.1142797,
54045,373.1555093,
54046,372.7686984,
54047,371.6551733,
54048,371.0710446,
54049,370.6268652,
54050,370.1479982,
54051,370.2957959,
54052,369.7703411,
54053,369.3426032,
54054,368.9610204,
54055,368.2781992,
54056,367.0615958,
54057,365.9861874,
54058,365.6170125,
54059,364.1853324,
54060,362.5472975,
54061,361.8742525,
54062,360.864785,
54063,358.6081738,
54064,356.8736122,
54065,356.1446058,
54066,355.2196494,
54067,353.6095663,
54068,352.6672108,
54069,351.1277449,
54070,349.3607022,
54071,347.4441354,
54072,346.6401232,
54073,346.0565367,
54074,343.7671945,
54075,341.1040333,
54076,340.3922508,
54077,339.0756759,
54078,336.6526447,
54079,335.2045296,
54080,334.5586682,
54081,331.5434132,
54082,329.2037095,
54083,328.7483429,
54084,326.0623103,
54085,323.6656943,
54086,322.915397,
54087,321.16505,
54088,319.2834277,
54089,316.9962993,
54090,316.4887267,
54091,313.8187969,
54092,310.9063139,
54093,309.7843615,
54094,308.1779953,
54095,305.3242954,
54096,303.9908701,
54097,303.4635283,
54098,302.3887021,
54099,300.0563005,
54100,298.2972393,
54101,297.5374232,
54102,295.8547868,
54103,294.888543,
54104,293.8982739,
54105,293.1036765,
54106,292.0714575,
54107,290.9082469,
54108,290.3468676,
54109,289.6772248,
54110,288.4571585,
54111,286.9846461,
54112,285.638664,
54113,285.2892339,
54114,284.8085929,
54115,283.6354346,
54116,281.951597,
54117,281.0539123,
54118,279.6484038,
54119,278.0247124,
54120,276.383135,
54121,275.7741195,
54122,273.8919493,
54123,272.5404571,
54124,272.1137526,
54125,270.6587741,
54126,268.7490787,
54127,267.9770746,
54128,267.1613497,
54129,265.5117087,
54130,263.9165828,
54131,262.6768288,
54132,261.8613729,
54133,260.3958207,
54134,259.4931742,
54135,258.7553088,
54136,258.2860356,
54137,257.1226021,
54138,255.2471258,
54139,254.0280501,
54140,253.5208176,
54141,252.0188884,
54142,250.4373807,
54143,250.239699,
54144,249.7776024,
54145,248.7265314,
54146,247.9733228,
54147,246.8155657,
54148,246.6983304,
54149,246.7099869,
54150,246.1756942,
54151,245.0639606,
54152,243.9271889,
54153,243.4149172,
54154,243.0593244,
54155,241.678042,
54156,240.5753018,
54157,239.6248363,
54158,239.003346,
54159,238.2609002,
54160,237.8312963,
54161,237.2942665,
54162,236.2984713,
54163,235.7718136,
54164,235.3439105,
54165,235.3453794,
54166,235.0111226,
54167,234.5744817,
54168,234.3829632,
54169,234.4998839,
54170,234.2954142,
54171,234.2154753,
54172,234.4026829,
54173,234.1074787,
54174,233.546053,
54175,232.8213827,
54176,232.6034436,
54177,232.1018011,
54178,231.9777598,
54179,231.6781171,
54180,231.5932859,
54181,231.7124731,
54182,231.2591401,
54183,231.1035882,
54184,230.5161934,
54185,229.9798949,
54186,229.8987165,
54187,229.9099961,
54188,230.3042448,
54189,230.5563536,
54190,231.0772389,
54191,231.2995849,
54192,231.6104402,
54193,231.995286,
54194,232.699628,
54195,233.0424778,
54196,233.4646843,
54197,233.9912915,
54198,234.7818401,
54199,235.648375,
54200,236.1219864,
54201,236.5429639,
54202,237.4081906,
54203,238.6597312,
54204,239.539365,
54205,240.0083871,
54206,241.5613312,
54207,242.7601848,
54208,243.2964586,
54209,243.9730233,
54210,245.5043577,
54211,247.6453777,
54212,248.3422169,
54213,250.6084502,
54214,251.7332014,
54215,253.3355676,
54216,253.7833481,
54217,254.0439175,
54218,255.3104499,
54219,257.3637604,
54220,258.1710055,
54221,259.7443482,
54222,261.4941969,
54223,263.6104061,
54224,263.7900401,
54225,265.5305441,
54226,268.1892639,
54227,269.9204682,
54228,270.2621631,
54229,271.7777399,
54230,273.6753567,
54231,274.8641501,
54232,276.0315891,
54233,276.6292175,
54234,279.6807345,
54235,281.7403138,
54236,281.770843,
54237,283.6486377,
54238,285.8985491,
54239,287.5798473,
54240,287.8883336,
54241,289.0260305,
54242,291.6761126,
54243,292.7858236,
54244,293.7137098,
54245,295.8015951,
54246,298.1278482,
54247,299.8482969,
54248,299.9372713,
54249,301.8225846,
54250,303.3713242,
54251,303.9716932,
54252,303.7529996,
54253,304.8039279,
54254,306.0862503,
54255,307.1164262,
54256,307.5384568,
54257,308.711574,
54258,310.4402979,
54259,310.7826789,
54260,311.5712405,
54261,311.8961055,
54262,312.7230252,
54263,312.8949201,
54264,312.7552254,
54265,313.0146829,
54266,313.4500441,
54267,313.6233469,
54268,313.9181548,
54269,314.2776667,
54270,314.7651233,
54271,315.030625,
54272,315.2093358,
54273,315.8052114,
54274,316.19509,
54275,316.6585347,
54276,317.365553,
54277,318.0596527,
54278,317.6923434,
54279,317.8596204,
54280,318.2740052,
54281,318.4431213,
54282,319.1180569,
54283,319.7898447,
54284,319.9069845,
54285,319.9742,
54286,319.9291898,
54287,320.1549108,
54288,320.2410438,
54289,320.4479833,
54290,320.6037116,
54291,320.2008018,
54292,320.1919419,
54293,319.6890134,
54294,319.3101271,
54295,318.9592236,
54296,318.746338,
54297,318.057985,
54298,317.0569629,
54299,317.2272122,
54300,316.1371959,
54301,314.6269691,
54302,314.2902278,
54303,314.1507294,
54304,313.5892249,
54305,312.6049718,
54306,311.9509239,
54307,310.6236724,
54308,309.4767557,
54309,309.4466503,
54310,309.1160936,
54311,308.0725211,
54312,307.3087847,
54313,306.7410996,
54314,305.193313,
54315,303.6962493,
54316,302.6299966,
54317,301.8623513,
54318,299.8495611,
54319,298.2670594,
54320,297.6303357,
54321,296.0009433,
54322,294.2704266,
54323,292.8387749,
54324,291.755297,
54325,289.1895627,
54326,287.5004428,
54327,286.4796738,
54328,284.1805282,
54329,281.4580264,
54330,280.8083275,
54331,279.6255133,
54332,277.4135482,
54333,275.0297454,
54334,274.4278184,
54335,271.8228343,
54336,268.7360926,
54337,267.6293822,
54338,266.5715281,
54339,264.2636043,
54340,261.8347653,
54341,260.9649613,
54342,258.8309487,
54343,255.4996741,
54344,254.0853224,
54345,253.1989545,
54346,250.7185357,
54347,248.9407984,
54348,247.7628158,
54349,247.2868568,
54350,244.7329798,
54351,243.0206816,
54352,242.2012611,
54353,241.5616952,
54354,239.8116563,
54355,238.1919835,
54356,237.7058377,
54357,237.2823755,
54358,235.2995386,
54359,234.6400993,
54360,234.3775915,
54361,233.4518021,
54362,232.921543,
54363,232.1903208,
54364,231.8947401,
54365,231.2640923,
54366,229.8414751,
54367,229.2947335,
54368,228.5824847,
54369,227.5133532,
54370,226.4858397,
54371,225.8327504,
54372,225.4508006,
54373,224.7259447,
54374,224.1093708,
54375,223.4192776,
54376,222.6711659,
54377,221.875687,
54378,221.4890237,
54379,221.893101,
54380,221.4238629,
54381,220.730588,
54382,220.7760768,
54383,220.3061344,
54384,219.8067515,
54385,219.9353387,
54386,220.0319209,
54387,219.840321,
54388,219.8492167,
54389,219.6958458,
54390,219.7396924,
54391,220.0942615,
54392,220.5504796,
54393,220.8234293,
54394,221.6935559,
54395,222.2322145,
54396,222.4575095,
54397,223.4697885,
54398,224.7218856,
54399,225.1228591,
54400,225.9910628,
54401,227.4061388,
54402,228.5440262,
54403,228.7508479,
54404,229.7197972,
54405,231.2729568,
54406,232.3103384,
54407,232.9721624,
54408,234.2936093,
54409,235.9678372,
54410,236.5307061,
54411,236.9741012,
54412,238.3462478,
54413,239.6599453,
54414,240.354184,
54415,242.2608742,
54416,244.1823993,
54417,245.0274101,
54418,246.4876087,
54419,248.7413772,
54420,249.7674239,
54421,250.014747,
54422,251.3535095,
54423,253.4629633,
54424,255.5754469,
54425,256.2054716,
54426,258.2168409,
54427,260.4285438,
54428,262.0140068,
54429,262.5871233,
54430,264.3518799,
54431,266.6135111,
54432,267.7348143,
54433,268.657289,
54434,270.3618876,
54435,271.7682424,
54436,273.2359473,
54437,273.6580768,
54438,273.6903708,
54439,275.4619294,
54440,277.4370152,
54441,277.9474367,
54442,280.1872069,
54443,282.5367769,
54444,283.7249731,
54445,284.8510992,
54446,287.1591669,
54447,289.5314603,
54448,290.5271107,
54449,291.9381914,
54450,294.6626605,
54451,295.9739991,
54452,296.8556892,
54453,298.9605151,
54454,300.3432962,
54455,301.4092318,
54456,302.3658373,
54457,303.96254,
54458,305.033992,
54459,305.9839867,
54460,306.1639641,
54461,307.3515119,
54462,308.4149118,
54463,309.7804101,
54464,310.4878075,
54465,311.1154898,
54466,312.0328618,
54467,313.8745278,
54468,315.0603435,
54469,315.4045283,
54470,315.8767429,
54471,316.9020484,
54472,317.6790982,
54473,318.2329545,
54474,318.5820387,
54475,318.6126614,
54476,319.2986788,
54477,320.2384403,
54478,320.4519317,
54479,321.8009206,
54480,323.3439178,
54481,324.3928288,
54482,325.5967366,
54483,326.7426968,
54484,328.6663271,
54485,329.4410309,
54486,330.4523053,
54487,332.1342211,
54488,334.4995213,
54489,335.9075293,
54490,336.8257407,
54491,338.6446781,
54492,341.5838789,
54493,341.9029625,
54494,342.3328398,
54495,344.0245455,
54496,346.2534621,
54497,348.2494993,
54498,348.6378594,
54499,350.0197677,
54500,352.7253748,
54501,354.7049995,
54502,354.7810041,
54503,356.6692146,
54504,358.4538943,
54505,360.8380098,
54506,361.2106609,
54507,362.2754882,
54508,364.8366288,
54509,366.5748088,
54510,367.4705625,
54511,368.0238893,
54512,370.0094356,
54513,371.5983351,
54514,373.0658391,
54515,373.2540146,
54516,374.5283328,
54517,376.0484532,
54518,377.6936317,
54519,377.9247414,
54520,378.9658074,
54521,380.1933583,
54522,381.0522343,
54523,381.2226431,
54524,381.6214834,
54525,381.7417629,
54526,382.4795778,
54527,383.172394,
54528,383.0454386,
54529,383.3108779,
54530,383.8496286,
54531,383.7432707,
54532,384.2120557,
54533,384.982854,
54534,384.9928496,
54535,385.2511338,
54536,385.5471944,
54537,385.7890611,
54538,385.9608961,
54539,386.1393662,
54540,386.0729388,
54541,385.6094515,
54542,384.8760429,
54543,384.3298428,
54544,383.6237524,
54545,383.0307059,
54546,382.1542664,
54547,381.7222267,
54548,381.6707571,
54549,381.1285888,
54550,380.3717074,
54551,379.0475928,
54552,378.9529114,
54553,378.2665533,
54554,377.6415677,
54555,375.9395575,
54556,374.9523311,
54557,374.7089081,
54558,373.6469215,
54559,372.7294906,
54560,371.7575159,
54561,371.0467788,
54562,370.3642453,
54563,369.8492803,
54564,368.2811663,
54565,366.238355,
54566,364.6873958,
54567,364.3476542,
54568,363.6153102,
54569,362.2164638,
54570,361.1336021,
54571,360.1432825,
54572,359.1642461,
54573,358.3412387,
54574,356.0795479,
54575,354.7156604,
54576,353.8085122,
54577,353.3027746,
54578,351.8020101,
54579,351.0435325,
54580,349.6771651,
54581,348.5645841,
54582,348.1425099,
54583,345.6385031,
54584,344.3281675,
54585,343.2099736,
54586,342.4695042,
54587,341.5952639,
54588,339.1518791,
54589,337.4300146,
54590,336.3416896,
54591,335.3611546,
54592,333.4311705,
54593,332.5633295,
54594,330.7233355,
54595,329.945239,
54596,329.4298986,
54597,327.434771,
54598,325.4118937,
54599,324.9496224,
54600,323.8492717,
54601,321.3745332,
54602,320.3418741,
54603,319.9324899,
54604,318.9735344,
54605,318.1926996,
54606,315.9555503,
54607,314.825867,
54608,314.4696149,
54609,312.9507551,
54610,310.570431,
54611,308.9973271,
54612,308.6006921,
54613,307.0544778,
54614,305.6775747,
54615,303.8500034,
54616,302.439849,
54617,302.2223576,
54618,300.5889674,
54619,299.4615154,
54620,298.6177073,
54621,298.1413043,
54622,296.9540341,
54623,296.2052648,
54624,294.2630009,
54625,293.8184144,
54626,293.4192333,
54627,292.4135711,
54628,290.2420937,
54629,289.6220306,
54630,287.9187014,
54631,285.9598888,
54632,284.6335473,
54633,284.1572584,
54634,283.1721547,
54635,281.1763072,
54636,280.4363377,
54637,279.5611509,
54638,278.1492964,
54639,276.3786816,
54640,275.41318,
54641,274.799965,
54642,273.2178939,
54643,271.8427173,
54644,271.0065041,
54645,270.6784929,
54646,269.6852606,
54647,269.0759099,
54648,268.7780345,
54649,268.2461209,
54650,266.771795,
54651,265.697683,
54652,265.434749,
54653,264.9893957,
54654,264.2656197,
54655,263.1953851,
54656,263.0326263,
54657,261.9687698,
54658,260.8358322,
54659,260.6174944,
54660,260.0280001,
54661,259.0496692,
54662,258.3423774,
54663,258.4275188,
54664,258.1603644,
54665,257.6468976,
54666,257.1844909,
54667,257.2066111,
54668,257.1360861,
54669,257.1961679,
54670,257.0461568,
54671,257.1939104,
54672,257.8654605,
54673,257.8993612,
54674,258.0440733,
54675,258.4987243,
54676,259.3438885,
54677,259.7719099,
54678,260.391972,
54679,261.1649427,
54680,261.8403314,
54681,263.1265098,
54682,264.123032,
54683,264.9533147,
54684,265.9817845,
54685,266.8039557,
54686,267.1336714,
54687,268.1598305,
54688,269.8253907,
54689,270.9874492,
54690,271.8630599,
54691,272.0368222,
54692,273.1855281,
54693,274.3105081,
54694,275.495592,
54695,276.1624333,
54696,276.4629096,
54697,278.3644711,
54698,280.2268528,
54699,280.704384,
54700,281.7071296,
54701,283.0959948,
54702,284.1742963,
54703,285.5325832,
54704,286.3656312,
54705,286.8974404,
54706,288.3662036,
54707,290.6950584,
54708,292.4041855,
54709,293.1251197,
54710,295.4909455,
54711,297.3681458,
54712,298.5384942,
54713,299.0822593,
54714,301.6360858,
54715,304.9670909,
54716,305.135996,
54717,306.8634369,
54718,309.2384872,
54719,311.088672,
54720,311.8446518,
54721,313.7980647,
54722,315.8561039,
54723,317.1934004,
54724,318.0569663,
54725,320.3220285,
54726,322.4747039,
54727,323.3242092,
54728,324.7027721,
54729,327.0011894,
54730,328.9068812,
54731,329.7898972,
54732,331.6484677,
54733,333.5491712,
54734,335.0691055,
54735,335.9608338,
54736,336.9912627,
54737,339.221891,
54738,340.5467225,
54739,341.3272571,
54740,342.5670829,
54741,343.9324623,
54742,344.9734156,
54743,345.3846198,
54744,346.1861042,
54745,347.7191096,
54746,348.9584798,
54747,349.5933935,
54748,350.6186394,
54749,352.2850131,
54750,354.0606984,
54751,354.6779538,
54752,355.6722995,
54753,357.7998778,
54754,359.4714411,
54755,360.1972128,
54756,361.2880173,
54757,362.4290584,
54758,363.57749,
54759,364.3811841,
54760,364.3231449,
54761,365.3072985,
54762,367.5700758,
54763,368.5172229,
54764,369.6480906,
54765,371.6296168,
54766,373.2024024,
54767,373.9866999,
54768,374.74903,
54769,375.701824,
54770,377.5562502,
54771,378.359927,
54772,379.404389,
54773,380.6048887,
54774,381.2169918,
54775,381.6583229,
54776,381.9625431,
54777,382.3252405,
54778,382.425281,
54779,382.5486825,
54780,382.4704233,
54781,382.4837264,
54782,382.3342479,
54783,382.176668,
54784,382.7742563,
54785,383.1761319,
54786,383.4525088,
54787,383.8349745,
54788,384.2794169,
54789,384.8324245,
54790,384.9772582,
54791,385.4138532,
54792,385.5662365,
54793,385.2723771,
54794,385.1536789,
54795,385.4416327,
54796,385.598214,
54797,385.7456956,
54798,385.8075044,
54799,385.7497628,
54800,385.3778627,
54801,385.1671456,
54802,385.1687645,
54803,385.1278032,
54804,385.1771348,
54805,385.6477082,
54806,385.5689466,
54807,385.7571331,
54808,385.9789615,
54809,386.0154589,
54810,386.0637064,
54811,386.1088413,
54812,385.7036596,
54813,385.382934,
54814,385.3763969,
54815,385.2456351,
54816,385.3826257,
54817,385.2054609,
54818,385.2767097,
54819,384.9696041,
54820,384.7913473,
54821,384.7582721,
54822,384.539118,
54823,384.3885785,
54824,384.2888276,
54825,384.4607254,
54826,384.9224307,
54827,384.7787801,
54828,384.4992076,
54829,384.6094266,
54830,384.2833853,
54831,383.8435782,
54832,383.7318629,
54833,383.6519417,
54834,383.1427936,
54835,383.0818048,
54836,382.6389731,
54837,381.9239171,
54838,380.8278484,
54839,380.164609,
54840,379.8609281,
54841,379.5821338,
54842,379.357994,
54843,378.5425584,
54844,377.7134563,
54845,376.6740062,
54846,376.3617814,
54847,375.482759,
54848,374.2294172,
54849,373.1737939,
54850,373.0247636,
54851,372.3999301,
54852,371.0651178,
54853,369.6352751,
54854,369.4286282,
54855,368.4075566,
54856,366.4709463,
54857,365.4475673,
54858,365.0716105,
54859,363.9809902,
54860,362.4358022,
54861,362.0563638,
54862,361.3203435,
54863,359.8788765,
54864,358.6805845,
54865,356.6675349,
54866,356.3402721,
54867,355.2675803,
54868,353.5098581,
54869,352.2792886,
54870,350.8276471,
54871,350.5560383,
54872,349.5159827,
54873,348.2175122,
54874,347.5148616,
54875,346.5230252,
54876,345.1771625,
54877,344.9079796,
54878,344.5877659,
54879,343.43773,
54880,342.8642937,
54881,341.5959322,
54882,340.9328229,
54883,340.4908681,
54884,339.1128437,
54885,338.1077928,
54886,336.1085119,
54887,334.6832123,
54888,334.1373714,
54889,333.3387035,
54890,331.5711508,
54891,329.9421472,
54892,329.1989987,
54893,328.9069508,
54894,326.702485,
54895,324.4012945,
54896,323.5064548,
54897,322.7047958,
54898,321.4989438,
54899,320.0740576,
54900,318.8256976,
54901,318.128275,
54902,316.1316346,
54903,313.781104,
54904,312.2200064,
54905,311.6478891,
54906,310.0269233,
54907,307.5829709,
54908,306.7252795,
54909,306.1434112,
54910,303.9195752,
54911,301.6519627,
54912,300.98905,
54913,300.1831709,
54914,297.8221674,
54915,295.7960461,
54916,295.2583334,
54917,293.2800666,
54918,291.3719016,
54919,289.5428017,
54920,289.5998802,
54921,288.3626133,
54922,286.2664865,
54923,284.7736501,
54924,284.002016,
54925,282.3638822,
54926,279.4124458,
54927,277.926386,
54928,277.1166474,
54929,275.1610217,
54930,272.4923435,
54931,271.3515121,
54932,270.2805154,
54933,267.9456936,
54934,265.9444485,
54935,265.1860051,
54936,263.4519584,
54937,261.8704425,
54938,259.9537609,
54939,259.4478064,
54940,257.3719773,
54941,254.7780767,
54942,253.9250989,
54943,252.171743,
54944,251.5827035,
54945,250.2954101,
54946,249.447106,
54947,247.922892,
54948,247.5090201,
54949,246.3264847,
54950,245.2115716,
54951,244.3358184,
54952,243.2905941,
54953,242.0663256,
54954,241.1210577,
54955,240.4167527,
54956,239.5548195,
54957,238.2849387,
54958,236.5876772,
54959,235.7686946,
54960,234.4320369,
54961,231.8047891,
54962,229.8919385,
54963,229.1582334,
54964,228.2272645,
54965,226.4008673,
54966,223.9822736,
54967,223.5039391,
54968,222.5352645,
54969,220.2761416,
54970,218.5733331,
54971,217.8494363,
54972,217.0091611,
54973,214.9483949,
54974,212.245868,
54975,211.5445837,
54976,210.7851343,
54977,208.7103877,
54978,206.3164911,
54979,204.806374,
54980,203.0103012,
54981,200.0131857,
54982,199.1602524,
54983,198.5079303,
54984,195.8488199,
54985,193.5734426,
54986,192.4063338,
54987,191.3642968,
54988,189.2239614,
54989,187.4987737,
54990,187.270637,
54991,185.8886862,
54992,183.9055368,
54993,182.4779533,
54994,182.0832658,
54995,180.269564,
54996,179.2336665,
54997,178.296716,
54998,177.6391214,
54999,175.6473799,
55000,174.123608,
55001,173.3670228,
55002,171.902002,
55003,170.4837711,
55004,169.9562891,
55005,169.720558,
55006,168.39872,
55007,167.17057,
55008,166.7391112,
55009,166.4322211,
55010,165.545261,
55011,164.9709205,
55012,165.0210484,
55013,164.6597364,
55014,164.5982248,
55015,164.8244726,
55016,164.7174476,
55017,165.3558143,
55018,165.9025804,
55019,166.563297,
55020,167.2536624,
55021,168.2800014,
55022,168.4564982,
55023,169.5515153,
55024,170.2320553,
55025,170.9578921,
55026,171.5469049,
55027,172.1253763,
55028,174.3027246,
55029,175.7050862,
55030,176.2450881,
55031,177.7674521,
55032,179.6892369,
55033,181.3506179,
55034,182.1230254,
55035,183.7510623,
55036,186.1651408,
55037,187.1412847,
55038,188.4492847,
55039,190.6355893,
55040,192.6861934,
55041,193.9720958,
55042,195.5236871,
55043,197.9897494,
55044,199.9923259,
55045,200.6686352,
55046,202.4453921,
55047,204.6923307,
55048,206.5069665,
55049,206.1662283,
55050,208.2192415,
55051,211.4464973,
55052,212.3342244,
55053,212.7104987,
55054,214.1338861,
55055,215.1473619,
55056,216.0960387,
55057,216.5870958,
55058,217.2131043,
55059,218.863637,
55060,220.7357788,
55061,222.4407266,
55062,222.937489,
55063,224.357468,
55064,226.2094688,
55065,228.0584503,
55066,229.1308859,
55067,230.2011782,
55068,231.8382158,
55069,233.486851,
55070,233.5827753,
55071,235.1704457,
55072,236.5432461,
55073,238.0619507,
55074,238.4840898,
55075,239.6747608,
55076,241.4695393,
55077,243.0189559,
55078,244.1456445,
55079,245.3692412,
55080,247.2435884,
55081,249.3534614,
55082,250.282896,
55083,253.0475229,
55084,255.2860553,
55085,255.9938858,
55086,257.791358,
55087,260.5392757,
55088,261.9947046,
55089,263.2161939,
55090,265.5520926,
55091,268.5565282,
55092,269.6213119,
55093,271.4478663,
55094,274.1569051,
55095,275.8103461,
55096,276.408334,
55097,277.2303786,
55098,278.2765961,
55099,280.2402697,
55100,281.9885731,
55101,283.1388104,
55102,286.4255171,
55103,288.5291659,
55104,289.4431886,
55105,291.3167705,
55106,294.4645168,
55107,296.0071325,
55108,296.6671224,
55109,298.7348357,
55110,301.3850759,
55111,302.7829564,
55112,304.2508378,
55113,307.015853,
55114,309.0588627,
55115,310.0377442,
55116,311.4832136,
55117,313.250675,
55118,314.7924737,
55119,315.0958402,
55120,316.5137114,
55121,317.886407,
55122,318.7433546,
55123,320.3605635,
55124,322.3946921,
55125,323.7207379,
55126,324.6070983,
55127,325.6838222,
55128,327.8387487,
55129,329.2240315,
55130,329.4270077,
55131,330.7844291,
55132,331.5223874,
55133,332.1901538,
55134,332.736792,
55135,332.9507686,
55136,333.3338389,
55137,334.9968649,
55138,335.5000524,
55139,335.8158782,
55140,336.7188629,
55141,337.7209092,
55142,338.6600449,
55143,338.693394,
55144,338.8691777,
55145,339.5104165,
55146,340.3413156,
55147,340.8527794,
55148,341.2639222,
55149,341.5967063,
55150,342.4655518,
55151,342.5692795,
55152,342.5471028,
55153,342.2015901,
55154,341.9592576,
55155,341.5083706,
55156,341.540514,
55157,340.8721235,
55158,340.7893989,
55159,340.8021817,
55160,340.543994,
55161,340.516802,
55162,339.7078091,
55163,338.8434807,
55164,338.4085156,
55165,337.9756901,
55166,337.5034386,
55167,336.4054048,
55168,335.1894022,
55169,335.2567519,
55170,334.5642092,
55171,333.3712212,
55172,332.6962677,
55173,332.3318458,
55174,331.5985896,
55175,330.5484441,
55176,329.4675692,
55177,328.8027,
55178,327.6279765,
55179,326.0440805,
55180,324.6251595,
55181,323.7727839,
55182,323.2228453,
55183,321.4425404,
55184,320.4644393,
55185,319.2927992,
55186,318.7566707,
55187,317.8888249,
55188,317.1459977,
55189,316.3934929,
55190,314.8738996,
55191,314.460459,
55192,314.0220842,
55193,313.5529855,
55194,312.6837485,
55195,311.6507756,
55196,310.4808106,
55197,309.8444074,
55198,308.8760158,
55199,307.2250706,
55200,307.2577697,
55201,306.034621,
55202,305.7409547,
55203,305.2017999,
55204,304.8315745,
55205,304.5388808,
55206,304.4255589,
55207,304.3806087,
55208,304.4554239,
55209,305.0704219,
55210,305.3885098,
55211,305.7576801,
55212,306.2265613,
55213,306.2365177,
55214,306.752246,
55215,306.8260007,
55216,306.9121663,
55217,307.0124094,
55218,307.0546983,
55219,306.6929689,
55220,306.224912,
55221,305.9533519,
55222,305.8608323,
55223,306.0088587,
55224,305.7215338,
55225,305.8748429,
55226,305.6780561,
55227,305.46827,
55228,305.0380847,
55229,304.5799034,
55230,304.8621081,
55231,304.9890212,
55232,304.5381809,
55233,303.7678265,
55234,303.5609102,
55235,302.6330171,
55236,301.9649271,
55237,301.3225715,
55238,301.2936616,
55239,300.7682622,
55240,300.1191677,
55241,299.5682066,
55242,298.7255877,
55243,297.6131421,
55244,296.8787528,
55245,297.0206088,
55246,296.4142618,
55247,295.4674552,
55248,295.163065,
55249,294.4505071,
55250,293.4343544,
55251,292.9463993,
55252,292.5818727,
55253,292.2961468,
55254,291.0591569,
55255,289.8195944,
55256,289.3637239,
55257,287.6838312,
55258,285.8485685,
55259,284.6811412,
55260,284.4310271,
55261,283.0439768,
55262,282.1464004,
55263,281.0998919,
55264,280.6276663,
55265,278.5737792,
55266,276.4798248,
55267,275.3690526,
55268,274.9078919,
55269,272.9846482,
55270,270.8471849,
55271,270.1219088,
55272,269.1286106,
55273,266.7441387,
55274,264.4857945,
55275,264.1121908,
55276,262.514435,
55277,260.3345907,
55278,259.263753,
55279,258.5356112,
55280,256.3896649,
55281,254.2558729,
55282,252.7075455,
55283,252.0364038,
55284,249.342274,
55285,247.6031476,
55286,246.2958961,
55287,246.3818871,
55288,246.4122786,
55289,245.6816757,
55290,244.5829432,
55291,244.3442191,
55292,244.3947085,
55293,244.0987937,
55294,243.0568618,
55295,241.9437331,
55296,241.0240239,
55297,240.2416851,
55298,238.9376156,
55299,236.8969717,
55300,235.6330753,
55301,235.3953901,
55302,234.8236129,
55303,234.4419116,
55304,233.6702983,
55305,231.9674163,
55306,230.677176,
55307,229.1820298,
55308,227.3447711,
55309,225.7703651,
55310,225.06111,
55311,224.2131776,
55312,222.348709,
55313,220.0464486,
55314,219.1704866,
55315,217.6933774,
55316,215.1173221,
55317,214.2487676,
55318,213.8467459,
55319,212.5138418,
55320,211.8112115,
55321,210.9553325,
55322,210.9230853,
55323,209.4508282,
55324,208.293623,
55325,207.6303328,
55326,207.4680303,
55327,206.6922266,
55328,206.1314009,
55329,206.0385394,
55330,205.8932392,
55331,205.6924818,
55332,205.6975475,
55333,205.3502335,
55334,205.3057832,
55335,205.1940055,
55336,205.2659399,
55337,205.5392106,
55338,206.1353702,
55339,206.1881875,
55340,206.5945432,
55341,207.5170752,
55342,208.3371269,
55343,208.3321697,
55344,209.5232582,
55345,210.2963471,
55346,210.9589867,
55347,210.951828,
55348,212.1922577,
55349,213.1522104,
55350,213.7353237,
55351,214.5969579,
55352,216.1404916,
55353,217.2844559,
55354,217.8610952,
55355,218.9469422,
55356,220.2016554,
55357,221.7744451,
55358,221.9721178,
55359,223.851705,
55360,225.9503359,
55361,226.2507083,
55362,227.7680835,
55363,229.8665914,
55364,231.4866381,
55365,231.7949905,
55366,232.8250201,
55367,235.3990798,
55368,236.7647734,
55369,237.2073016,
55370,236.9446845,
55371,238.7366516,
55372,241.2677138,
55373,243.3061807,
55374,244.2431668,
55375,244.5968811,
55376,246.6505154,
55377,248.2794481,
55378,250.2649433,
55379,251.153024,
55380,252.6468514,
55381,254.1425754,
55382,254.931538,
55383,255.7050655,
55384,256.1213965,
55385,258.0949943,
55386,259.4777437,
55387,261.0118097,
55388,261.5533682,
55389,262.2854923,
55390,262.9003967,
55391,264.0387913,
55392,264.2645936,
55393,264.3966579,
55394,264.5055172,
55395,265.0720259,
55396,265.1110454,
55397,264.9916034,
55398,264.9371897,
55399,265.2133385,
55400,265.1914566,
55401,264.8859869,
55402,264.8854771,
55403,264.228147,
55404,263.5457263,
55405,264.1485371,
55406,264.3148144,
55407,264.174853,
55408,264.2470356,
55409,264.5850138,
55410,264.4908374,
55411,264.4156562,
55412,263.6425666,
55413,263.7586553,
55414,262.6815732,
55415,262.7768149,
55416,263.2097792,
55417,263.0028958,
55418,262.5832171,
55419,261.9536507,
55420,261.981855,
55421,261.1159306,
55422,261.3120133,
55423,260.814952,
55424,261.1293678,
55425,260.7160108,
55426,260.4638318,
55427,260.5775558,
55428,261.074924,
55429,261.2796932,
55430,262.0856437,
55431,262.8223202,
55432,263.7304925,
55433,263.7521203,
55434,266.0300145,
55435,267.2853185,
55436,267.6151789,
55437,268.7201457,
55438,269.5498703,
55439,270.5853396,
55440,271.7479025,
55441,272.1402168,
55442,273.1557049,
55443,274.4647026,
55444,275.5696417,
55445,276.9220401,
55446,277.5156457,
55447,279.1024304,
55448,280.6548762,
55449,282.0881119,
55450,282.7089398,
55451,284.0702476,
55452,285.9174547,
55453,286.8447154,
55454,287.9721262,
55455,290.1014808,
55456,292.720194,
55457,294.033404,
55458,295.0706233,
55459,296.7786864,
55460,299.031363,
55461,300.8876022,
55462,301.4718691,
55463,302.4329728,
55464,305.0783911,
55465,306.6725854,
55466,307.4966333,
55467,309.0940661,
55468,310.5120571,
55469,311.5509715,
55470,312.4108469,
55471,313.2803867,
55472,315.183039,
55473,315.669685,
55474,316.4969264,
55475,317.2602813,
55476,318.7085346,
55477,320.1955552,
55478,320.8588029,
55479,321.8056041,
55480,323.8441349,
55481,325.9942048,
55482,326.3275696,
55483,327.6922189,
55484,329.3680077,
55485,331.1176508,
55486,331.2247467,
55487,332.7915523,
55488,334.9042837,
55489,335.6969615,
55490,336.0866207,
55491,336.591355,
55492,337.9994435,
55493,339.1828664,
55494,339.6576577,
55495,339.8342609,
55496,340.3351042,
55497,340.434447,
55498,341.5535776,
55499,341.9872594,
55500,342.7416119,
55501,343.368705,
55502,344.4171852,
55503,344.7350646,
55504,346.9562243,
55505,348.8666454,
55506,349.9149128,
55507,350.9236372,
55508,352.0265256,
55509,353.8010043,
55510,356.1613746,
55511,356.9970696,
55512,357.7169994,
55513,359.7739247,
55514,361.3782778,
55515,361.9859103,
55516,362.7391688,
55517,364.2295236,
55518,365.5907321,
55519,366.0922067,
55520,366.5722449,
55521,368.6056002,
55522,370.6033882,
55523,371.8570552,
55524,371.9468074,
55525,373.7300847,
55526,375.8971298,
55527,377.1466456,
55528,378.0369712,
55529,379.0584043,
55530,379.7060412,
55531,380.2817813,
55532,380.9623184,
55533,381.2870155,
55534,381.5412578,
55535,381.481441,
55536,382.3691566,
55537,382.4683384,
55538,382.9690932,
55539,383.307847,
55540,383.2760473,
55541,383.1729647,
55542,383.1805378,
55543,383.0882532,
55544,383.1895634,
55545,383.3666732,
55546,383.27397,
55547,383.1303784,
55548,383.1428573,
55549,383.2511129,
55550,382.4467323,
55551,382.2345676,
55552,382.1471023,
55553,382.0848528,
55554,381.468349,
55555,381.3569911,
55556,381.3254129,
55557,381.2142919,
55558,381.4025091,
55559,381.1169215,
55560,380.8393856,
55561,380.6205887,
55562,380.511359,
55563,380.4374607,
55564,379.8615488,
55565,379.3783004,
55566,379.2256024,
55567,379.3256329,
55568,379.1865909,
55569,379.0933954,
55570,378.4308012,
55571,378.2733225,
55572,377.6778633,
55573,376.9577901,
55574,376.3245664,
55575,376.0759097,
55576,375.942854,
55577,375.5650673,
55578,374.9275511,
55579,374.2465593,
55580,373.5532906,
55581,372.7623716,
55582,371.7299245,
55583,370.5764742,
55584,370.2495813,
55585,370.1288678,
55586,369.3662494,
55587,368.4965604,
55588,367.9057617,
55589,366.719179,
55590,365.8675595,
55591,364.5443958,
55592,364.132499,
55593,363.5129612,
55594,362.5891766,
55595,361.5487122,
55596,360.7757351,
55597,360.0516907,
55598,359.1200271,
55599,358.56589,
55600,358.0455752,
55601,356.6556597,
55602,355.3422084,
55603,355.1459751,
55604,353.9237853,
55605,352.0746196,
55606,349.9046052,
55607,350.0251299,
55608,348.1274435,
55609,346.8660518,
55610,345.3912287,
55611,344.9099476,
55612,344.5041367,
55613,343.9328159,
55614,342.4870298,
55615,341.1144926,
55616,340.5390576,
55617,340.0244506,
55618,339.4188544,
55619,338.4250311,
55620,337.0964318,
55621,337.1524155,
55622,336.6452894,
55623,335.4521608,
55624,334.8930656,
55625,333.7671891,
55626,333.2601408,
55627,332.8904497,
55628,332.1952492,
55629,332.0597241,
55630,331.8622993,
55631,331.7565347,
55632,331.9486238,
55633,332.0932856,
55634,332.469716,
55635,332.9186123,
55636,333.9011175,
55637,334.3961812,
55638,334.7788756,
55639,335.5164775,
55640,335.9602547,
55641,336.1419948,
55642,336.8535381,
55643,337.9935587,
55644,338.8357335,
55645,339.5929992,
55646,339.60616,
55647,339.9948353,
55648,340.5020863,
55649,341.0966576,
55650,341.8315403,
55651,342.0834182,
55652,342.3456831,
55653,343.3056104,
55654,344.074098,
55655,344.7092553,
55656,345.0389546,
55657,345.3156437,
55658,346.5981814,
55659,347.4885796,
55660,347.9921615,
55661,348.4563766,
55662,349.0144341,
55663,350.0878986,
55664,350.5278599,
55665,350.736612,
55666,351.7124788,
55667,352.7502237,
55668,353.246153,
55669,353.5569271,
55670,353.4586336,
55671,354.2752978,
55672,354.9495108,
55673,355.2099536,
55674,355.306412,
55675,355.50041,
55676,355.9710698,
55677,356.4849401,
55678,356.6968505,
55679,356.7005999,
55680,357.0464419,
55681,357.1487913,
55682,357.1599968,
55683,357.2453101,
55684,357.5661331,
55685,357.9128678,
55686,358.2489383,
55687,358.6535107,
55688,359.1560224,
55689,360.0236592,
55690,360.4993552,
55691,361.2653715,
55692,362.3638978,
55693,363.5917032,
55694,364.3289062,
55695,364.7373928,
55696,365.9012349,
55697,367.1833059,
55698,367.8049216,
55699,368.3930451,
55700,369.5247158,
55701,371.1214431,
55702,372.2349293,
55703,372.7580965,
55704,374.0772746,
55705,375.2116141,
55706,375.6126312,
55707,376.1652369,
55708,376.6244497,
55709,378.4536465,
55710,379.6669807,
55711,380.06213,
55712,380.5266983,
55713,381.1288464,
55714,381.5494394,
55715,381.7306809,
55716,381.6893859,
55717,381.8864668,
55718,382.1207087,
55719,382.0877753,
55720,382.2485593,
55721,382.5705687,
55722,382.9469942,
55723,382.9016956,
55724,383.2732744,
55725,383.4397108,
55726,383.4156598,
55727,383.4342419,
55728,383.50243,
55729,383.5479215,
55730,383.5346968,
55731,383.5191588,
55732,383.5843434,
55733,383.5952997,
55734,383.5868866,
55735,383.6500138,
55736,383.6102919,
55737,383.6102919,
55738,383.6341951,
55739,383.6464553,
55740,383.662672,
55741,383.6960305,
55742,383.6549876,
55743,383.7653079,
55744,383.7726834,
55745,383.7778226,
55746,383.818301,
55747,383.8161827,
55748,383.8289197,
55749,383.8667113,
55750,383.8913928,
55751,383.9052192,
55752,383.8307424,
55753,383.8773343,
55754,383.8071511,
55755,383.8183288,
55756,383.9542576,
55757,384.0021385,
55758,384.0525949,
55759,383.9920613,
55760,384.3027599,
55761,384.177197,
55762,384.1587448,
55763,384.2102631,
55764,384.1907384,
55765,384.1776118,
55766,384.2888409,
55767,384.2269541,
55768,384.3110753,
55769,384.3967009,
55770,384.3942827,
55771,384.4861165,
55772,384.3863171,
55773,384.4242403,
55774,384.4016568,
55775,384.4799462,
55776,384.467118,
55777,384.4809454,
55778,384.467118,
55779,384.5457895,
55780,384.515073,
55781,384.5773747,
55782,384.6025189,
55783,384.5824928,
55784,384.5824928,
55785,384.5826567,
55786,384.519153,
55787,384.608957,
55788,384.6328657,
55789,384.6328657,
55790,384.6459562,
55791,384.6459562,
55792,384.5975113,
55793,384.6633942,
55794,384.6504257,
55795,384.6840259,
55796,384.6418292,
55797,384.6584584,
55798,384.6769016,
55799,384.7109307,
55800,384.6412027,
55801,384.6076512,
55802,384.6042762,
55803,384.5514418,
55804,384.6129266,
55805,384.6534778,
55806,384.6465977,
55807,384.6192091,
55808,384.743279,
55809,384.57917,
55810,384.7066937,
55811,384.6386117,
55812,384.6765289,
55813,384.7114667,
55814,384.7055906,
55815,384.6907512,
55816,384.7204614,
55817,384.7279103,
55818,384.7690948,
55819,384.8025527,
55820,384.7239466,
55821,384.8077641,
55822,384.6730559,
55823,384.7936571,
55824,385.0735537,
55825,384.8461094,
55826,384.9751911,
55827,385.2391821,
55828,385.0914787,
55829,385.0477948,
55830,385.3268769,
55831,385.3367991,
55832,385.3380491,
55833,385.3694065,
55834,385.6099786,
55835,385.7913626,
55836,385.6319071,
55837,385.5440259,
55838,385.9279409,
55839,385.8526831,
55840,385.9674573,
55841,385.9075436,
55842,385.9438953,
55843,385.9048495,
55844,385.7031797,
55845,385.2509284,
55846,385.1806965,
55847,385.1786854,
55848,385.0532893,
55849,385.0515316,
55850,384.8644823,
55851,384.677213,
55852,384.5749367,
55853,384.428968,
55854,384.796517,
55855,385.1956937,
55856,385.6160995,
55857,385.7768534,
55858,386.1415145,
55859,386.3279888,
55860,386.3661886,
55861,386.4123119,
55862,386.6708675,
55863,386.620201,
55864,386.6442773,
55865,387.0048426,
55866,387.4548989,
55867,387.6869005,
55868,387.8722059,
55869,388.2619518,
55870,388.5558453,
55871,388.8713448,
55872,389.1571748,
55873,389.8483278,
55874,390.3917875,
55875,391.1782196,
55876,391.3276868,
55877,391.30987,
55878,391.3100242,
55879,391.4484227,
55880,391.5453436,
55881,391.6191198,
55882,391.5392949,
55883,391.5519354,
55884,391.4052099,
55885,391.0106926,
55886,390.6808022,
55887,390.2723789,
55888,389.7423832,
55889,389.197082,
55890,388.5394247,
55891,388.0465504,
55892,387.5575909,
55893,387.0739824,
55894,386.1762378,
55895,385.6828825,
55896,385.2670805,
55897,384.5657984,
55898,384.0113938,
55899,383.4088153,
55900,382.7228095,
55901,382.2042437,
55902,381.5979722,
55903,380.5261732,
55904,379.3925722,
55905,378.7887525,
55906,378.0832269,
55907,377.1740485,
55908,375.5814012,
55909,374.4870788,
55910,373.8372997,
55911,373.1967815,
55912,372.0128501,
55913,370.5671141,
55914,369.3300013,
55915,368.5085509,
55916,368.1768822,
55917,366.9392926,
55918,365.243224,
55919,364.6499338,
55920,364.3282874,
55921,363.1159697,
55922,362.2941371,
55923,361.0081988,
55924,360.5431965,
55925,360.0241089,
55926,358.708288,
55927,357.6262128,
55928,356.8617913,
55929,355.7554043,
55930,355.7075962,
55931,355.5099014,
55932,354.0287452,
55933,352.9371153,
55934,352.7596302,
55935,352.0711057,
55936,350.9421475,
55937,350.6599574,
55938,350.2396744,
55939,350.1035405,
55940,350.1195652,
55941,349.6048611,
55942,349.5658089,
55943,349.6806334,
55944,349.6368333,
55945,349.5635097,
55946,349.2020888,
55947,348.8297697,
55948,348.2023173,
55949,348.2017581,
55950,347.4781507,
55951,346.6896824,
55952,346.3117464,
55953,346.0673104,
55954,346.0500535,
55955,345.7079735,
55956,344.8363434,
55957,344.8416828,
55958,343.9381898,
55959,343.1299334,
55960,342.506672,
55961,342.3955928,
55962,341.8673035,
55963,341.1751531,
55964,340.5693382,
55965,340.1789202,
55966,339.6598123,
55967,339.0520503,
55968,338.4981884,
55969,338.1173659,
55970,337.8603224,
55971,337.394762,
55972,337.1838886,
55973,337.3497917,
55974,337.8919358,
55975,337.9959363,
55976,337.9924484,
55977,338.0319869,
55978,338.0467159,
55979,338.4621179,
55980,338.3799825,
55981,337.7634327,
55982,337.4925596,
55983,337.5088511,
55984,337.2357716,
55985,336.8493489,
55986,336.7266159,
55987,336.7971768,
55988,336.6742308,
55989,336.4713975,
55990,336.3468371,
55991,336.1485641,
55992,336.0079047,
55993,335.9072282,
55994,335.776877,
55995,335.766573,
55996,335.6365796,
55997,335.7529812,
55998,336.164304,
55999,336.457831,
56000,336.7192202,
56001,337.0413448,
56002,337.4296264,
56003,338.207665,
56004,338.6039939,
56005,338.984862,
56006,339.3839451,
56007,340.0372913,
56008,340.0101665,
56009,340.5540383,
56010,341.0083932,
56011,341.2492123,
56012,341.5377552,
56013,342.2508587,
56014,342.6771198,
56015,343.0366227,
56016,343.2770346,
56017,343.5121321,
56018,343.9590879,
56019,344.4955773,
56020,344.8458823,
56021,345.3052321,
56022,346.2235523,
56023,347.1641672,
56024,348.1678796,
56025,349.151527,
56026,349.6968773,
56027,350.4769635,
56028,351.0412742,
56029,352.6775865,
56030,354.3398155,
56031,355.1964554,
56032,356.3983136,
56033,358.5686633,
56034,360.1797756,
56035,361.152814,
56036,363.7121568,
56037,365.5216971,
56038,366.7173093,
56039,366.9174036,
56040,367.3490533,
56041,367.5447242,
56042,368.1613258,
56043,368.0236886,
56044,368.5635216,
56045,368.839624,
56046,368.9774866,
56047,369.3536601,
56048,369.6513459,
56049,370.0055009,
56050,370.0395458,
56051,370.1083236,
56052,370.2879075,
56053,370.2625414,
56054,370.5357316,
56055,370.4762326,
56056,370.5088371,
56057,370.5920194,
56058,370.6483574,
56059,370.8520281,
56060,370.9081684,
56061,371.0167449,
56062,371.1241464,
56063,371.1808955,
56064,371.2075552,
56065,371.6473062,
56066,371.9096155,
56067,372.1256758,
56068,372.2446246,
56069,372.3411151,
56070,372.24202,
56071,372.4287346,
56072,372.2507931,
56073,372.2790906,
56074,372.6032463,
56075,372.5191767,
56076,372.2986734,
56077,372.432101,
56078,373.186755,
56079,373.3784481,
56080,373.4483964,
56081,374.2431466,
56082,375.5860519,
56083,376.0198253,
56084,376.7605331,
56085,377.1966157,
56086,377.6094717,
56087,377.8794693,
56088,378.7115442,
56089,379.2840128,
56090,379.7993867,
56091,379.9131023,
56092,380.1920944,
56093,380.2033308,
56094,380.3677031,
56095,380.5020745,
56096,380.6192277,
56097,380.6761704,
56098,380.5181006,
56099,380.5391683,
56100,380.5856879,
56101,380.430091,
56102,380.5085491,
56103,380.3137016,
56104,380.4865353,
56105,380.7978702,
56106,381.0151585,
56107,380.9520536,
56108,381.2315855,
56109,381.4726038,
56110,381.7938115,
56111,382.2031285,
56112,382.8323911,
56113,382.9668031,
56114,382.8560875,
56115,383.3398065,
56116,383.7937477,
56117,384.1141051,
56118,384.794355,
56119,384.9796102,
56120,384.952893,
56121,385.3869623,
56122,385.7770175,
56123,385.6680852,
56124,386.1518493,
56125,386.4857157,
56126,386.7576551,
56127,386.642919,
56128,386.7468998,
56129,386.8045837,
56130,386.8481999,
56131,386.9540954,
56132,387.1299895,
56133,386.9736523,
56134,387.27213,
56135,386.9918463,
56136,387.7736554,
56137,388.0309522,
56138,387.5625956,
56139,387.3136503,
56140,387.5397672,
56141,387.3920222,
56142,388.1502053,
56143,388.5854796,
56144,388.9762538,
56145,388.9725623,
56146,389.246982,
56147,389.2714818,
56148,389.2473285,
56149,389.1721608,
56150,389.0247976,
56151,389.1107182,
56152,389.3160706,
56153,389.28901,
56154,389.3474524,
56155,389.4538156,
56156,389.4716089,
56157,389.3530317,
56158,389.459519,
56159,389.5094564,
56160,389.6222556,
56161,389.5714709,
56162,389.291566,
56163,389.3001678,
56164,389.3376125,
56165,389.4345445,
56166,389.4876328,
56167,389.5109852,
56168,389.5210835,
56169,389.5174358,
56170,389.5036316,
56171,389.7317853,
56172,389.7012948,
56173,389.707519,
56174,389.7236586,
56175,389.6335677,
56176,389.6865459,
56177,389.7155907,
56178,389.7318294,
56179,389.7733617,
56180,389.7322575,
56181,389.7079866,
56182,389.708282,
56183,389.6665953,
56184,389.6885312,
56185,389.6363584,
56186,389.6757809,
56187,389.6044088,
56188,389.5454216,
56189,389.6084115,
56190,389.563401,
56191,389.3396929,
56192,389.5421715,
56193,389.4682403,
56194,389.388472,
56195,389.4608084,
56196,389.4749532,
56197,389.4747844,
56198,389.4178201,
56199,389.4733049,
56200,389.4216261,
56201,389.4508708,
56202,389.4546371,
56203,389.4462935,
56204,389.5264306,
56205,389.5272387,
56206,389.601984,
56207,389.6112252,
56208,389.6423867,
56209,389.6845532,
56210,389.7065617,
56211,389.7158995,
56212,389.8120924,
56213,389.8345958,
56214,389.9233901,
56215,389.8566447,
56216,389.8136476,
56217,389.8087133,
56218,389.8604175,
56219,389.7613971,
56220,389.7747202,
56221,389.8273288,
56222,389.7575788,
56223,389.7131375,
56224,389.7900866,
56225,389.781996,
56226,389.8072838,
56227,389.7683261,
56228,389.7584364,
56229,389.7246688,
56230,389.5746363,
56231,389.5662631,
56232,389.5618527,
56233,389.5454209,
56234,389.5630111,
56235,389.5680873,
56236,389.49648,
56237,389.4099449,
56238,389.4703005,
56239,389.4771688,
56240,389.4600425,
56241,389.3254652,
56242,389.4091981,
56243,389.3686517,
56244,389.1767055,
56245,389.0683541,
56246,388.7483401,
56247,388.3566622,
56248,387.9782522,
56249,387.6288165,
56250,386.9075664,
56251,386.6484138,
56252,385.8238224,
56253,385.2374371,
56254,384.7450004,
56255,384.5352766,
56256,384.0701861,
56257,383.6905519,
56258,383.6353672,
56259,383.3238867,
56260,383.0442117,
56261,382.7966499,
56262,381.73169,
56263,381.2311534,
56264,380.7682149,
56265,380.4065235,
56266,380.015433,
56267,379.1417625,
56268,378.9719754,
56269,378.4520448,
56270,378.2458389,
56271,378.1022186,
56272,377.7216109,
56273,376.5394577,
56274,376.3434572,
56275,375.66007,
56276,375.3005797,
56277,374.3956822,
56278,373.6850619,
56279,373.6145621,
56280,373.092096,
56281,372.6174187,
56282,372.2303753,
56283,371.5498015,
56284,370.9766636,
56285,370.6682093,
56286,370.3318737,
56287,369.7030455,
56288,369.5172854,
56289,369.2104128,
56290,368.7844521,
56291,368.543138,
56292,367.9658434,
56293,367.3653037,
56294,366.865088,
56295,366.4330526,
56296,365.9256685,
56297,365.1802247,
56298,365.1010888,
56299,364.3910299,
56300,363.9064655,
56301,363.4392687,
56302,363.2355363,
56303,362.6978872,
56304,362.2886545,
56305,361.8487713,
56306,361.1654132,
56307,360.1617835,
56308,360.3034605,
56309,359.6495245,
56310,358.9781058,
56311,358.3714392,
56312,357.1881167,
56313,356.362389,
56314,355.7950503,
56315,355.4990395,
56316,354.633174,
56317,353.805864,
56318,353.6597468,
56319,353.3443648,
56320,353.1569176,
56321,352.4409825,
56322,351.6921008,
56323,351.5959764,
56324,351.1386502,
56325,351.493916,
56326,351.0711335,
56327,351.8825381,
56328,352.7388352,
56329,353.1186281,
56330,353.3676235,
56331,353.6003595,
56332,354.9624122,
56333,355.2834823,
56334,355.8604119,
56335,356.6495517,
56336,356.4782724,
56337,356.2387967,
56338,356.6044441,
56339,356.4706773,
56340,356.769752,
56341,356.5376868,
56342,356.3090693,
56343,356.3179986,
56344,356.1038032,
56345,356.5539051,
56346,356.1487773,
56347,356.2148321,
56348,356.6443689,
56349,356.1938593,
56350,356.1870745,
56351,356.2970394,
56352,356.5403534,
56353,356.4773882,
56354,356.3285498,
56355,356.5451479,
56356,356.5406668,
56357,356.4304445,
56358,357.0940225,
56359,356.9959182,
56360,357.1816106,
56361,357.1768378,
56362,357.7198376,
56363,358.3526296,
56364,358.4462621,
56365,358.4689242,
56366,358.446464,
56367,358.7626693,
56368,358.9812508,
56369,358.7528907,
56370,358.6407564,
56371,358.5246626,
56372,358.8120436,
56373,358.9515928,
56374,359.3062352,
56375,359.6718355,
56376,360.1173238,
56377,360.5773448,
56378,361.1154765,
56379,361.662008,
56380,362.1166338,
56381,362.2128998,
56382,363.1069003,
56383,363.9607619,
56384,364.3827648,
56385,364.7151259,
56386,365.5557018,
56387,366.1507956,
56388,366.546626,
56389,367.175649,
56390,367.7878016,
56391,368.0011159,
56392,368.9967199,
56393,370.131906,
56394,370.6951295,
56395,371.315327,
56396,372.27599,
56397,373.6362102,
56398,374.9682644,
56399,375.9217321,
56400,375.9924456,
56401,376.8337976,
56402,378.0460988,
56403,378.7376555,
56404,379.5832711,
56405,380.4005413,
56406,381.9783273,
56407,382.5175699,
56408,383.3503132,
56409,383.9594194,
56410,384.3226638,
56411,384.1166946,
56412,384.0739373,
56413,383.8983036,
56414,384.3135651,
56415,384.3397176,
56416,384.9012954,
56417,384.7831189,
56418,384.9640979,
56419,385.000499,
56420,385.3030625,
56421,384.8144197,
56422,385.1700442,
56423,385.2681446,
56424,384.6019467,
56425,384.4025939,
56426,383.4705,
56427,382.7489435,
56428,382.4446482,
56429,382.1584446,
56430,381.9819643,
56431,381.5966911,
56432,381.5726742,
56433,381.4289743,
56434,381.1311654,
56435,381.2900608,
56436,381.2060989,
56437,381.2103074,
56438,380.7759858,
56439,380.8260609,
56440,380.3811962,
56441,380.2962994,
56442,379.6576234,
56443,379.8479379,
56444,379.6693226,
56445,379.5858139,
56446,379.8745835,
56447,380.0702691,
56448,380.8522271,
56449,381.0000428,
56450,381.2080394,
56451,381.756556,
56452,381.8422475,
56453,382.5702758,
56454,383.3947104,
56455,383.4784516,
56456,383.9586607,
56457,384.466073,
56458,385.3893476,
56459,386.1310848,
56460,386.4209466,
56461,387.4508362,
56462,388.0623701,
56463,388.6155245,
56464,388.6141355,
56465,388.713049,
56466,389.0058727,
56467,388.9671157,
56468,389.4163899,
56469,389.4473624,
56470,389.6295731,
56471,389.9294493,
56472,389.7175777,
56473,389.4545802,
56474,389.4123873,
56475,389.2218844,
56476,388.6389025,
56477,388.2897734,
56478,388.1075918,
56479,388.1040202,
56480,387.8441541,
56481,388.0135441,
56482,388.017995,
56483,387.8557652,
56484,387.7882171,
56485,388.0888318,
56486,387.9058711,
56487,387.6866517,
56488,387.4651449,
56489,387.4448685,
56490,387.354688,
56491,387.3883615,
56492,387.5140925,
56493,387.3696206,
56494,387.7276643,
56495,387.6784874,
56496,387.6364598,
56497,387.4592819,
56498,387.3778847,
56499,387.4125252,
56500,387.4954689,
56501,387.4742872,
56502,387.5577383,
56503,387.619935,
56504,387.5307794,
56505,387.5332727,
56506,387.6026864,
56507,387.6048964,
56508,387.6253245,
56509,387.663629,
56510,387.6908625,
56511,387.7428633,
56512,387.7428633,
56513,387.7574147,
56514,387.7996675,
56515,387.8724479,
56516,387.8501193,
56517,387.8365763,
56518,387.8129629,
56519,387.7997245,
56520,387.8038953,
56521,387.7043902,
56522,387.6869284,
56523,387.6799674,
56524,387.6222217,
56525,387.6558002,
56526,387.6405522,
56527,387.6253245,
56528,387.6540034,
56529,387.6755659,
56530,387.6397928,
56531,387.6322916,
56532,387.6529887,
56533,387.6537798,
56534,387.6082398,
56535,387.6534873,
56536,387.6083533,
56537,387.6478505,
56538,387.6476006,
56539,387.6476006,
56540,387.5560427,
56541,387.6041726,
56542,387.6024662,
56543,387.686117,
56544,387.6606083,
56545,387.6545554,
56546,387.6551423,
56547,387.651046,
56548,387.5993199,
56549,387.5277036,
56550,387.5615434,
56551,387.6424973,
56552,387.6149332,
56553,387.5497618,
56554,387.5795052,
56555,387.6178056,
56556,387.5758106,
56557,387.5525753,
56558,387.5441915,
56559,387.5461728,
56560,387.5514142,
56561,387.5459123,
56562,387.5988501,
56563,387.5672704,
56564,387.5391132,
56565,387.539568,
56566,387.5990405,
56567,387.6280055,
56568,387.6214978,
56569,387.575787,
56570,387.618501,
56571,387.6275773,
56572,387.596067,
56573,387.648774,
56574,387.6709967,
56575,387.6554761,
56576,387.6724879,
56577,387.6295144,
56578,387.6724879,
56579,387.6493102,
56580,387.662802,
56581,387.7002201,
56582,387.6033254,
56583,387.5040825,
56584,387.5240361,
56585,387.6352418,
56586,387.74256,
56587,387.736067,
56588,387.6672695,
56589,387.6691692,
56590,387.6751072,
56591,387.6754527,
56592,387.7328629,
56593,387.6667011,
56594,387.6601235,
56595,387.690897,
56596,387.6988167,
56597,387.733357,
56598,387.733357,
56599,387.7159392,
56600,387.7163117,
56601,387.704845,
56602,387.7854049,
56603,387.836512,
56604,387.8240658,
56605,387.8715802,
56606,387.8543637,
56607,387.854568,
56608,387.8762242,
56609,387.8893949,
56610,387.8543637,
56611,387.8762242,
56612,387.8285813,
56613,387.832729,
56614,387.9015785,
56615,387.8668159,
56616,387.8784145,
56617,387.8896326,
56618,387.8668159,
56619,387.843564,
56620,387.843564,
56621,387.8746895,
56622,387.8993595,
56623,387.9054434,
56624,387.9282193,
56625,387.8983096,
56626,387.9475364,
56627,387.8946861,
56628,387.8946861,
56629,387.8946861,
56630,387.792643,
56631,387.8883533,
56632,387.85825,
56633,387.9020408,
56634,387.8541595,
56635,387.863956,
56636,387.8897989,
56637,387.8520148,
56638,387.63003,
56639,387.5364851,
56640,387.3327862,
56641,387.2287909,
56642,387.2708361,
56643,387.1256016,
56644,387.0198211,
56645,386.9351817,
56646,386.8176773,
56647,386.6173525,
56648,386.5155963,
56649,386.7365421,
56650,386.8733315,
56651,387.2615859,
56652,386.983934,
56653,386.4678451,
56654,386.4400808,
56655,386.045185,
56656,385.5768359,
56657,385.3687339,
56658,384.9249703,
56659,384.8518432,
56660,384.721235,
56661,384.6098109,
56662,384.2550089,
56663,384.368859,
56664,383.8409239,
56665,383.5187673,
56666,382.8969291,
56667,382.1939133,
56668,382.1851597,
56669,381.9886361,
56670,381.9647431,
56671,381.5306189,
56672,381.5995075,
56673,381.5477906,
56674,381.3603475,
56675,381.1745346,
56676,380.6122355,
56677,379.9088429,
56678,379.6576548,
56679,379.199247,
56680,378.7310493,
56681,378.006092,
56682,377.7699266,
56683,377.2397166,
56684,376.483714,
56685,375.3516306,
56686,374.451817,
56687,372.8041683,
56688,372.9169981,
56689,372.069402,
56690,370.8701816,
56691,369.940265,
56692,369.3511675,
56693,368.8546932,
56694,368.4585959,
56695,367.1111825,
56696,366.2913859,
56697,365.4804919,
56698,364.9382584,
56699,364.7590816,
56700,363.6029502,
56701,362.81622,
56702,361.3946247,
56703,361.25606,
56704,360.2201096,
56705,359.6942,
56706,359.5901286,
56707,359.5816456,
56708,359.365063,
56709,359.710314,
56710,359.8346236,
56711,359.6478881,
56712,359.9856614,
56713,360.1383678,
56714,360.5431123,
56715,360.6561922,
56716,361.1144558,
56717,361.4562327,
56718,361.5180684,
56719,361.7075258,
56720,361.8235393,
56721,362.0953277,
56722,362.2743359,
56723,362.3271627,
56724,362.550521,
56725,362.8243696,
56726,363.2680447,
56727,362.8700143,
56728,362.6076664,
56729,362.7622159,
56730,362.7327655,
56731,362.5475659,
56732,362.1576393,
56733,361.962189,
56734,362.1321098,
56735,361.8633033,
56736,361.6191328,
56737,361.7322709,
56738,361.948444,
56739,361.9522182,
56740,361.8106901,
56741,362.0468974,
56742,362.0735063,
56743,362.038106,
56744,361.8479311,
56745,361.5680113,
56746,361.5099432,
56747,361.4852602,
56748,361.344709,
56749,361.4009518,
56750,361.2931796,
56751,361.2408301,
56752,361.2772774,
56753,361.0005391,
56754,361.1251084,
56755,361.3754201,
56756,361.5815618,
56757,361.6311923,
56758,361.7366835,
56759,361.4961656,
56760,361.2555257,
56761,361.0211439,
56762,360.5558015,
56763,360.7033899,
56764,360.3537645,
56765,360.2288751,
56766,359.7388468,
56767,359.2388769,
56768,358.6108979,
56769,357.8857397,
56770,356.8992765,
56771,356.689492,
56772,356.0390636,
56773,354.9362414,
56774,354.2314701,
56775,353.7310207,
56776,352.9730161,
56777,352.326481,
56778,351.6424622,
56779,351.2373856,
56780,350.6386438,
56781,350.3703286,
56782,349.4078813,
56783,349.2368254,
56784,349.1279071,
56785,348.571484,
56786,348.1107039,
56787,347.2427479,
56788,346.3250712,
56789,345.9665266,
56790,345.8592881,
56791,344.7425986,
56792,343.771245,
56793,342.7037486,
56794,342.0259318,
56795,341.1008124,
56796,339.6993805,
56797,338.2096868,
56798,337.5285711,
56799,336.1966405,
56800,334.8881389,
56801,333.4965676,
56802,332.4463459,
56803,331.3176214,
56804,329.3232618,
56805,327.2054499,
56806,326.6230696,
56807,325.3737431,
56808,323.3013812,
56809,321.466241,
56810,320.5914688,
56811,318.9795102,
56812,317.0305836,
56813,315.6596499,
56814,315.36358,
56815,313.9683888,
56816,312.2050413,
56817,310.8231404,
56818,310.0068799,
56819,307.9812765,
56820,305.6618466,
56821,304.3736711,
56822,303.6855766,
56823,301.7225949,
56824,299.4332302,
56825,298.3121516,
56826,297.3100657,
56827,294.7462538,
56828,293.2500999,
56829,292.1605383,
56830,291.8114007,
56831,289.8117739,
56832,288.6507719,
56833,287.7546684,
56834,286.7753316,
56835,284.1785125,
56836,283.4946215,
56837,282.221406,
56838,281.4342175,
56839,279.9293109,
56840,277.6531774,
56841,276.8272339,
56842,275.4470846,
56843,273.3934907,
56844,271.3598836,
56845,270.723351,
56846,269.716061,
56847,267.276474,
56848,264.6512117,
56849,264.5281801,
56850,263.1742151,
56851,260.7132367,
56852,259.3762394,
56853,259.4685243,
56854,258.4254125,
56855,257.1312149,
56856,256.291801,
56857,256.016501,
56858,255.0615048,
56859,253.7431581,
56860,253.8037692,
56861,253.5318613,
56862,252.7630349,
56863,252.059862,
56864,251.1702193,
56865,251.1579039,
56866,251.1705508,
56867,250.7404195,
56868,249.5881591,
56869,249.2661352,
56870,248.7784404,
56871,248.5975967,
56872,248.1914863,
56873,247.8638967,
56874,247.1962002,
56875,246.676275,
56876,245.9030744,
56877,245.3028125,
56878,244.6914556,
56879,243.8110172,
56880,242.7426627,
56881,241.8926021,
56882,241.5559668,
56883,240.1883629,
56884,239.0325878,
56885,238.0136977,
56886,237.1654351,
56887,236.335538,
56888,235.0703408,
56889,234.6079151,
56890,234.3205025,
56891,233.459751,
56892,231.8896691,
56893,230.4785479,
56894,229.6880083,
56895,228.6138918,
56896,226.7172818,
56897,225.9800716,
56898,225.9285001,
56899,224.7408673,
56900,223.9070577,
56901,222.676642,
56902,221.7640434,
56903,221.1214602,
56904,220.116208,
56905,219.629992,
56906,217.2227881,
56907,216.4199463,
56908,216.0552717,
56909,214.8237115,
56910,213.6720405,
56911,211.9051286,
56912,210.296333,
56913,209.9888787,
56914,208.618561,
56915,206.863162,
56916,205.7347521,
56917,205.0645372,
56918,203.4247814,
56919,201.7480504,
56920,199.9572673,
56921,199.5748126,
56922,199.0360496,
56923,197.5094046,
56924,195.6647604,
56925,195.1569588,
56926,193.8444841,
56927,191.6764431,
56928,189.9208433,
56929,189.1056267,
56930,187.4867005,
56931,185.9356518,
56932,184.7643716,
56933,183.8776759,
56934,181.6078377,
56935,179.710476,
56936,178.6675768,
56937,177.6842738,
56938,176.4848574,
56939,175.3075888,
56940,174.3563321,
56941,173.1015667,
56942,171.3237788,
56943,169.8022431,
56944,169.3210497,
56945,168.1742582,
56946,166.7277946,
56947,166.0152136,
56948,165.7610082,
56949,164.9780844,
56950,163.7725608,
56951,162.9078485,
56952,161.8879645,
56953,160.695577,
56954,159.9558519,
56955,159.4147213,
56956,158.1744451,
56957,157.0339872,
56958,156.8126692,
56959,155.9229312,
56960,155.9119246,
56961,156.0577622,
56962,156.4657619,
56963,157.1943976,
56964,157.6884366,
56965,157.7666224,
56966,157.7395355,
56967,158.2406661,
56968,159.0711411,
56969,159.5209983,
56970,160.0571959,
56971,160.9568796,
56972,162.2406357,
56973,163.1722488,
56974,163.6651776,
56975,164.334976,
56976,165.3539676,
56977,166.1052768,
56978,166.6663236,
56979,166.777918,
56980,167.0659445,
56981,167.6504363,
56982,168.2019505,
56983,168.8043858,
56984,169.6686567,
56985,169.5883693,
56986,169.8363613,
56987,170.4217114,
56988,170.5610424,
56989,170.8602386,
56990,171.0761979,
56991,171.4504829,
56992,171.4374165,
56993,171.506915,
56994,170.9680863,
56995,170.8336284,
56996,170.6385207,
56997,170.4080249,
56998,170.7587072,
56999,170.7544389,
57000,171.2221736,
57001,171.3049035,
57002,171.300223,
57003,171.6518072,
57004,172.0136462,
57005,172.0461221,
57006,172.4278418,
57007,172.7857494,
57008,173.4555131,
57009,173.6690855,
57010,174.1277312,
57011,175.342634,
57012,175.6281054,
57013,176.2770912,
57014,177.0541534,
57015,178.2968319,
57016,178.7946386,
57017,179.3427184,
57018,180.6894593,
57019,181.6335429,
57020,182.6282063,
57021,184.2314374,
57022,185.263125,
57023,186.8184919,
57024,187.7020075,
57025,188.4179284,
57026,190.0216508,
57027,191.5602543,
57028,192.3382236,
57029,193.54318,
57030,195.4644872,
57031,197.4084548,
57032,198.4199636,
57033,199.3193042,
57034,201.7708239,
57035,203.3163049,
57036,203.9733594,
57037,206.1742227,
57038,208.5030599,
57039,209.5561566,
57040,210.8812073,
57041,212.4467858,
57042,213.8594057,
57043,214.7121965,
57044,215.0092817,
57045,216.7758225,
57046,217.6893445,
57047,219.8820324,
57048,221.2185602,
57049,222.078344,
57050,223.630519,
57051,225.0247084,
57052,225.8008448,
57053,226.4827562,
57054,228.4006197,
57055,230.9509717,
57056,231.8377611,
57057,232.7010943,
57058,234.3543706,
57059,235.671098,
57060,237.1432473,
57061,237.5381095,
57062,239.5885083,
57063,241.3217641,
57064,242.5157186,
57065,243.8170641,
57066,245.9390653,
57067,247.9389954,
57068,248.8447063,
57069,249.640892,
57070,250.8138194,
57071,252.8337685,
57072,253.820295,
57073,253.9467417,
57074,255.5947559,
57075,257.6480167,
57076,258.4026761,
57077,258.4563423,
57078,259.3071282,
57079,260.6089206,
57080,261.3661833,
57081,261.8436862,
57082,262.2986599,
57083,262.6848389,
57084,263.0224427,
57085,262.5208765,
57086,262.6984593,
57087,263.1371425,
57088,263.4117187,
57089,263.2230204,
57090,263.3459146,
57091,263.9113863,
57092,264.0641142,
57093,263.9641678,
57094,264.0466981,
57095,263.8581744,
57096,263.8796752,
57097,263.8791323,
57098,264.0192696,
57099,263.9397399,
57100,263.8174737,
57101,263.9054219,
57102,264.174309,
57103,263.9064371,
57104,264.2384415,
57105,264.0653808,
57106,263.7730331,
57107,263.4890619,
57108,262.9870935,
57109,262.4314972,
57110,262.0803268,
57111,261.6136059,
57112,261.057638,
57113,260.4106165,
57114,259.9690005,
57115,259.7793124,
57116,259.0893237,
57117,257.6236175,
57118,257.1483684,
57119,256.7464694,
57120,256.0859737,
57121,254.8537641,
57122,254.2713508,
57123,253.753733,
57124,252.5989071,
57125,251.2786582,
57126,251.3265023,
57127,250.8033192,
57128,249.3423714,
57129,248.0336128,
57130,247.5893605,
57131,247.0844621,
57132,246.0322894,
57133,244.8796952,
57134,243.6987609,
57135,243.0264388,
57136,242.2187275,
57137,241.2981831,
57138,240.5508367,
57139,239.3215566,
57140,237.2610996,
57141,235.9678006,
57142,234.5371518,
57143,234.3129695,
57144,233.3272603,
57145,233.3180866,
57146,233.5184455,
57147,232.6762382,
57148,232.3447116,
57149,231.7530319,
57150,230.7880251,
57151,230.1223622,
57152,229.2615653,
57153,227.6337588,
57154,225.7514819,
57155,224.1586353,
57156,223.8140349,
57157,222.5585954,
57158,221.2918886,
57159,219.466346,
57160,218.2066615,
57161,217.9885053,
57162,217.3212061,
57163,216.3087845,
57164,214.9521546,
57165,213.9964419,
57166,214.2466195,
57167,212.2720364,
57168,211.1188352,
57169,209.9832756,
57170,209.7819688,
57171,207.8646676,
57172,206.0760279,
57173,204.7081816,
57174,203.9591033,
57175,201.7933692,
57176,199.9089711,
57177,199.6802456,
57178,198.6422942,
57179,196.7773587,
57180,194.1581069,
57181,193.4534264,
57182,191.5095617,
57183,189.5748328,
57184,187.6036937,
57185,186.7266426,
57186,184.2110374,
57187,181.8581412,
57188,181.3262397,
57189,180.1280242,
57190,177.7659474,
57191,176.6579583,
57192,175.2407373,
57193,173.0928827,
57194,170.2134188,
57195,169.787524,
57196,168.4404927,
57197,166.1006172,
57198,164.5747959,
57199,163.8338728,
57200,162.1000335,
57201,159.268786,
57202,157.5938897,
57203,156.5438111,
57204,154.9975566,
57205,152.7522411,
57206,151.4266549,
57207,149.764969,
57208,147.5221918,
57209,145.3569093,
57210,144.2450484,
57211,144.0139234,
57212,141.8907267,
57213,139.7504469,
57214,138.5784833,
57215,137.055106,
57216,134.7898052,
57217,132.7784351,
57218,132.3774734,
57219,130.5351374,
57220,127.766814,
57221,127.6169688,
57222,127.012836,
57223,124.8477512,
57224,122.583532,
57225,121.9462558,
57226,120.4295793,
57227,118.8672204,
57228,117.6172763,
57229,116.9475921,
57230,115.7138433,
57231,114.5045251,
57232,113.8084983,
57233,113.4682273,
57234,112.7531331,
57235,112.2455933,
57236,112.1483816,
57237,112.1416567,
57238,112.3986286,
57239,111.89625,
57240,111.4473383,
57241,111.4266903,
57242,111.824517,
57243,112.1020746,
57244,112.2226214,
57245,112.5323259,
57246,112.5882683,
57247,112.8353994,
57248,112.7186296,
57249,112.7864402,
57250,112.744694,
57251,113.217528,
57252,113.1096686,
57253,113.2351472,
57254,113.6301481,
57255,113.5478237,
57256,113.1309052,
57257,112.8080036,
57258,112.276935,
57259,111.9988535,
57260,111.5123359,
57261,111.3251846,
57262,110.6930383,
57263,110.4615357,
57264,110.3315404,
57265,109.9653752,
57266,109.8642324,
57267,109.2635712,
57268,108.974225,
57269,108.7982886,
57270,108.5587309,
57271,108.1563376,
57272,107.9465374,
57273,107.6749197,
57274,107.1016629,
57275,106.9059084,
57276,106.7611663,
57277,106.5941077,
57278,106.8728364,
57279,107.129221,
57280,107.3464871,
57281,107.3286112,
57282,107.2804544,
57283,107.4722712,
57284,107.1099595,
57285,106.9550372,
57286,107.0592506,
57287,107.3850053,
57288,107.6709813,
57289,108.2047292,
57290,108.9990542,
57291,109.8463663,
57292,109.9075596,
57293,110.9277293,
57294,111.9443215,
57295,112.8176398,
57296,113.0068231,
57297,112.9307879,
57298,113.5614516,
57299,114.3957488,
57300,115.0955711,
57301,115.4317235,
57302,116.1279839,
57303,116.9283568,
57304,117.2070277,
57305,117.6068173,
57306,118.562807,
57307,120.4782884,
57308,121.4297807,
57309,121.5094352,
57310,121.5914563,
57311,123.0999067,
57312,124.4944214,
57313,124.4893783,
57314,125.2586987,
57315,126.3620527,
57316,127.5343955,
57317,128.128276,
57318,128.7039179,
57319,129.6491015,
57320,131.2548705,
57321,132.2386747,
57322,133.0766799,
57323,133.9094577,
57324,135.4374708,
57325,135.9484874,
57326,136.2965532,
57327,136.9802138,
57328,137.9248166,
57329,139.2342843,
57330,139.6939517,
57331,139.6453822,
57332,140.0966582,
57333,141.1154046,
57334,141.3812848,
57335,141.6157599,
57336,141.863614,
57337,142.066583,
57338,142.3802465,
57339,142.2016396,
57340,141.8443872,
57341,142.1301922,
57342,142.240418,
57343,142.6502142,
57344,142.8163151,
57345,142.954716,
57346,143.3507593,
57347,143.4303021,
57348,143.4659172,
57349,144.1553584,
57350,144.3575433,
57351,144.7034797,
57352,145.1439787,
57353,145.7470745,
57354,145.9433369,
57355,145.8633762,
57356,146.1591216,
57357,146.785709,
57358,147.0826969,
57359,147.1269907,
57360,147.5658364,
57361,147.7241979,
57362,147.7140893,
57363,147.3852457,
57364,147.450946,
57365,147.4192262,
57366,148.1914449,
57367,148.2669638,
57368,147.9755736,
57369,148.1970059,
57370,147.7988457,
57371,148.5492827,
57372,148.6331954,
57373,148.7591627,
57374,148.8199555,
57375,147.8710695,
57376,147.570128,
57377,147.4492202,
57378,147.3058449,
57379,147.1661226,
57380,146.5671533,
57381,146.2234941,
57382,145.838021,
57383,145.7614801,
57384,145.3709032,
57385,144.5857512,
57386,144.0847327,
57387,143.6842568,
57388,143.4883122,
57389,143.4226802,
57390,143.5212968,
57391,143.5531404,
57392,143.4160044,
57393,143.2809706,
57394,143.2126744,
57395,143.1990067,
57396,142.9360027,
57397,143.2499449,
57398,143.404157,
57399,143.4807551,
57400,143.8479232,
57401,144.2179555,
57402,144.4781331,
57403,144.6900759,
57404,144.7205471,
57405,144.7537405,
57406,144.7780534,
57407,145.1296122,
57408,145.2620071,
57409,145.488586,
57410,145.9090409,
57411,145.9331795,
57412,146.2791569,
57413,146.4385366,
57414,146.9267335,
57415,147.7022735,
57416,148.2654788,
57417,148.8905464,
57418,149.5546059,
57419,150.426414,
57420,150.6992571,
57421,150.9523922,
57422,152.2536805,
57423,153.4126887,
57424,154.2966216,
57425,154.8889265,
57426,156.828044,
57427,158.1599909,
57428,159.1901705,
57429,159.090378,
57430,160.0863075,
57431,161.621219,
57432,163.0431738,
57433,163.461986,
57434,164.4555277,
57435,165.6158493,
57436,167.0327117,
57437,167.3021502,
57438,168.3988223,
57439,170.0847871,
57440,170.9109569,
57441,171.0502327,
57442,171.002831,
57443,171.5523884,
57444,172.2689232,
57445,172.7834649,
57446,173.0313055,
57447,173.6870204,
57448,174.1367905,
57449,174.4599494,
57450,174.6425395,
57451,174.6537149,
57452,175.0302855,
57453,175.1695261,
57454,175.3151279,
57455,175.406782,
57456,175.3960361,
57457,175.7516655,
57458,176.0789137,
57459,176.2532413,
57460,176.367296,
57461,176.4121543,
57462,176.376178,
57463,176.2833354,
57464,176.1841898,
57465,176.2765811,
57466,176.5506802,
57467,176.7982657,
57468,177.2045488,
57469,177.22514,
57470,177.2707598,
57471,177.4294194,
57472,177.8357938,
57473,178.1302057,
57474,178.2440593,
57475,178.7314799,
57476,178.486561,
57477,178.3561712,
57478,177.9248209,
57479,177.4370887,
57480,177.4076525,
57481,176.9943321,
57482,176.4100882,
57483,175.3283518,
57484,175.032066,
57485,174.7337151,
57486,173.9576855,
57487,172.9854362,
57488,172.4474623,
57489,171.7296385,
57490,170.2488364,
57491,168.9543182,
57492,168.0338148,
57493,167.723008,
57494,166.4961766,
57495,164.9301071,
57496,163.6685725,
57497,163.5936734,
57498,163.3945355,
57499,161.7648697,
57500,160.1108348,
57501,159.459113,
57502,158.6461502,
57503,157.151471,
57504,155.4459377,
57505,154.9801689,
57506,154.5033876,
57507,153.809587,
57508,152.9250837,
57509,151.7582115,
57510,151.312615,
57511,149.6997557,
57512,148.3986092,
57513,147.2722968,
57514,146.5611444,
57515,144.7989111,
57516,143.9162878,
57517,142.2885248,
57518,141.513858,
57519,140.92777,
57520,139.4468814,
57521,137.6900579,
57522,136.3195024,
57523,135.844648,
57524,133.9091147,
57525,132.0891498,
57526,130.5717788,
57527,129.8110267,
57528,129.1652356,
57529,126.9414155,
57530,125.0614419,
57531,124.9087573,
57532,124.5313703,
57533,122.7354413,
57534,121.7153618,
57535,120.5007872,
57536,119.7893588,
57537,117.8003648,
57538,116.8941031,
57539,115.4174616,
57540,114.4813543,
57541,113.5632149,
57542,112.8851721,
57543,111.743337,
57544,110.2755527,
57545,109.3846223,
57546,108.095859,
57547,106.4994305,
57548,103.8629673,
57549,102.4567006,
57550,102.1117369,
57551,101.0844431,
57552,101.0176562,
57553,99.48919053,
57554,98.6720539,
57555,97.39933386,
57556,96.72781119,
57557,94.31084125,
57558,92.80904721,
57559,92.29849066,
57560,91.57547407,
57561,90.25645905,
57562,88.63367625,
57563,87.59132007,
57564,86.65255402,
57565,84.7405613,
57566,82.57597297,
57567,81.82240988,
57568,81.11278133,
57569,78.6695297,
57570,76.96346017,
57571,76.26433439,
57572,75.1933125,
57573,72.54172475,
57574,70.7641391,
57575,70.24695311,
57576,68.39313969,
57577,66.5388338,
57578,65.2315983,
57579,64.73174173,
57580,62.91247652,
57581,61.59101153,
57582,61.46709404,
57583,60.11185428,
57584,59.00085646,
57585,58.70538256,
57586,58.28555398,
57587,57.5446305,
57588,57.09585309,
57589,56.83296714,
57590,56.68881544,
57591,56.75521884,
57592,56.60635153,
57593,57.08983732,
57594,57.29282537,
57595,58.04759551,
57596,58.05152637,
57597,58.75825933,
57598,59.15721636,
57599,59.40378131,
57600,59.75501388,
57601,60.89323247,
57602,62.30597201,
57603,63.73060055,
57604,64.19538576,
57605,65.12659456,
57606,67.70120803,
57607,68.61341723,
57608,70.20000233,
57609,72.95587416,
57610,74.34364406,
57611,75.28548341,
57612,77.27991671,
57613,78.91882011,
57614,80.18147822,
57615,81.10812688,
57616,84.16705688,
57617,86.33061155,
57618,86.94791701,
57619,88.9559743,
57620,91.4209496,
57621,92.72945952,
57622,93.96085634,
57623,97.05165278,
57624,99.50619253,
57625,100.1543645,
57626,102.7387479,
57627,105.6064947,
57628,106.3947361,
57629,107.4590339,
57630,109.8050502,
57631,112.4905938,
57632,112.6793101,
57633,113.6354931,
57634,116.6350992,
57635,118.0396049,
57636,118.0880262,
57637,119.1702855,
57638,121.3042543,
57639,122.0676715,
57640,123.3948058,
57641,124.342213,
57642,125.3719523,
57643,125.6647559,
57644,126.3116143,
57645,127.5218998,
57646,129.6018579,
57647,130.3345025,
57648,130.3431503,
57649,131.3258797,
57650,132.717192,
57651,134.0696596,
57652,134.5161721,
57653,134.6997969,
57654,136.144675,
57655,137.2633064,
57656,138.1200839,
57657,138.6060042,
57658,139.4741358,
57659,140.1591698,
57660,140.9222253,
57661,141.6524769,
57662,142.7155049,
57663,144.290329,
57664,144.7377367,
57665,146.0735309,
57666,147.760981,
57667,148.8090627,
57668,148.7487525,
57669,150.6691845,
57670,152.6385777,
57671,152.8205268,
57672,153.8462908,
57673,154.8365911,
57674,155.8358063,
57675,155.6318273,
57676,156.5205648,
57677,157.8128079,
57678,158.3133571,
57679,158.5198591,
57680,158.484846,
57681,158.5454064,
57682,158.7679771,
57683,158.7194107,
57684,158.2292236,
57685,158.5290677,
57686,158.8233585,
57687,158.9695762,
57688,158.4885069,
57689,158.1126282,
57690,157.6314013,
57691,157.0311501,
57692,156.7539573,
57693,156.673248,
57694,156.7416732,
57695,156.7908189,
57696,156.2015293,
57697,156.0824949,
57698,155.9012395,
57699,155.2144278,
57700,154.6722021,
57701,154.4578069,
57702,154.4804048,
57703,153.7859325,
57704,153.071312,
57705,152.8257464,
57706,152.0137944,
57707,151.5973079,
57708,151.5782784,
57709,151.599432,
57710,150.8756842,
57711,149.8734197,
57712,149.3475102,
57713,147.9520123,
57714,146.8296499,
57715,146.5035988,
57716,146.0754656,
57717,144.7958769,
57718,143.3864584,
57719,143.3421539,
57720,141.9632129,
57721,141.4022741,
57722,141.2117218,
57723,141.0633162,
57724,140.1118495,
57725,139.1632533,
57726,139.2921623,
57727,138.1124566,
57728,137.2447346,
57729,136.6873724,
57730,136.3710521,
57731,135.8412711,
57732,134.9123307,
57733,134.4892773,
57734,133.3393894,
57735,132.4475957,
57736,131.192357,
57737,130.5623364,
57738,129.3400162,
57739,128.2793205,
57740,127.4800962,
57741,126.3668632,
57742,124.5533002,
57743,123.0443883,
57744,122.6287152,
57745,121.5816888,
57746,119.8009673,
57747,118.5028625,
57748,117.521619,
57749,114.8443062,
57750,112.0689713,
57751,112.1182121,
57752,110.7924588,
57753,108.4493346,
57754,106.9347685,
57755,106.0082067,
57756,103.3809459,
57757,102.3538007,
57758,101.8826256,
57759,101.3194897,
57760,99.59695964,
57761,98.0798165,
57762,97.39918713,
57763,96.1590555,
57764,94.14330941,
57765,92.97026562,
57766,93.09119852,
57767,91.35309706,
57768,89.53689952,
57769,88.98703295,
57770,87.85767478,
57771,86.20645562,
57772,85.21579824,
57773,85.14571108,
57774,84.12076843,
57775,82.69297213,
57776,82.71727013,
57777,82.55955879,
57778,81.28200182,
57779,80.96513008,
57780,80.64475372,
57781,81.2122475,
57782,81.54904578,
57783,81.25299659,
57784,81.0732719,
57785,80.93743434,
57786,81.42914989,
57787,81.62196012,
57788,82.08511006,
57789,82.45489857,
57790,82.6109766,
57791,83.22466445,
57792,83.50254332,
57793,83.6059082,
57794,83.72493382,
57795,84.28997767,
57796,84.59705234,
57797,84.91442978,
57798,84.95897046,
57799,85.3356604,
57800,85.58968333,
57801,85.79713548,
57802,85.91818499,
57803,86.02270336,
57804,86.04233537,
57805,86.25612754,
57806,86.53556661,
57807,86.62843735,
57808,86.58311097,
57809,86.67589615,
57810,86.63719252,
57811,86.76855523,
57812,86.80746498,
57813,86.75696795,
57814,86.75665251,
57815,86.78157839,
57816,86.77715104,
57817,86.81706618,
57818,86.79469383,
57819,86.82631182,
57820,86.76425288,
57821,86.76387187,
57822,86.76800092,
57823,86.81188163,
57824,86.72631371,
57825,86.83190513,
57826,86.82229062,
57827,86.85646038,
57828,86.8307519,
57829,86.8307519,
57830,86.82969053,
57831,86.86428458,
57832,86.84516153,
57833,86.84516153,
57834,86.88930393,
57835,86.92567966,
57836,87.04027364,
57837,87.04396231,
57838,87.04537188,
57839,87.11164464,
57840,87.16231598,
57841,87.19680909,
57842,87.17388517,
57843,87.22198482,
57844,87.20667996,
57845,87.23454251,
57846,87.26396176,
57847,87.24822437,
57848,87.26704543,
57849,87.32069276,
57850,87.34567653,
57851,87.32873678,
57852,87.36003821,
57853,87.3609172,
57854,87.36629522,
57855,87.46599809,
57856,87.32491918,
57857,87.37800827,
57858,87.53219181,
57859,87.53793229,
57860,87.49383051,
57861,87.5232783,
57862,87.52166753,
57863,87.52166753,
57864,87.49905729,
57865,87.59142821,
57866,87.57518093,
57867,87.56005581,
57868,87.56307506,
57869,87.59509068,
57870,87.61855035,
57871,87.61876192,
57872,87.60750495,
57873,87.59142015,
57874,87.59712256,
57875,87.60732486,
57876,87.6570366,
57877,87.74923453,
57878,87.7697161,
57879,87.71462358,
57880,87.70135462,
57881,87.71434791,
57882,87.77219584,
57883,87.64442653,
57884,87.71901888,
57885,87.74851843,
57886,87.75069619,
57887,87.73015296,
57888,87.78136917,
57889,87.74518254,
57890,87.72469521,
57891,87.78173879,
57892,87.77346474,
57893,87.76569158,
57894,87.80489534,
57895,87.78686758,
57896,87.82430615,
57897,87.84149902,
57898,87.82009352,
57899,87.79926031,
57900,87.85560135,
57901,87.83964441,
57902,87.86160528,
57903,87.88089976,
57904,87.97051142,
57905,88.02700123,
57906,88.04319442,
57907,88.0304863,
57908,88.14413797,
57909,88.13459998,
57910,88.30958748,
57911,88.30104359,
57912,88.24919825,
57913,88.27516484,
57914,88.28091132,
57915,88.31572132,
57916,88.34670363,
57917,88.41770253,
57918,88.55816711,
57919,88.55291646,
57920,88.6135601,
57921,88.61064318,
57922,88.61064318,
57923,88.6003222,
57924,88.58787427,
57925,88.64784255,
57926,88.67557568,
57927,88.64625764,
57928,88.6731147,
57929,88.71673941,
57930,88.795775,
57931,88.8912837,
57932,88.94739351,
57933,89.04884478,
57934,89.15879169,
57935,89.40302465,
57936,89.56968957,
57937,89.66631509,
57938,89.66302027,
57939,89.83455902,
57940,90.22592949,
57941,90.49262672,
57942,90.96961651,
57943,91.02120274,
57944,91.19267363,
57945,91.66055606,
57946,91.89203202,
57947,92.21810038,
57948,92.84604111,
57949,93.23035109,
57950,93.72908419,
57951,93.99986208,
57952,94.51196127,
57953,94.84863662,
57954,95.35522142,
57955,95.7079339,
57956,96.3527414,
57957,97.1584644,
57958,97.93984532,
57959,98.51032826,
57960,98.6301356,
57961,99.78172859,
57962,100.5663494,
57963,101.0296768,
57964,101.7689296,
57965,102.4833205,
57966,103.8364075,
57967,104.7724195,
57968,104.9128556,
57969,105.7212585,
57970,106.9887892,
57971,107.8576947,
57972,108.6324404,
57973,109.2703168,
57974,110.005999,
57975,111.6132682,
57976,112.6646011,
57977,113.4144512,
57978,113.6415895,
57979,114.4192184,
57980,116.212599,
57981,117.3218454,
57982,117.6903843,
57983,119.1036794,
57984,120.5632699,
57985,121.7658284,
57986,122.4950925,
57987,124.0848924,
57988,125.283388,
57989,126.2718525,
57990,127.5274754,
57991,129.0638336,
57992,131.0162135,
57993,131.6182051,
57994,133.4507745,
57995,135.4428999,
57996,136.7304303,
57997,137.0710149,
57998,138.1635521,
57999,139.1951934,
58000,140.5066259,
58001,140.9156533,
58002,141.8521632,
58003,143.7109929,
58004,145.2692396,
58005,145.6784148,
58006,146.6147941,
58007,147.0529135,
58008,147.2363913,
58009,147.4898286,
58010,147.180379,
58011,147.7374055,
58012,148.6081124,
58013,148.6590962,
58014,148.7336067,
58015,148.6787133,
58016,148.3645092,
58017,148.3132439,
58018,148.1574491,
58019,148.0397804,
58020,147.745414,
58021,147.5673734,
58022,147.5562206,
58023,147.1092007,
58024,146.6361564,
58025,146.3251906,
58026,145.8746508,
58027,145.6743708,
58028,145.286476,
58029,144.842144,
58030,144.412836,
58031,144.1253505,
58032,143.7928899,
58033,143.4657406,
58034,143.1363807,
58035,142.8796092,
58036,142.117265,
58037,141.4653806,
58038,140.9965802,
58039,140.5130742,
58040,140.1020472,
58041,139.758037,
58042,139.5407741,
58043,139.4043632,
58044,139.3370649,
58045,139.8610692,
58046,140.530677,
58047,140.9737941,
58048,141.150742,
58049,140.8941927,
58050,141.3610747,
58051,141.196483,
58052,141.1650637,
58053,141.210111,
58054,140.8946114,
58055,140.4576592,
58056,139.5926121,
58057,139.1034262,
58058,138.8226753,
58059,138.3877129,
58060,137.8026797,
58061,137.3700872,
58062,137.2729543,
58063,136.715733,
58064,136.6008295,
58065,136.4413,
58066,136.0981065,
58067,135.9670061,
58068,135.8017463,
58069,135.9963683,
58070,135.8132122,
58071,135.0285703,
58072,134.6726113,
58073,134.6348512,
58074,135.0612565,
58075,134.9382771,
58076,134.7523535,
58077,134.6477376,
58078,133.9140671,
58079,133.3797787,
58080,132.7059847,
58081,132.3252565,
58082,131.904516,
58083,131.0368562,
58084,130.8631941,
58085,130.4063034,
58086,129.8181357,
58087,129.2831746,
58088,129.3091215,
58089,127.6840793,
58090,126.3403764,
58091,125.6450994,
58092,125.2771474,
58093,125.0257666,
58094,124.4820331,
58095,123.9146138,
58096,123.5372448,
58097,123.474531,
58098,122.2465698,
58099,121.176998,
58100,121.340086,
58101,121.1197283,
58102,120.9842903,
58103,120.9754214,
58104,120.4881477,
58105,119.6854919,
58106,119.4867186,
58107,119.5005593,
58108,118.9644013,
58109,118.7826249,
58110,118.304038,
58111,118.2485329,
58112,117.9814259,
58113,117.8503773,
58114,117.8882552,
58115,117.8863674,
58116,117.6481315,
58117,117.9027027,
58118,117.7101421,
58119,117.8944549,
58120,118.0036847,
58121,117.8153305,
58122,118.4397747,
58123,117.8165031,
58124,117.9730025,
58125,117.7864197,
58126,117.8219387,
58127,117.7785533,
58128,117.7891442,
58129,118.0290385,
58130,117.7758494,
58131,117.8098385,
58132,117.8550794,
58133,117.9103509,
58134,117.960986,
58135,117.8619029,
58136,117.9734319,
58137,117.8189932,
58138,117.7445671,
58139,117.6898297,
58140,118.3761556,
58141,118.2173443,
58142,118.5783698,
58143,118.2966716,
58144,118.2223585,
58145,118.1960012,
58146,118.0479383,
58147,118.0661022,
58148,118.1304477,
58149,118.1071115,
58150,118.1519864,
58151,118.2907653,
58152,118.0662799,
58153,117.8348676,
58154,117.9131507,
58155,117.074976,
58156,117.0572024,
58157,116.7941382,
58158,116.1470098,
58159,115.7798428,
58160,115.9238947,
58161,115.8175718,
58162,115.9871967,
58163,116.0864601,
58164,115.3854158,
58165,115.9608373,
58166,115.9175693,
58167,115.5107221,
58168,115.626992,
58169,115.7066005,
58170,115.2251125,
58171,115.4115002,
58172,114.7871774,
58173,114.8091175,
58174,114.6076824,
58175,114.3087593,
58176,113.7955121,
58177,113.6742017,
58178,113.987307,
58179,113.8959581,
58180,114.3289261,
58181,114.7154626,
58182,114.9942089,
58183,115.1413611,
58184,115.5223979,
58185,115.5304963,
58186,115.7701531,
58187,115.9518104,
58188,116.2531072,
58189,116.6236172,
58190,117.2145363,
58191,117.6571707,
58192,117.9050977,
58193,118.3949194,
58194,118.3650968,
58195,118.6113305,
58196,118.8639731,
58197,119.4382146,
58198,119.8462213,
58199,120.547221,
58200,120.5358379,
58201,121.2485386,
58202,121.8402009,
58203,122.1554487,
58204,122.6033752,
58205,123.3209194,
58206,123.6519036,
58207,124.2006882,
58208,124.881376,
58209,125.4554111,
58210,125.9534401,
58211,126.1307561,
58212,127.6986371,
58213,128.4143829,
58214,128.7398239,
58215,129.1799641,
58216,130.4542126,
58217,132.1532491,
58218,133.0811781,
58219,133.7461546,
58220,135.2954809,
58221,137.2601805,
58222,138.2343287,
58223,138.7545287,
58224,139.9879678,
58225,141.1839882,
58226,142.2812803,
58227,143.2597783,
58228,144.5275074,
58229,146.0818887,
58230,146.78571,
58231,147.5764972,
58232,148.3164302,
58233,149.4648064,
58234,150.9209223,
58235,151.7837634,
58236,153.0146453,
58237,154.2420073,
58238,155.2100265,
58239,156.2173438,
58240,156.4278791,
58241,157.9433467,
58242,160.3560706,
58243,161.4159079,
58244,162.6404405,
58245,163.7217733,
58246,166.6414892,
58247,167.4837142,
58248,168.4444304,
58249,170.4539785,
58250,171.4831726,
58251,172.6555812,
58252,174.064511,
58253,175.581984,
58254,177.270112,
58255,178.064205,
58256,178.6215587,
58257,179.9577037,
58258,182.4702764,
58259,183.2997571,
58260,183.8711984,
58261,185.009634,
58262,186.4933613,
58263,187.3050945,
58264,188.2641247,
58265,189.8623368,
58266,191.6450138,
58267,191.9118205,
58268,192.9391791,
58269,193.7703453,
58270,194.8609276,
58271,194.9826015,
58272,195.0596617,
58273,196.2534723,
58274,196.9042568,
58275,197.4023239,
58276,198.0376701,
58277,199.1157159,
58278,200.1115731,
58279,200.6027817,
58280,201.869342,
58281,202.4016528,
58282,203.4500897,
58283,203.9937128,
58284,204.5296375,
58285,205.9859845,
58286,206.7066754,
58287,206.8909901,
58288,207.9368093,
58289,208.8771324,
58290,209.6331955,
58291,210.2412655,
58292,210.8461011,
58293,211.177552,
58294,211.6118328,
58295,211.6750553,
58296,211.6219771,
58297,211.888585,
58298,212.123195,
58299,211.8395359,
58300,211.7102328,
58301,211.8860749,
58302,211.7024826,
58303,211.6514623,
58304,212.1456469,
58305,212.2351232,
58306,212.2824161,
58307,212.2581748,
58308,212.263479,
58309,212.2474955,
58310,212.1815048,
58311,212.1164225,
58312,212.2953798,
58313,212.7830602,
58314,212.9540356,
58315,212.951417,
58316,212.8548035,
58317,212.922414,
58318,213.1726527,
58319,213.6038207,
58320,213.9895097,
58321,214.2556105,
58322,214.7253043,
58323,215.0767583,
58324,215.3328167,
58325,215.2129262,
58326,214.685745,
58327,214.5299301,
58328,214.6393381,
58329,214.5527609,
58330,214.0201419,
58331,213.4510641,
58332,213.0114186,
58333,212.4413251,
58334,211.8293686,
58335,210.847073,
58336,210.3804077,
58337,209.477159,
58338,208.3520355,
58339,207.2715189,
58340,206.5419542,
58341,205.9193082,
58342,204.6070408,
58343,204.0344117,
58344,203.0101326,
58345,202.8293494,
58346,201.9759478,
58347,200.6818798,
58348,200.3537692,
58349,199.7668217,
58350,199.175131,
58351,198.6120683,
58352,196.8509133,
58353,194.7297602,
58354,194.585829,
58355,193.1481492,
58356,191.8002709,
58357,191.3136567,
58358,190.023078,
58359,189.6788972,
58360,187.6542841,
58361,185.5760251,
58362,184.8579284,
58363,183.6813164,
58364,182.110255,
58365,179.9166351,
58366,178.8961737,
58367,178.2839968,
58368,176.1918304,
58369,175.2339564,
58370,175.7906472,
58371,173.5796746,
58372,171.9197676,
58373,169.8461827,
58374,168.0845447,
58375,167.3769084,
58376,164.9045425,
58377,162.067499,
58378,161.3736689,
58379,159.2562898,
58380,156.9676642,
58381,155.2309456,
58382,154.8717654,
58383,151.498626,
58384,149.3823936,
58385,148.9740892,
58386,146.5061836,
58387,145.0415202,
58388,143.2136183,
58389,143.56011,
58390,141.3475882,
58391,138.035874,
58392,137.6528144,
58393,136.2367762,
58394,135.7164215,
58395,134.200281,
58396,133.2155356,
58397,132.4918124,
58398,131.975519,
58399,130.2212667,
58400,129.1009612,
58401,127.2621578,
58402,126.7749302,
58403,124.2198332,
58404,122.7339864,
58405,121.0572806,
58406,120.7607549,
58407,118.2927481,
58408,116.0671704,
58409,115.7857911,
58410,114.7137921,
58411,112.1501351,
58412,111.2185248,
58413,111.3472132,
58414,110.3391841,
58415,108.3553716,
58416,107.0505486,
58417,106.5546278,
58418,104.920041,
58419,102.7990988,
58420,102.2101039,
58421,101.9605481,
58422,101.3545341,
58423,99.83154907,
58424,98.36253058,
58425,97.89136632,
58426,97.63241908,
58427,96.55709364,
58428,96.09908161,
58429,95.20131427,
58430,95.4111824,
58431,94.79709714,
58432,94.42870069,
58433,93.92173003,
58434,93.54694969,
58435,93.11848863,
58436,92.94957888,
58437,92.68516645,
58438,92.49397481,
58439,92.49197062,
58440,92.54584993,
58441,92.4620433,
58442,92.49952189,
58443,92.44739256,
58444,92.45764826,
58445,92.49966059,
58446,92.33021341,
58447,92.35796364,
58448,92.23156905,
58449,92.10733409,
58450,92.10141629,
58451,92.085058,
58452,92.07503411,
58453,92.05464062,
58454,92.04760004,
58455,92.0286336,
58456,92.04528963,
58457,92.01764854,
58458,91.96635449,
58459,91.94438234,
58460,91.92726983,
58461,91.97581223,
58462,91.90648118,
58463,91.81298998,
58464,91.88694551,
58465,91.77641621,
58466,91.7605885,
58467,91.7605885,
58468,91.77523254,
58469,91.78205159,
58470,91.71165426,
58471,91.69404419,
58472,91.71812869,
58473,91.73528278,
58474,91.69070366,
58475,91.67404918,
58476,91.69891632,
58477,91.64258798,
58478,91.66524996,
58479,91.66835904,
58480,91.59504927,
58481,91.52244083,
58482,91.53825018,
58483,91.53502743,
58484,91.49252184,
58485,91.54323181,
58486,91.53388235,
58487,91.49506093,
58488,91.48037381,
58489,91.49180526,
58490,91.41358505,
58491,91.36332392,
58492,91.2769749,
58493,91.24718651,
58494,91.23021326,
58495,91.19184616,
58496,91.18261882,
58497,91.17059153,
58498,91.05730683,
58499,90.95098482,
58500,90.89619115,
58501,90.93441793,
58502,90.87248172,
58503,91.01362829,
58504,91.0469386,
58505,91.10526261,
58506,91.10124123,
58507,91.35439819,
58508,91.52402955,
58509,91.67877272,
58510,91.73932289,
58511,91.94458462,
58512,91.9553532,
58513,92.41148201,
58514,92.73112402,
58515,92.94811912,
58516,93.20334646,
58517,93.4765455,
58518,94.05201966,
58519,94.58681419,
58520,95.0078599,
58521,95.37013977,
58522,95.9406753,
58523,95.55281846,
58524,96.18275092,
58525,96.23043305,
58526,96.69319114,
58527,97.01610023,
58528,97.20169088,
58529,97.31372872,
58530,97.51478687,
58531,98.15482578,
58532,98.66462886,
58533,100.0899149,
58534,100.8889043,
58535,101.6024595,
58536,102.5351096,
58537,103.3484023,
58538,105.0861334,
58539,106.4512361,
58540,106.8299341,
58541,107.2853747,
58542,108.2206672,
58543,109.0984384,
58544,109.9189597,
58545,111.0939644,
58546,111.7925441,
58547,112.7426065,
58548,114.6102763,
58549,116.0729898,
58550,117.1587027,
58551,118.4849452,
58552,120.2553705,
58553,120.9958887,
58554,122.5527344,
58555,122.7544326,
58556,124.9675925,
58557,126.0170034,
58558,126.5679438,
58559,127.7620429,
58560,129.3966653,
58561,129.7974671,
58562,130.4891851,
58563,130.9427372,
58564,130.7891861,
58565,131.2317252,
58566,132.0931132,
58567,132.2972037,
58568,132.4191876,
58569,132.8477805,
58570,132.8832703,
58571,132.7499753,
58572,132.7528662,
58573,132.1185227,
58574,131.7610618,
58575,132.1208621,
58576,132.2946322,
58577,132.7501248,
58578,132.7724146,
58579,133.1510404,
58580,133.4580173,
58581,134.2884391,
58582,134.3117172,
58583,135.1789818,
58584,135.3521923,
58585,135.5359778,
58586,136.0885178,
58587,137.0657438,
58588,137.5306608,
58589,137.5256251,
58590,138.0920618,
58591,138.0744761,
58592,138.4153972,
58593,138.758353,
58594,139.2784994,
58595,139.2462255,
58596,139.3942281,
58597,139.6890036,
58598,139.6012913,
58599,139.8640237,
58600,139.8015682,
58601,139.2906094,
58602,139.2676494,
58603,138.8193651,
58604,138.4180152,
58605,137.8802244,
58606,137.2812837,
58607,136.2827227,
58608,135.9146206,
58609,135.5618469,
58610,134.7349754,
58611,134.3756677,
58612,133.6766387,
58613,133.2894328,
58614,132.856146,
58615,132.4248722,
58616,131.9319151,
58617,131.3638364,
58618,130.6244013,
58619,130.334977,
58620,130.097173,
58621,129.56155,
58622,129.2045164,
58623,128.9639183,
58624,128.4793261,
58625,127.9388271,
58626,127.3997077,
58627,126.9679409,
58628,126.6012716,
58629,126.4823474,
58630,126.3827104,
58631,125.8984082,
58632,125.4729211,
58633,125.3177991,
58634,124.801834,
58635,124.577153,
58636,124.1895042,
58637,124.4965048,
58638,124.3882802,
58639,124.2413532,
58640,124.2354553,
58641,124.1716228,
58642,123.6648312,
58643,122.9477905,
58644,122.2809522,
58645,121.9550381,
58646,121.5255136,
58647,121.0307758,
58648,120.112945,
58649,119.7467189,
58650,119.7833716,
58651,119.5561734,
58652,119.3314182,
58653,119.20063,
58654,119.2465808,
58655,119.1275618,
58656,119.026468,
58657,118.7250378,
58658,117.8611972,
58659,117.3054925,
58660,116.5490583,
58661,116.2790536,
58662,115.8781393,
58663,115.5328884,
58664,114.9629389,
58665,114.3444566,
58666,113.6446152,
58667,113.5507074,
58668,114.0951782,
58669,113.3271737,
58670,112.9576299,
58671,112.0579158,
58672,111.9609802,
58673,111.579171,
58674,110.9865324,
58675,110.5526498,
58676,109.9606388,
58677,109.2874151,
58678,108.5667625,
58679,108.0103432,
58680,107.6458989,
58681,106.6898555,
58682,106.3652877,
58683,105.249213,
58684,103.6660511,
58685,102.1734528,
58686,102.1583859,
58687,100.9090856,
58688,100.0832239,
58689,99.68636944,
58690,97.20862425,
58691,96.37826517,
58692,95.5737452,
58693,93.74787996,
58694,92.57239398,
58695,92.57301227,
58696,91.73218961,
58697,91.09601028,
58698,90.34718062,
58699,90.04769746,
58700,88.69198501,
58701,87.71208652,
58702,87.38808881,
58703,86.91767715,
58704,85.83384168,
58705,84.67694067,
58706,82.642675,
58707,81.3298322,
58708,80.40699959,
58709,78.26606763,
58710,77.00206526,
58711,75.95030204,
58712,75.35856757,
58713,74.78084754,
58714,73.17873951,
58715,71.43814705,
58716,70.78906429,
58717,69.10790678,
58718,67.393492,
58719,66.97785117,
58720,65.8137711,
58721,65.30921263,
58722,64.63074606,
58723,63.59342322,
58724,62.01340275,
58725,61.5972116,
58726,60.43747724,
58727,59.72981338,
58728,58.36285228,
58729,58.30623393,
58730,57.49467831,
58731,56.91495797,
58732,56.04461115,
58733,55.22334887,
58734,54.37168188,
58735,53.21225655,
58736,52.59202257,
58737,52.47995916,
58738,52.53560333,
58739,52.86657239,
58740,53.44272695,
58741,53.67316521,
58742,54.12984475,
58743,54.80469914,
58744,54.9213144,
58745,55.43795358,
58746,56.27300742,
58747,56.74281307,
58748,57.02086044,
58749,57.43326848,
58750,58.0134096,
58751,58.48082793,
58752,59.02335139,
58753,59.50701818,
58754,60.07772222,
58755,60.48390215,
58756,61.05066254,
58757,61.8518853,
58758,62.38051657,
58759,63.27825587,
58760,64.23348824,
58761,64.81832096,
58762,65.93598833,
58763,67.53820583,
58764,68.08151908,
58765,68.7112638,
58766,70.21476322,
58767,71.73088537,
58768,73.28950772,
58769,73.56722848,
58770,74.85679485,
58771,76.69502839,
58772,78.23805962,
58773,79.30408197,
58774,81.47041359,
58775,82.77082859,
58776,85.05254992,
58777,85.63292395,
58778,87.13718293,
58779,88.9610101,
58780,90.44743822,
58781,90.96489306,
58782,92.32786642,
58783,95.04353835,
58784,96.24628963,
58785,97.05185976,
58786,98.91496332,
58787,101.5389606,
58788,103.0923101,
58789,104.0221881,
58790,106.10883,
58791,108.4536965,
58792,109.6140305,
58793,110.3516655,
58794,112.3102732,
58795,114.8050865,
58796,115.2804244,
58797,116.1147966,
58798,117.8347953,
58799,118.6349426,
58800,119.1187323,
58801,120.5402815,
58802,120.9137019,
58803,121.7798509,
58804,122.9639403,
58805,123.6578183,
58806,124.9619057,
58807,125.7259363,
58808,126.8034212,
58809,127.3878663,
58810,128.1848725,
58811,128.4552026,
58812,128.9305063,
58813,129.9801053,
58814,130.8859098,
58815,131.2943738,
58816,132.050038,
58817,132.9389646,
58818,133.6316635,
58819,134.2392022,
58820,134.6071974,
58821,134.8674218,
58822,135.9115035,
58823,136.2141609,
58824,136.1011096,
58825,136.6366941,
58826,137.503862,
58827,138.239642,
58828,139.164761,
58829,139.4315156,
58830,140.0650159,
58831,140.7472344,
58832,140.9219543,
58833,141.9614896,
58834,141.8893753,
58835,143.0113197,
58836,144.3761965,
58837,145.8177126,
58838,146.1852359,
58839,147.0476702,
58840,148.7052185,
58841,150.3350444,
58842,151.6935857,
58843,153.0051366,
58844,155.2253971,
58845,156.9016179,
58846,157.8428933,
58847,158.6653524,
58848,161.3089478,
58849,162.4306444,
58850,163.9960833,
58851,165.347003,
58852,166.4920807,
58853,168.6693492,
58854,168.7469504,
58855,170.6536498,
58856,172.7720339,
58857,174.2474955,
58858,174.7599646,
58859,176.3205259,
58860,178.9768398,
58861,179.8425291,
58862,179.9610347,
58863,182.2494635,
58864,184.1389674,
58865,184.7965511,
58866,186.1086749,
58867,188.2494314,
58868,189.6894236,
58869,191.0612341,
58870,192.1488092,
58871,194.9794569,
58872,196.4532577,
58873,197.5749619,
58874,198.6348652,
58875,201.2875256,
58876,202.1862615,
58877,202.8192279,
58878,204.2393081,
58879,206.3724501,
58880,207.8535516,
58881,209.364099,
58882,210.6286041,
58883,212.5134477,
58884,213.830776,
58885,214.7548418,
58886,216.9632051,
58887,219.3466443,
58888,219.4635618,
58889,221.6018671,
58890,224.1246274,
58891,225.5178358,
58892,225.7007954,
58893,227.0151502,
58894,229.3840255,
58895,231.1035778,
58896,231.8543491,
58897,233.5057686,
58898,234.7003096,
58899,235.5293905,
58900,235.3666055,
58901,235.8626702,
58902,238.3541091,
58903,240.4547055,
58904,240.9353682,
58905,242.7264861,
58906,244.2208616,
58907,245.7826087,
58908,246.5717104,
58909,247.5381528,
58910,249.0974533,
58911,250.5543072,
58912,250.6660505,
58913,251.9923323,
58914,253.9666081,
58915,256.0147413,
58916,257.3698674,
58917,258.0175741,
58918,259.8010145,
58919,261.6687996,
58920,262.3975364,
58921,264.1246933,
58922,264.9463172,
58923,266.1998368,
58924,266.5249085,
58925,266.2551448,
58926,267.1853481,
58927,268.4302134,
58928,268.7658605,
58929,269.1935486,
58930,269.065729,
58931,269.4096023,
58932,269.3343292,
58933,268.9668752,
58934,268.9128399,
58935,268.6887113,
58936,268.8824341,
58937,268.2385749,
58938,267.6069109,
58939,267.293769,
58940,266.7404183,
58941,265.8348753,
58942,265.1061608,
58943,264.4759258,
58944,264.4441796,
58945,263.8244802,
58946,262.894459,
58947,262.2460852,
58948,261.4849882,
58949,260.7966508,
58950,259.9165856,
58951,258.5266753,
58952,257.6235389,
58953,257.4966922,
58954,256.5575902,
58955,255.7248043,
58956,254.8995896,
58957,254.3429461,
58958,254.2401269,
58959,253.058227,
58960,251.0669656,
58961,250.3429014,
58962,249.9118445,
58963,249.7145577,
58964,249.4162387,
58965,248.0819294,
58966,248.146899,
58967,247.6362227,
58968,248.1099366,
58969,247.0789919,
58970,245.8169823,
58971,245.8587629,
58972,244.5892273,
58973,243.5635353,
58974,242.275716,
58975,241.4564408,
58976,240.7725309,
58977,239.8269733,
58978,238.9482814,
58979,237.1542885,
58980,236.8553488,
58981,235.470827,
58982,233.3242035,
58983,232.6140106,
58984,231.8891842,
58985,230.7359073,
58986,229.2240398,
58987,228.5872866,
58988,228.0432824,
58989,226.5763088,
58990,225.0436528,
58991,224.5479843,
58992,223.8757299,
58993,222.0759219,
58994,220.4233773,
58995,219.8300378,
58996,218.5769036,
58997,217.7039539,
58998,216.9374931,
58999,217.2378496,
59000,217.0788631,
59001,216.044185,
59002,215.1093923,
59003,214.7189529,
59004,214.3100581,
59005,213.3583704,
59006,213.0566119,
59007,212.7539297,
59008,211.672644,
59009,211.3368541,
59010,210.9616631,
59011,210.4046173,
59012,209.7134214,
59013,209.4727002,
59014,210.0258388,
59015,210.1774595,
59016,209.7070553,
59017,209.4369386,
59018,209.6040137,
59019,209.9475388,
59020,210.5647409,
59021,211.1587453,
59022,211.3187088,
59023,212.832702,
59024,213.7547697,
59025,214.7207305,
59026,214.8454816,
59027,215.774085,
59028,216.9639497,
59029,217.3676751,
59030,217.851229,
59031,218.6644802,
59032,219.6610354,
59033,220.3701126,
59034,221.2151165,
59035,221.9565415,
59036,223.0962475,
59037,224.14335,
59038,224.5191269,
59039,225.3693061,
59040,225.7615201,
59041,226.5727377,
59042,227.5648498,
59043,228.437414,
59044,228.2648837,
59045,229.4378227,
59046,230.6943681,
59047,231.1856698,
59048,231.8533376,
59049,231.8130796,
59050,233.2661119,
59051,234.3279085,
59052,234.4522687,
59053,234.7558668,
59054,235.5328194,
59055,236.9207354,
59056,238.4215013,
59057,238.9152233,
59058,239.7614897,
59059,240.1929872,
59060,240.6219329,
59061,240.73312,
59062,240.5911461,
59063,240.9484036,
59064,241.0105184,
59065,240.8208942,
59066,241.0984761,
59067,240.7855943,
59068,240.5678632,
59069,240.7129354,
59070,240.6970781,
59071,240.4907208,
59072,240.247526,
59073,239.9320455,
59074,239.7632057,
59075,240.023127,
59076,239.6795448,
59077,239.6203526,
59078,239.9515328,
59079,240.3938604,
59080,240.9003475,
59081,241.3866302,
59082,241.869113,
59083,242.6635844,
59084,242.9477416,
59085,243.9514143,
59086,244.32517,
59087,244.5463182,
59088,245.2155282,
59089,245.9494491,
59090,246.3807621,
59091,246.2812344,
59092,246.9720867,
59093,247.2343483,
59094,247.5504736,
59095,247.4970955,
59096,247.1857255,
59097,247.1844285,
59098,247.0970382,
59099,247.0502086,
59100,246.881682,
59101,247.1400119,
59102,247.7504752,
59103,248.0716984,
59104,248.5568169,
59105,248.238204,
59106,248.1411888,
59107,247.8761226,
59108,247.9417052,
59109,248.2374032,
59110,248.7682506,
59111,249.1110132,
59112,249.5815963,
59113,249.6390637,
59114,249.9437154,
59115,250.1032658,
59116,250.1008887,
59117,250.12534,
59118,250.0432945,
59119,249.416414,
59120,249.1701192,
59121,248.8595338,
59122,248.2304452,
59123,247.8075134,
59124,247.4349363,
59125,247.2155537,
59126,246.8247835,
59127,246.30063,
59128,245.7439804,
59129,245.1121102,
59130,244.5902834,
59131,244.3243873,
59132,244.1493906,
59133,244.0970457,
59134,244.0266753,
59135,243.7860851,
59136,243.9414468,
59137,243.6781516,
59138,242.7381377,
59139,242.1433072,
59140,240.8192598,
59141,240.0683074,
59142,239.5109387,
59143,238.8527936,
59144,238.1978725,
59145,237.9743019,
59146,237.7849634,
59147,236.7422645,
59148,234.8806657,
59149,233.9439907,
59150,232.6298674,
59151,231.3816693,
59152,229.5445102,
59153,228.0291132,
59154,227.2817745,
59155,225.5564002,
59156,223.1726696,
59157,222.5652604,
59158,221.7921387,
59159,219.4503218,
59160,216.9274552,
59161,215.7260303,
59162,215.3672459,
59163,212.4810598,
59164,210.4407295,
59165,209.0420553,
59166,207.7466827,
59167,205.5526551,
59168,203.4628865,
59169,202.6095804,
59170,201.2626556,
59171,199.0337126,
59172,196.4662187,
59173,196.0102536,
59174,194.4725421,
59175,191.8286288,
59176,189.5575608,
59177,189.3653279,
59178,186.1903641,
59179,183.8899533,
59180,183.7788165,
59181,182.8774104,
59182,179.6539611,
59183,177.1322657,
59184,176.2900267,
59185,174.3638803,
59186,171.7333916,
59187,169.6802801,
59188,168.3283293,
59189,166.0613326,
59190,163.7635169,
59191,162.6750122,
59192,160.0916769,
59193,157.8672596,
59194,156.3257456,
59195,154.1936357,
59196,151.5833667,
59197,149.5953823,
59198,149.5485526,
59199,147.8060183,
59200,144.3570353,
59201,142.8501766,
59202,141.5727145,
59203,138.8094436,
59204,136.401939,
59205,135.4884684,
59206,133.6133974,
59207,130.6149764,
59208,129.3762403,
59209,128.5751669,
59210,125.8911902,
59211,123.352385,
59212,122.6713454,
59213,120.7181278,
59214,117.6629588,
59215,115.9721052,
59216,114.9244557,
59217,111.3888387,
59218,109.1178662,
59219,108.8934518,
59220,108.0427945,
59221,106.2264648,
59222,103.550412,
59223,102.8989738,
59224,101.9030297,
59225,100.2293382,
59226,97.68171278,
59227,96.96719471,
59228,94.99485519,
59229,92.73433592,
59230,90.60955496,
59231,90.08835067,
59232,89.76272424,
59233,88.46784315,
59234,86.24454447,
59235,83.63261964,
59236,82.70165058,
59237,80.81075104,
59238,78.32260329,
59239,76.77028363,
59240,76.17298879,
59241,74.83788361,
59242,73.12173998,
59243,71.32109946,
59244,70.21047734,
59245,69.48732322,
59246,67.3803276,
59247,65.14989455,
59248,64.15123811,
59249,64.00612745,
59250,62.45691714,
59251,61.16986154,
59252,60.02122746,
59253,60.15606544,
59254,60.68541814,
59255,60.23755921,
59256,60.34083249,
59257,60.63748334,
59258,60.82043463,
59259,60.93361984,
59260,60.6323444,
59261,61.25044787,
59262,61.67384228,
59263,61.76490922,
59264,61.99663656,
59265,62.19539313,
59266,63.02092218,
59267,63.71555648,
59268,63.9700068,
59269,64.39196465,
59270,65.16014359,
59271,66.41994929,
59272,67.19611835,
59273,67.88242911,
59274,69.24571752,
59275,70.78576003,
59276,72.11030715,
59277,72.45959208,
59278,73.47164581,
59279,75.72196806,
59280,77.69221529,
59281,78.50455741,
59282,79.59635175,
59283,81.78663569,
59284,82.68567597,
59285,83.54670486,
59286,84.59141939,
59287,86.26624949,
59288,88.15772009,
59289,88.83022151,
59290,90.01861261,
59291,91.3875356,
59292,93.34862841,
59293,94.52298028,
59294,95.25998758,
59295,97.69328894,
59296,100.3612438,
59297,101.1596788,
59298,102.5608052,
59299,105.541271,
59300,107.2533119,
59301,108.0203854,
59302,109.6339968,
59303,112.3716423,
59304,112.8751308,
59305,114.6777873,
59306,117.1549002,
59307,119.2495506,
59308,120.5142848,
59309,123.464256,
59310,126.0724725,
59311,127.0657433,
59312,129.1215558,
59313,131.1770546,
59314,132.5393892,
59315,133.8375075,
59316,136.0362009,
59317,138.3046971,
59318,139.5581516,
59319,141.1298172,
59320,143.1712676,
59321,144.2725732,
59322,144.3259297,
59323,146.2266482,
59324,147.9985606,
59325,148.6412764,
59326,149.1258798,
59327,149.663698,
59328,150.3732117,
59329,150.4289208,
59330,150.6355404,
59331,151.2819549,
59332,151.162771,
59333,151.0592597,
59334,150.7118619,
59335,150.1544142,
59336,149.9913758,
59337,149.5495017,
59338,148.9617098,
59339,148.7131533,
59340,148.6453758,
59341,148.4365122,
59342,147.9331698,
59343,147.6949735,
59344,147.5500544,
59345,146.8219491,
59346,146.4755372,
59347,146.3114093,
59348,146.5627845,
59349,146.6971437,
59350,146.4753583,
59351,145.9831608,
59352,145.8500293,
59353,145.4911708,
59354,144.9659385,
59355,144.6649956,
59356,144.6659436,
59357,143.9294368,
59358,143.7258638,
59359,143.2505217,
59360,142.4686534,
59361,142.0850802,
59362,141.7746502,
59363,141.3113051,
59364,140.3950125,
59365,139.3935395,
59366,138.8414516,
59367,137.9876817,
59368,136.5735676,
59369,135.6883895,
59370,135.5275043,
59371,134.6324431,
59372,133.7796926,
59373,132.3109555,
59374,131.7868983,
59375,131.1237639,
59376,129.6834381,
59377,128.3975584,
59378,127.7417204,
59379,127.2244448,
59380,126.1334752,
59381,125.5060706,
59382,124.8010822,
59383,124.3810903,
59384,122.890105,
59385,122.007172,
59386,122.2468589,
59387,121.9192248,
59388,121.4312883,
59389,120.8156405,
59390,120.5792029,
59391,119.4142639,
59392,118.9256555,
59393,118.7050954,
59394,118.9578172,
59395,118.8276367,
59396,118.1555079,
59397,118.5329957,
59398,118.7132191,
59399,118.9251614,
59400,118.7658912,
59401,119.1088302,
59402,119.0582351,
59403,118.7691679,
59404,118.7478812,
59405,118.4538458,
59406,118.393454,
59407,118.811716,
59408,119.5183041,
59409,120.2671932,
59410,120.9185001,
59411,120.9745252,
59412,120.7786052,
59413,121.2344533,
59414,121.6384789,
59415,121.9071334,
59416,121.8780661,
59417,121.9623869,
59418,122.031091,
59419,122.0818567,
59420,121.4983619,
59421,121.07783,
59422,121.5095298,
59423,120.8201392,
59424,119.6650627,
59425,119.1364697,
59426,118.8900601,
59427,117.9490286,
59428,117.1852324,
59429,116.0689553,
59430,115.6997963,
59431,114.715801,
59432,113.6025782,
59433,112.6193117,
59434,111.7363298,
59435,110.7695947,
59436,109.9007614,
59437,108.1997825,
59438,107.3851082,
59439,106.8500179,
59440,105.2700568,
59441,104.570483,
59442,103.9388855,
59443,103.5149863,
59444,102.8652535,
59445,101.0407607,
59446,99.47024435,
59447,98.47033293,
59448,97.79182267,
59449,97.01975822,
59450,96.15808707,
59451,93.36495753,
59452,92.06295334,
59453,90.63716052,
59454,89.82729519,
59455,86.83769055,
59456,85.05797653,
59457,84.09196045,
59458,83.0983374,
59459,81.14478653,
59460,78.77215682,
59461,78.13057007,
59462,75.32107347,
59463,72.98686533,
59464,72.83612671,
59465,70.58769265,
59466,67.62602646,
59467,66.02767951,
59468,65.64031305,
59469,63.24230951,
59470,60.42360446,
59471,59.0300475,
59472,58.189893,
59473,54.42486193,
59474,52.69711452,
59475,51.88137675,
59476,51.14413556,
59477,47.54192679,
59478,44.90783132,
59479,44.35365052,
59480,41.57181699,
59481,39.33408611,
59482,38.08212602,
59483,37.02795061,
59484,35.1537781,
59485,32.71924978,
59486,32.20661716,
59487,31.68809845,
59488,29.00950743,
59489,25.84948422,
59490,24.4518496,
59491,23.91636326,
59492,21.64798347,
59493,19.47764846,
59494,18.55545087,
59495,17.38772938,
59496,15.68487463,
59497,13.74771489,
59498,14.43719633,
59499,13.83128479,
59500,12.69664787,
59501,12.68750407,
59502,12.9563882,
59503,13.58300665,
59504,14.66361781,
59505,15.31138137,
59506,15.84142186,
59507,17.44631483,
59508,19.79751382,
59509,20.55866582,
59510,21.52477426,
59511,23.26089832,
59512,25.44727844,
59513,26.45964558,
59514,27.44756884,
59515,29.75607974,
59516,32.5540016,
59517,33.12804478,
59518,35.92238691,
59519,38.6646294,
59520,40.38148143,
59521,41.55046257,
59522,43.66271402,
59523,45.51713922,
59524,46.9520174,
59525,48.15097557,
59526,50.56284407,
59527,52.88017901,
59528,53.58611861,
59529,55.00377848,
59530,58.09249206,
59531,59.45671735,
59532,61.31760672,
59533,63.3458283,
59534,64.87148828,
59535,65.238639,
59536,66.16650223,
59537,68.82604855,
59538,69.78179269,
59539,70.38009789,
59540,71.86618045,
59541,73.29990212,
59542,74.39580606,
59543,74.74277969,
59544,77.22521394,
59545,79.21469327,
59546,79.28776279,
59547,80.11019625,
59548,81.43343028,
59549,83.44078001,
59550,84.67793845,
59551,85.70856139,
59552,87.86201278,
59553,89.70286742,
59554,90.81350814,
59555,92.50481765,
59556,94.43534644,
59557,94.93399494,
59558,96.01899751,
59559,97.45380412,
59560,99.82128977,
59561,100.0296653,
59562,101.0654369,
59563,102.4167881,
59564,102.615043,
59565,103.4127925,
59566,103.0168267,
59567,103.3733751,
59568,103.6639483,
59569,103.4196318,
59570,103.585731,
59571,103.368961,
59572,102.5206394,
59573,102.6005689,
59574,102.3018792,
59575,101.7558874,
59576,101.6809223,
59577,101.408478,
59578,101.1315831,
59579,100.5631215,
59580,100.2748951,
59581,100.3986529,
59582,100.5747414,
59583,100.4970056,
59584,100.21983,
59585,100.1747203,
59586,100.1857735,
59587,100.3639397,
59588,100.6978175,
59589,100.677585,
59590,100.9298618,
59591,101.211278,
59592,101.3503476,
59593,101.3458667,
59594,101.4816118,
59595,101.8270751,
59596,101.9009526,
59597,102.0148229,
59598,102.2717731,
59599,102.4203843,
59600,102.4828595,
59601,102.3511685,
59602,101.9588561,
59603,102.1221937,
59604,101.9365829,
59605,102.0524049,
59606,101.8977708,
59607,101.5642639,
59608,101.2470106,
59609,101.1560076,
59610,100.6927804,
59611,100.490466,
59612,100.4452698,
59613,100.3567023,
59614,100.4044863,
59615,100.5552978,
59616,100.5571679,
59617,100.5755026,
59618,100.5080681,
59619,100.2507502,
59620,100.2919287,
59621,100.1984401,
59622,100.0506818,
59623,100.3233473,
59624,100.3432297,
59625,100.639847,
59626,100.4591187,
59627,100.3203212,
59628,100.6055085,
59629,100.2367684,
59630,100.1532597,
59631,100.5279287,
59632,100.7998702,
59633,100.7672773,
59634,100.7253766,
59635,100.428099,
59636,100.5650535,
59637,100.6214702,
59638,100.7234686,
59639,100.9313698,
59640,101.0456676,
59641,100.8890634,
59642,100.8929139,
59643,100.5328729,
59644,100.3186163,
59645,100.2767029,
59646,100.1866755,
59647,100.0032593,
59648,99.70065329,
59649,99.10979529,
59650,98.42058356,
59651,97.85632492,
59652,97.51548276,
59653,97.06220589,
59654,96.95879377,
59655,96.479617,
59656,96.12458257,
59657,95.51750516,
59658,94.56307062,
59659,94.66937133,
59660,93.85079309,
59661,93.34085926,
59662,92.82885273,
59663,92.44364787,
59664,91.70540713,
59665,91.51123524,
59666,90.88717533,
59667,90.18146016,
59668,89.21112466,
59669,88.99733673,
59670,88.85681366,
59671,88.76490778,
59672,88.12128896,
59673,87.42903114,
59674,87.04047574,
59675,86.35975531,
59676,86.22037665,
59677,85.55228599,
59678,85.20255815,
59679,84.6069579,
59680,84.20630048,
59681,83.62566355,
59682,83.11213928,
59683,83.44100868,
59684,83.90200819,
59685,80.7053376,
59686,80.42422176,
59687,80.07095026,
59688,79.47135497,
59689,78.6368242,
59690,78.99169414,
59691,77.76268841,
59692,76.83985421,
59693,75.88661434,
59694,75.34505193,
59695,74.85641364,
59696,73.22795772,
59697,71.19643851,
59698,70.30324048,
59699,69.21525894,
59700,68.20264786,
59701,65.62100116,
59702,64.63781316,
59703,63.42455371,
59704,61.70271206,
59705,60.71270909,
59706,59.80779864,
59707,58.51750921,
59708,57.32877505,
59709,55.88087356,
59710,54.81635012,
59711,53.78409898,
59712,52.89422892,
59713,51.65251652,
59714,49.93648864,
59715,48.92963684,
59716,48.41348602,
59717,47.60163318,
59718,46.3349702,
59719,44.83502769,
59720,44.56121776,
59721,44.0582272,
59722,42.87349373,
59723,41.03699247,
59724,41.19218444,
59725,40.4929737,
59726,39.67273439,
59727,39.37940254,
59728,38.62191292,
59729,38.76139711,
59730,39.00426664,
59731,39.26201368,
59732,39.49330278,
59733,39.63789416,
59734,39.92992438,
59735,40.53931019,
59736,41.21147236,
59737,41.80708568,
59738,42.14058821,
59739,42.97406981,
59740,43.49834609,
59741,44.24586831,
59742,45.38583779,
59743,45.79117356,
59744,46.27344021,
59745,47.45084481,
59746,47.8548914,
59747,48.40366074,
59748,49.33726312,
59749,50.13226939,
59750,50.4325034,
59751,51.88412093,
59752,54.07800894,
59753,55.05870871,
59754,55.48622895,
59755,56.17264388,
59756,58.28713234,
59757,60.20300165,
59758,60.67849348,
59759,61.68983968,
59760,63.7535763,
59761,65.72152956,
59762,66.8091091,
59763,67.46788604,
59764,68.79892697,
59765,70.58805209,
59766,71.7642993,
59767,72.7752823,
59768,73.64932729,
59769,76.13482299,
59770,77.32988733,
59771,78.55325972,
59772,79.41958206,
59773,81.11552763,
59774,83.07875941,
59775,84.30322043,
59776,85.30359081,
59777,87.68530768,
59778,89.83072263,
59779,90.59304356,
59780,92.27991529,
59781,94.23632328,
59782,96.26176904,
59783,96.94323247,
59784,97.2054488,
59785,98.45122437,
59786,100.7922228,
59787,102.3094121,
59788,103.0463865,
59789,104.4571833,
59790,105.9694309,
59791,107.711922,
59792,108.7136821,
59793,109.0569086,
59794,110.3670174,
59795,112.8760287,
59796,114.095564,
59797,115.1331072,
59798,116.7920045,
59799,119.0783396,
59800,120.8819932,
59801,121.0497131,
59802,122.7277915,
59803,124.5666959,
59804,125.6128776,
59805,126.4977407,
59806,128.2283188,
59807,130.0095821,
59808,130.7272853,
59809,131.5771684,
59810,132.7269088,
59811,133.2809151,
59812,134.1778248,
59813,134.6032146,
59814,134.8373498,
59815,134.9803946,
59816,134.8664888,
59817,134.8441437,
59818,134.6233139,
59819,134.9873698,
59820,134.3089539,
59821,134.7304121,
59822,134.045082,
59823,133.9675446,
59824,133.7955932,
59825,134.3410051,
59826,133.8566469,
59827,133.2771787,
59828,133.4558255,
59829,133.0798087,
59830,132.2058652,
59831,132.4922095,
59832,132.2239445,
59833,131.8151823,
59834,130.9018838,
59835,130.4052304,
59836,129.4518417,
59837,128.8755847,
59838,128.5899164,
59839,127.8915499,
59840,127.5302916,
59841,127.1729029,
59842,126.6016065,
59843,126.3064363,
59844,126.0308069,
59845,125.768904,
59846,125.3692969,
59847,124.8807457,
59848,124.9242963,
59849,125.0623536,
59850,124.9673687,
59851,124.6149182,
59852,124.3588838,
59853,124.1300843,
59854,124.3473659,
59855,124.230697,
59856,123.5926687,
59857,123.6156722,
59858,123.3728643,
59859,123.2394519,
59860,122.9087713,
59861,122.9778831,
59862,123.2780583,
59863,123.2973366,
59864,123.2110785,
59865,123.1448858,
59866,123.2428039,
59867,123.8198615,
59868,123.8178464,
59869,124.0297069,
59870,124.5959296,
59871,124.4834457,
59872,124.3680716,
59873,124.1768186,
59874,123.9205199,
59875,123.6695915,
59876,123.6444184,
59877,123.8118981,
59878,123.524269,
59879,123.3118274,
59880,123.013397,
59881,122.5643487,
59882,121.5328593,
59883,120.8783593,
59884,120.2152945,
59885,120.1035333,
59886,118.9390745,
59887,117.8951008,
59888,117.0936441,
59889,116.4904958,
59890,116.0421537,
59891,115.2020651,
59892,113.5392369,
59893,112.6180752,
59894,112.5716756,
59895,111.230891,
59896,110.07808,
59897,109.1965073,
59898,108.4067973,
59899,107.1460247,
59900,105.3822373,
59901,104.753335,
59902,103.5612143,
59903,102.727247,
59904,101.5816637,
59905,100.815421,
59906,99.9062488,
59907,97.48340397,
59908,96.34507141,
59909,95.76051614,
59910,94.50744402,
59911,92.77219685,
59912,91.6743058,
59913,90.83014407,
59914,88.87880556,
59915,87.19744484,
59916,86.52129785,
59917,85.44847595,
59918,84.1989847,
59919,82.55847943,
59920,82.01923322,
59921,80.97617712,
59922,79.28352562,
59923,78.27961581,
59924,77.86139371,
59925,77.08022927,
59926,75.95055906,
59927,75.27551372,
59928,74.92245612,
59929,73.57781332,
59930,72.41576485,
59931,72.14110344,
59932,71.39052916,
59933,70.24980552,
59934,69.55651209,
59935,68.90326751,
59936,67.65688983,
59937,65.94855049,
59938,65.55142485,
59939,64.38995187,
59940,63.14323845,
59941,61.99096928,
59942,61.7600799,
59943,60.664041,
59944,58.68183464,
59945,57.67517934,
59946,57.52587398,
59947,55.78173169,
59948,54.47861965,
59949,53.4966472,
59950,52.6511971,
59951,51.21421139,
59952,49.1880418,
59953,48.95814563,
59954,47.87921392,
59955,46.16967684,
59956,45.27651296,
59957,44.40119077,
59958,42.97986099,
59959,41.45707556,
59960,40.9713062,
59961,40.83437921,
59962,38.9763921,
59963,37.91145463,
59964,37.49802794,
59965,36.07040179,
59966,34.60790164,
59967,34.85915225,
59968,34.14229853,
59969,32.83164835,
59970,31.84956571,
59971,31.63296432,
59972,30.96025356,
59973,29.88479663,
59974,29.31349362,
59975,29.18006219,
59976,28.29073603,
59977,27.65381925,
59978,27.19917505,
59979,27.41224416,
59980,27.27357803,
59981,27.31763689,
59982,27.31558938,
59983,26.07982847,
59984,24.62492596,
59985,23.82953632,
59986,23.21506516,
59987,22.86357134,
59988,22.28426289,
59989,21.99926564,
59990,21.39828111,
59991,21.07165847,
59992,20.97078077,
59993,20.67874366,
59994,20.56903318,
59995,20.41238699,
59996,20.28615312,
59997,20.1918584,
59998,20.21154409,
59999,20.72363526,
60000,20.98806116,
60001,21.61980298,
60002,22.55801664,
60003,23.69244318,
60004,24.31067284,
60005,25.50819909,
60006,26.95463585,
60007,27.71637006,
60008,28.30283671,
60009,29.80810073,
60010,31.18497906,
60011,32.07538172,
60012,32.86395275,
60013,33.28191572,
60014,34.95079412,
60015,36.51833637,
60016,36.9993756,
60017,38.47657419,
60018,40.14903808,
60019,42.54481222,
60020,43.73360139,
60021,44.43612221,
60022,47.18390304,
60023,48.674496,
60024,49.66817636,
60025,51.79605467,
60026,54.12043702,
60027,55.91175365,
60028,56.1612222,
60029,56.73924836,
60030,59.51928409,
60031,61.82026171,
60032,62.48127016,
60033,64.86524643,
60034,67.21503513,
60035,68.70494415,
60036,69.63284338,
60037,72.21863429,
60038,73.93744727,
60039,74.85506659,
60040,77.24070729,
60041,79.94977799,
60042,81.23396844,
60043,81.05020826,
60044,83.18562539,
60045,85.75898551,
60046,88.16025121,
60047,88.76096518,
60048,90.53791233,
60049,92.45622482,
60050,94.00459409,
60051,95.06624559,
60052,96.71983558,
60053,98.20062271,
60054,100.4946474,
60055,101.7737169,
60056,102.4503822,
60057,103.7922851,
60058,106.2277284,
60059,106.8740808,
60060,107.7164997,
60061,109.1565586,
60062,110.2799251,
60063,110.8262105,
60064,111.1123625,
60065,112.5701422,
60066,114.4471402,
60067,115.4549758,
60068,116.0653678,
60069,117.8385264,
60070,118.9343279,
60071,119.7588752,
60072,119.9070039,
60073,120.8803171,
60074,122.8161501,
60075,124.2118893,
60076,125.0887238,
60077,126.694672,
60078,127.9389287,
60079,128.7240387,
60080,129.2665442,
60081,131.3722229,
60082,132.7816917,
60083,133.4136295,
60084,133.8592423,
60085,134.3073728,
60086,135.1921399,
60087,135.7397416,
60088,135.6730388,
60089,136.6071139,
60090,137.2213775,
60091,137.4482629,
60092,137.9282588,
60093,138.6742498,
60094,138.6984304,
60095,138.5685428,
60096,139.3283697,
60097,139.7586557,
60098,140.1428102,
60099,140.2265623,
60100,140.5623832,
60101,141.0020743,
60102,141.0887829,
60103,141.3278387,
60104,141.8371193,
60105,142.3856008,
60106,142.6739182,
60107,143.1708233,
60108,143.9097796,
60109,144.3524557,
60110,144.9209596,
60111,145.8865454,
60112,146.4521945,
60113,146.7902836,
60114,148.1471675,
60115,149.2081746,
60116,149.9854024,
60117,150.1960354,
60118,150.0667448,
60119,150.3889437,
60120,150.9464914,
60121,151.5771009,
60122,151.6755236,
60123,151.9051611,
60124,152.3567899,
60125,152.6913578,
60126,152.1466458,
60127,152.2082589,
60128,152.1178697,
60129,152.212721,
60130,151.7344395,
60131,151.1443871,
60132,150.7085903,
60133,150.5285932,
60134,149.8639516,
60135,149.4567604,
60136,148.7208544,
60137,148.4268897,
60138,148.3160161,
60139,147.7696791,
60140,147.323019,
60141,147.1209453,
60142,147.1178296,
60143,147.3445878,
60144,147.928941,
60145,148.6920594,
60146,149.283026,
60147,149.3834975,
60148,150.1379735,
60149,150.957734,
60150,151.1274856,
60151,151.7392245,
60152,152.5288842,
60153,153.1095372,
60154,153.2202653,
60155,154.0351418,
60156,154.9591723,
60157,155.7600595,
60158,155.980689,
60159,156.481362,
60160,158.1100135,
60161,159.53116,
60162,160.1339243,
60163,161.7461346,
60164,163.3775747,
60165,164.9060288,
60166,165.2653712,
60167,166.2535028,
60168,167.3959489,
60169,168.3596776,
60170,168.9066768,
60171,169.4970676,
60172,171.2029458,
60173,172.5372281,
60174,172.8206014,
60175,173.3719903,
60176,174.1026354,
60177,174.5342531,
60178,174.6370789,
60179,174.8270797,
60180,174.9547711,
60181,175.3003793,
60182,175.2748961,
60183,175.1272604,
60184,175.2018623,
60185,175.0362039,
60186,175.0378533,
60187,174.6108407,
60188,174.6688319,
60189,174.3598185,
60190,174.2814793,
60191,173.6742821,
60192,173.0228141,
60193,173.1103869,
60194,172.9495607,
60195,172.1754917,
60196,171.4969358,
60197,171.3367399,
60198,171.1619408,
60199,170.663233,
60200,169.9236465,
60201,169.5406366,
60202,169.2217833,
60203,168.2612906,
60204,167.5958593,
60205,167.573931,
60206,167.3449672,
60207,166.8164243,
60208,166.1491957,
60209,165.6804222,
60210,164.5036894,
60211,163.9528602,
60212,163.5565076,
60213,162.7932154,
60214,161.8361818,
60215,161.2221729,
60216,160.3526825,
60217,159.0979462,
60218,158.3624685,
60219,158.0451362,
60220,156.3923088,
60221,155.3831503,
60222,155.1771378,
60223,153.8344527,
60224,152.2892643,
60225,152.0251541,
60226,151.111219,
60227,150.1704295,
60228,148.9231954,
60229,148.6782613,
60230,147.8223322,
60231,146.4268093,
60232,145.1077987,
60233,143.8757742,
60234,142.7715128,
60235,140.8073822,
60236,139.8027429,
60237,139.0275068,
60238,136.6360729,
60239,134.887291,
60240,134.0822768,
60241,133.0820891,
60242,130.4697462,
60243,128.4413308,
60244,127.6934426,
60245,125.3816071,
60246,122.5436213,
60247,122.0804599,
60248,121.2696854,
60249,119.0972855,
60250,116.0694078,
60251,115.2016868,
60252,112.8205495,
60253,109.8100723,
60254,108.7604569,
60255,106.9231995,
60256,104.3798721,
60257,103.0764273,
60258,101.3226676,
60259,98.53866161,
60260,96.93531825,
60261,96.57227381,
60262,94.53211386,
60263,92.40688834,
60264,91.52255972,
60265,89.75766753,
60266,87.50518443,
60267,86.06864257,
60268,85.85269742,
60269,83.79502664,
60270,82.26493622,
60271,81.43737607,
60272,80.9005179,
60273,80.61924222,
60274,78.97769992,
60275,78.57904721,
60276,77.43226366,
60277,74.52365312,
60278,74.59413174,
60279,72.98507645,
60280,71.49854652,
60281,69.7802174,
60282,68.75200338,
60283,66.52629609,
60284,64.75620985,
60285,64.07530311,
60286,62.84913478,
60287,60.89708299,
60288,58.97588537,
60289,58.0272376,
60290,56.33782026,
60291,53.40792214,
60292,52.00423466,
60293,51.16441821,
60294,50.0359695,
60295,47.655121,
60296,46.46817777,
60297,46.47694439,
60298,45.98444301,
60299,43.48881629,
60300,42.5992199,
60301,40.84341547,
60302,39.5513079,
60303,37.59652805,
60304,37.0504768,
60305,36.28575341,
60306,35.03578619,
60307,31.86914944,
60308,29.86036478,
60309,28.98017064,
60310,27.3513905,
60311,25.65842878,
60312,24.19419779,
60313,24.10121207,
60314,23.35474372,
60315,22.56790869,
60316,22.42669627,
60317,22.34890115,
60318,21.7887677,
60319,20.09689561,
60320,19.24367983,
60321,19.09807959,
60322,18.44867153,
60323,17.67532798,
60324,16.95959521,
60325,16.42579115,
60326,15.69465715,
60327,14.93867652,
60328,14.88577276,
60329,14.91044893,
60330,14.81571484,
60331,15.18590828,
60332,15.93891209,
60333,16.18693925,
60334,16.40078897,
60335,17.66664694,
60336,19.23297772,
60337,19.64065782,
60338,21.05545455,
60339,22.7567284,
60340,24.48955346,
60341,25.27521278,
60342,26.52327203,
60343,27.54119497,
60344,29.88934179,
60345,30.83843739,
60346,31.65854925,
60347,32.22097107,
60348,33.67523501,
60349,34.66815402,
60350,35.94727686,
60351,36.46431863,
60352,37.42727653,
60353,38.32322293,
60354,39.07906889,
60355,39.6930218,
60356,39.79720554,
60357,40.81472135,
60358,41.01079739,
60359,41.19520521,
60360,41.82725747,
60361,42.68913257,
60362,43.81452857,
60363,44.37898613,
60364,44.39598329,
60365,45.26062873,
60366,46.09580267,
60367,46.47071505,
60368,47.0200206,
60369,48.1203162,
60370,48.88531411,
60371,49.42279778,
60372,49.50007559,
60373,49.57992161,
60374,50.35632374,
60375,50.95491694,
60376,51.02633458,
60377,50.85297252,
60378,50.58253167,
60379,50.66028854,
60380,50.44278771,
60381,50.37518627,
60382,50.12274864,
60383,50.79975112,
60384,50.7214546,
60385,50.53448344,
60386,50.31936701,
60387,50.50798341,
60388,50.57270648,
60389,50.61708392,
60390,50.44363794,
60391,50.60056128,
60392,50.94019223,
60393,51.09612077,
60394,51.43486196,
60395,51.78466225,
60396,52.34571469,
60397,52.74365196,
60398,52.74322729,
60399,53.44769234,
60400,54.70092091,
60401,55.32678689,
60402,55.80528922,
60403,56.57270055,
60404,57.25440646,
60405,57.69775155,
60406,58.52457013,
60407,60.2095924,
60408,61.38488192,
60409,61.56824461,
60410,62.90268656,
60411,64.28564849,
60412,65.61711155,
60413,65.89242034,
60414,66.58116311,
60415,68.16997561,
60416,69.05925835,
60417,69.36656402,
60418,70.80269708,
60419,72.2033106,
60420,72.94740292,
60421,73.35429733,
60422,75.22673997,
60423,76.50112575,
60424,77.36847937,
60425,79.49302489,
60426,81.36874709,
60427,82.78042852,
60428,83.2601363,
60429,85.05843496,
60430,87.80790064,
60431,87.88380362,
60432,89.77514069,
60433,91.60473526,
60434,92.73167625,
60435,93.64178906,
60436,95.58732511,
60437,96.92786843,
60438,97.77459645,
60439,99.77272016,
60440,101.703329,
60441,101.8619157,
60442,102.9968987,
60443,105.0328263,
60444,105.6169421,
60445,106.5737646,
60446,107.7573804,
60447,109.3671941,
60448,110.2126663,
60449,110.9743552,
60450,113.102345,
60451,115.0409991,
60452,115.5970871,
60453,117.8945825,
60454,119.0452292,
60455,119.3063718,
60456,120.4604974,
60457,121.8080487,
60458,122.6328974,
60459,123.7724424,
60460,124.5947682,
60461,125.986484,
60462,126.7599838,
60463,128.047138,
60464,129.7672342,
60465,130.2319525,
60466,130.9624829,
60467,132.2708859,
60468,133.310517,
60469,133.4045896,
60470,134.1378513,
60471,135.2678961,
60472,135.2916286,
60473,135.2219283,
60474,135.2623402,
60475,135.0900679,
60476,134.407613,
60477,133.8801871,
60478,133.3104421,
60479,133.475743,
60480,133.0849126,
60481,132.5259476,
60482,132.0687343,
60483,131.9157209,
60484,131.0651135,
60485,130.4861689,
60486,130.4123821,
60487,130.0897817,
60488,130.0023331,
60489,129.0749911,
60490,128.8158098,
60491,128.0908088,
60492,127.7405931,
60493,127.246742,
60494,127.1637259,
60495,127.1541372,
60496,126.4930757,
60497,125.99789,
60498,125.2788151,
60499,124.2078843,
60500,123.6368365,
60501,123.9412271,
60502,123.1677894,
60503,122.1607306,
60504,121.677758,
60505,121.0263626,
60506,119.9775183,
60507,119.4308043,
60508,118.9693632,
60509,118.3788695,
60510,117.5062273,
60511,117.292024,
60512,116.8003788,
60513,115.9889651,
60514,115.3061071,
60515,114.8730497,
60516,114.9538494,
60517,114.5706805,
60518,113.7664938,
60519,113.100568,
60520,112.3152613,
60521,111.0807794,
60522,109.8771001,
60523,109.7801133,
60524,108.9625117,
60525,107.5178254,
60526,106.9317744,
60527,106.5134361,
60528,105.2627236,
60529,103.6456604,
60530,103.2405362,
60531,102.0750675,
60532,101.0282724,
60533,99.59958945,
60534,98.90588878,
60535,97.75634053,
60536,96.38264464,
60537,95.24738222,
60538,94.98580182,
60539,93.75667467,
60540,91.72425424,
60541,90.10915246,
60542,89.55862452,
60543,87.67025685,
60544,86.03435917,
60545,84.88652734,
60546,83.23197577,
60547,83.08770322,
60548,80.52248606,
60549,78.49321873,
60550,77.64755973,
60551,75.51458811,
60552,73.12031102,
60553,71.87863504,
60554,72.0000152,
60555,69.95916484,
60556,68.86363483,
60557,66.91896765,
60558,66.36620742,
60559,64.76597841,
60560,62.56819522,
60561,60.04041127,
60562,59.30598503,
60563,58.01227114,
60564,55.34818687,
60565,53.32324574,
60566,52.03919896,
60567,49.32435752,
60568,47.47253908,
60569,45.75168675,
60570,44.85126444,
60571,42.22551501,
60572,39.68651738,
60573,38.08412919,
60574,36.03647507,
60575,33.88379926,
60576,32.19967767,
60577,31.59250242,
60578,28.89495688,
60579,27.03083193,
60580,26.01124364,
60581,24.6612634,
60582,21.53831731,
60583,20.55236244,
60584,20.20939444,
60585,18.70096205,
60586,16.22056608,
60587,15.06372243,
60588,14.30815709,
60589,12.2091486,
60590,10.18302063,
60591,9.443952834,
60592,8.356311743,
60593,7.921036613,
60594,8.361585427,
60595,8.856284633,
60596,10.25597271,
60597,12.17259535,
60598,12.95320838,
60599,14.3389407,
60600,16.62760988,
60601,19.06559569,
60602,19.54470434,
60603,22.23824427,
60604,25.26990558,
60605,26.16277993,
60606,28.3543665,
60607,31.10126278,
60608,33.0398809,
60609,34.06781855,
60610,36.44725369,
60611,39.18454995,
60612,39.95833731,
60613,42.30231736,
60614,44.97194355,
60615,45.38564331,
60616,46.79956506,
60617,50.68593195,
60618,51.85544917,
60619,52.99563722,
60620,55.82784637,
60621,58.63026222,
60622,59.43849344,
60623,61.44444211,
60624,63.99752275,
60625,65.81089498,
60626,67.34854731,
60627,68.86223443,
60628,71.16493868,
60629,72.14770402,
60630,73.25438246,
60631,76.45324528,
60632,77.69933065,
60633,78.61560183,
60634,80.83976351,
60635,84.0198673,
60636,85.67038741,
60637,87.56935405,
60638,90.01975298,
60639,91.57649369,
60640,92.395913,
60641,94.79107788,
60642,97.12704856,
60643,98.83847689,
60644,99.60853034,
60645,102.635054,
60646,104.8455415,
60647,105.863437,
60648,108.6591019,
60649,111.6469959,
60650,111.8286419,
60651,113.2021878,
60652,116.0539133,
60653,117.3544753,
60654,118.2793761,
60655,120.3087144,
60656,121.8708076,
60657,121.9758027,
60658,123.4175113,
60659,125.5041917,
60660,125.9371111,
60661,127.4252365,
60662,128.9452764,
60663,129.6253629,
60664,130.6051686,
60665,132.5991991,
60666,133.4484755,
60667,134.016329,
60668,135.1560033,
60669,136.6479453,
60670,137.7107441,
60671,138.0192552,
60672,138.3732126,
60673,138.9098837,
60674,139.4744756,
60675,140.1702585,
60676,140.8524107,
60677,142.4465355,
60678,144.424008,
60679,144.7088485,
60680,146.1791812,
60681,147.7250477,
60682,148.6547381,
60683,149.2800195,
60684,152.7862254,
60685,154.6416957,
60686,155.2458627,
60687,156.9369419,
60688,156.9063224,
60689,157.3079073,
60690,158.4166684,
60691,159.0252377,
60692,159.1766267,
60693,159.3750983,
60694,160.0404881,
60695,159.8943821,
60696,159.7972397,
60697,159.7377595,
60698,159.1814218,
60699,158.3282784,
60700,158.0674354,
60701,157.9661414,
60702,157.4085787,
60703,156.4470581,
60704,155.348542,
60705,154.7957023,
60706,154.2122008,
60707,152.5173705,
60708,151.5095149,
60709,151.2518604,
60710,150.0901776,
60711,148.5698812,
60712,147.5264617,
60713,147.2247953,
60714,145.0929063,
60715,144.0926842,
60716,143.7708864,
60717,142.6058534,
60718,141.0932264,
60719,138.8222517,
60720,138.4329925,
60721,137.3214488,
60722,135.6049596,
60723,133.5458278,
60724,131.4945423,
60725,131.0674983,
60726,128.9076724,
60727,126.5172994,
60728,124.7727507,
60729,123.2397785,
60730,120.613334,
60731,118.538248,
60732,118.2056445,
60733,115.8526578,
60734,113.3119955,
60735,111.7432608,
60736,110.9117152,
60737,107.6574123,
60738,105.4523497,
60739,104.7508265,
60740,103.2763967,
60741,99.54846476,
60742,98.35311723,
60743,98.00719139,
60744,95.28876455,
60745,92.72406223,
60746,91.65264202,
60747,90.50890443,
60748,88.01663133,
60749,85.74558246,
60750,84.63216796,
60751,83.97041275,
60752,81.16557129,
60753,78.5206508,
60754,77.63526693,
60755,74.99878438,
60756,71.78373294,
60757,70.5008549,
60758,70.73991754,
60759,68.66711592,
60760,68.36557098,
60761,67.45639066,
60762,66.70322133,
60763,65.83370737,
60764,64.63318383,
60765,63.70467464,
60766,62.91710877,
60767,62.71179984,
60768,62.48281141,
60769,61.53693073,
60770,60.82036039,
60771,60.33762614,
60772,59.95470266,
60773,59.59197423,
60774,59.03634971,
60775,58.92204321,
60776,58.94311334,
60777,59.05074659,
60778,59.30089792,
60779,59.4915111,
60780,59.54113408,
60781,59.86168602,
60782,60.00902415,
60783,60.3084071,
60784,60.57090666,
60785,60.95463398,
60786,61.06121418,
60787,61.22433309,
60788,61.75189809,
60789,61.71977794,
60790,62.17093784,
60791,62.36645426,
60792,62.79813681,
60793,63.41348544,
60794,64.10504676,
60795,63.79534387,
60796,65.1387332,
60797,66.4019891,
60798,66.91227163,
60799,67.44676728,
60800,68.9827237,
60801,69.51277381,
60802,70.21470425,
60803,70.98463391,
60804,72.20415736,
60805,73.83908174,
60806,74.30440378,
60807,75.8222543,
60808,77.79949098,
60809,79.62315536,
60810,80.00732904,
60811,81.25579352,
60812,83.38851823,
60813,84.82062315,
60814,85.53239688,
60815,87.03599353,
60816,89.53205019,
60817,91.28553776,
60818,91.92317099,
60819,93.27075456,
60820,95.75253864,
60821,97.31078072,
60822,97.93504469,
60823,99.4181798,
60824,102.8355804,
60825,104.9288652,
60826,105.878072,
60827,107.4754409,
60828,109.7622776,
60829,111.7441691,
60830,112.199933,
60831,114.1688361,
60832,116.8208277,
60833,118.2240601,
60834,119.2642066,
60835,121.8596781,
60836,123.8113078,
60837,125.1123251,
60838,126.8838134,
60839,130.0322468,
60840,131.3665962,
60841,133.0664552,
60842,136.2169978,
60843,138.174872,
60844,138.8704776,
60845,140.5754239,
60846,142.6545017,
60847,144.3017517,
60848,145.3565489,
60849,146.6202339,
60850,148.5534994,
60851,150.6671079,
60852,151.7866506,
60853,152.7081173,
60854,154.4505041,
60855,157.3196109,
60856,158.4822431,
60857,159.2120019,
60858,160.6958755,
60859,162.8817224,
60860,164.3986718,
60861,164.4776514,
60862,165.3179729,
60863,167.1465545,
60864,168.5780877,
60865,169.4609118,
60866,170.8138039,
60867,172.0483421,
60868,173.2759694,
60869,173.7310635,
60870,173.9508423,
60871,175.0868892,
60872,177.2714264,
60873,178.0383863,
60874,178.8725085,
60875,180.1105579,
60876,181.2488595,
60877,181.7114759,
60878,182.1699163,
60879,183.3888073,
60880,184.2163726,
60881,184.940146,
60882,185.2262931,
60883,185.4527418,
60884,186.2987635,
60885,186.80935,
60886,187.1442653,
60887,187.5498655,
60888,188.0739606,
60889,188.3549472,
60890,188.3624048,
60891,188.5192642,
60892,188.7697989,
60893,188.4546691,
60894,188.5204552,
60895,188.6488833,
60896,188.6134986,
60897,187.917233,
60898,187.577804,
60899,187.1338201,
60900,186.547309,
60901,186.763458,
60902,186.4313197,
60903,186.1585921,
60904,186.0490829,
60905,185.0445884,
60906,184.9068965,
60907,183.9444483,
60908,183.0220573,
60909,182.225588,
60910,182.163824,
60911,181.587821,
60912,180.5305361,
60913,180.0064125,
60914,178.8428498,
60915,177.1190234,
60916,175.8543391,
60917,175.7392323,
60918,174.5706057,
60919,173.0986894,
60920,171.9328194,
60921,171.0367924,
60922,168.9731544,
60923,167.4383673,
60924,167.1798885,
60925,166.286688,
60926,164.2028535,
60927,163.059119,
60928,162.4272245,
60929,160.490179,
60930,158.854315,
60931,158.6265835,
60932,157.4990512,
60933,155.7489949,
60934,154.1768297,
60935,152.9039463,
60936,150.9043057,
60937,149.1066356,
60938,148.7595013,
60939,147.2010468,
60940,145.5274971,
60941,144.3224254,
60942,143.5008265,
60943,140.9235868,
60944,139.3792981,
60945,139.0231235,
60946,137.9216705,
60947,136.2223846,
60948,134.7548439,
60949,133.7666022,
60950,131.7521251,
60951,129.8412342,
60952,129.587207,
60953,128.2465212,
60954,126.6268224,
60955,125.1786779,
60956,124.1167218,
60957,122.4824808,
60958,120.0554414,
60959,119.1035677,
60960,118.9192832,
60961,117.0016668,
60962,114.9993581,
60963,113.5955121,
60964,113.001294,
60965,111.1071593,
60966,108.2797213,
60967,107.5027625,
60968,106.3651327,
60969,103.803909,
60970,101.6396794,
60971,100.9483695,
60972,99.04966068,
60973,96.78622802,
60974,95.69966477,
60975,94.9509602,
60976,92.473394,
60977,90.21470974,
60978,88.45541323,
60979,87.88418527,
60980,85.83408301,
60981,84.16252239,
60982,82.63880652,
60983,81.95804303,
60984,81.39945783,
60985,79.88829108,
60986,78.66599866,
60987,77.66525755,
60988,77.94742466,
60989,76.68674072,
60990,74.32459819,
60991,73.55523664,
60992,73.23432414,
60993,72.31991548,
60994,70.96371195,
60995,69.4637062,
60996,69.17774708,
60997,68.15844925,
60998,66.83345604,
60999,65.85993018,
61000,65.46846613,
61001,63.80060561,
61002,62.81347676,
61003,62.20534399,
61004,61.90949433,
61005,60.80943254,
61006,59.89116393,
61007,59.68515302,
61008,59.01806915,
61009,58.003152,
61010,57.64147619,
61011,57.1791278,
61012,56.44127145,
61013,56.13953648,
61014,55.97861576,
61015,55.58995856,
61016,55.85210303,
61017,56.17438834,
61018,57.00471944,
61019,57.61583816,
61020,58.04062995,
61021,58.74382286,
61022,59.65393855,
61023,60.87674548,
61024,61.27022411,
61025,62.48208346,
61026,63.89039418,
61027,65.31225565,
61028,66.03465179,
61029,67.41984681,
61030,68.25100088,
61031,69.77635509,
61032,70.36848222,
61033,71.77466809,
61034,74.32076026,
61035,76.31947102,
61036,77.27875292,
61037,78.37519695,
61038,80.86538072,
61039,83.11092982,
61040,83.59273851,
61041,84.76834184,
61042,86.82400027,
61043,89.22911161,
61044,90.12328623,
61045,91.94657725,
61046,93.97080285,
61047,95.33095866,
61048,96.10423082,
61049,97.11697646,
61050,99.14741406,
61051,101.3787979,
61052,101.7988241,
61053,103.4814001,
61054,104.7339141,
61055,105.9938258,
61056,106.3573896,
61057,106.9986835,
61058,108.6539102,
61059,110.9328842,
61060,112.1444316,
61061,113.1323541,
61062,115.5628378,
61063,117.9524582,
61064,118.5420287,
61065,119.9228283,
61066,122.6367083,
61067,123.6009659,
61068,124.2115297,
61069,126.6168834,
61070,128.8913942,
61071,130.0314241,
61072,130.071459,
61073,131.508296,
61074,133.9364262,
61075,134.2828702,
61076,134.8468178,
61077,136.3375037,
61078,137.6931059,
61079,137.9268367,
61080,138.0482805,
61081,138.8948502,
61082,139.8644386,
61083,141.0985458,
61084,141.7843183,
61085,143.3660149,
61086,144.7538093,
61087,145.3075114,
61088,145.2436843,
61089,146.3510187,
61090,148.1876083,
61091,149.1543823,
61092,150.3273062,
61093,152.1963734,
61094,153.6151931,
61095,154.0093659,
61096,155.4659024,
61097,157.6818152,
61098,158.3830048,
61099,159.425569,
61100,161.3928592,
61101,162.9197369,
61102,163.4045529,
61103,164.1795023,
61104,164.9694222,
61105,165.7053652,
61106,166.3572409,
61107,166.8409275,
61108,167.919809,
61109,168.4667313,
61110,168.6090684,
61111,169.0707168,
61112,169.5402756,
61113,169.7271979,
61114,169.3771604,
61115,169.2105549,
61116,169.2558179,
61117,169.6119818,
61118,169.0683228,
61119,168.8840331,
61120,168.3833621,
61121,168.344704,
61122,167.6670858,
61123,167.0097431,
61124,166.2292266,
61125,165.8459403,
61126,165.0587584,
61127,164.0067776,
61128,163.4479952,
61129,163.6952656,
61130,162.7769521,
61131,161.2195032,
61132,160.596791,
61133,159.9949124,
61134,159.3588904,
61135,157.6990575,
61136,156.2915426,
61137,155.9941957,
61138,155.3187307,
61139,154.0072576,
61140,152.3640412,
61141,151.8517194,
61142,151.2556626,
61143,149.5186547,
61144,147.7134769,
61145,147.3255836,
61146,146.8787429,
61147,145.9451588,
61148,144.2081781,
61149,142.7281218,
61150,142.2386825,
61151,140.4558963,
61152,138.1691633,
61153,137.3520945,
61154,136.3956146,
61155,134.8698427,
61156,133.1920683,
61157,131.7592998,
61158,131.3605032,
61159,129.0384426,
61160,126.7226208,
61161,125.7175942,
61162,125.0321494,
61163,122.4943677,
61164,120.2914435,
61165,120.0958493,
61166,117.7994839,
61167,115.5073373,
61168,114.7328481,
61169,114.331223,
61170,112.5778879,
61171,110.4965613,
61172,108.7768331,
61173,107.6323386,
61174,105.2870916,
61175,103.9438111,
61176,103.6915769,
61177,102.9127988,
61178,101.2029367,
61179,100.0593421,
61180,98.80663063,
61181,97.22604366,
61182,95.611376,
61183,95.55592694,
61184,94.93261944,
61185,92.89865695,
61186,91.95195722,
61187,91.79980971,
61188,90.42709266,
61189,89.09203901,
61190,87.86569708,
61191,87.56138472,
61192,86.72915699,
61193,85.68152332,
61194,84.15266282,
61195,83.72138912,
61196,82.89493326,
61197,80.97202461,
61198,79.58550775,
61199,78.74019382,
61200,78.41469188,
61201,76.66599576,
61202,74.79269606,
61203,74.36486714,
61204,73.05800071,
61205,71.54762342,
61206,70.3434437,
61207,70.23986019,
61208,69.70031757,
61209,68.71780232,
61210,67.57426046,
61211,66.85093861,
61212,65.52146323,
61213,64.14095382,
61214,62.46991266,
61215,61.71633021,
61216,61.3361901,
61217,59.22907545,
61218,57.9323626,
61219,57.35836943,
61220,56.2735192,
61221,54.19685753,
61222,53.41337822,
61223,52.27577039,
61224,51.23837145,
61225,50.0275868,
61226,49.1382523,
61227,47.89431725,
61228,45.90708727,
61229,44.57477804,
61230,43.85710325,
61231,43.23460115,
61232,41.14386422,
61233,38.98318362,
61234,37.10631521,
61235,36.89184728,
61236,35.75371549,
61237,32.88366194,
61238,31.30362492,
61239,30.33851061,
61240,27.95608296,
61241,25.73350696,
61242,23.54380282,
61243,22.41015246,
61244,19.67960477,
61245,16.74400113,
61246,16.63218896,
61247,15.88493496,
61248,13.78731945,
61249,11.34535335,
61250,10.83872796,
61251,8.965496292,
61252,7.633057138,
61253,5.807150076,
61254,4.170023891,
61255,3.942467559,
61256,2.225010048,
61257,0.5552720463,
61258,1.952698223,
61259,2.828695787,
61260,2.862302064,
61261,6.388458598,
61262,8.564951048,
61263,9.866019409,
61264,10.32876625,
61265,11.99819218,
61266,13.74865475,
61267,14.26933947,
61268,15.26567712,
61269,15.63992153,
61270,17.16420822,
61271,18.57364547,
61272,19.22365955,
61273,20.02327382,
61274,21.7248005,
61275,22.73498781,
61276,23.74664768,
61277,24.8363697,
61278,25.99173854,
61279,27.80417461,
61280,27.80492015,
61281,28.73506591,
61282,30.1594329,
61283,32.4068047,
61284,32.92028798,
61285,33.93532283,
61286,36.42754056,
61287,38.2886705,
61288,39.07007141,
61289,40.50893372,
61290,42.1237691,
61291,43.95007446,
61292,44.43867389,
61293,45.9979593,
61294,48.4981313,
61295,49.88035531,
61296,50.75480538,
61297,52.34832181,
61298,55.80168774,
61299,56.79821043,
61300,57.98308649,
61301,59.74239356,
61302,61.4267733,
61303,62.40901967,
61304,63.81137309,
61305,65.50367331,
61306,67.27544619,
61307,67.93222733,
61308,69.05728687,
61309,71.34723155,
61310,73.11821449,
61311,73.5202228,
61312,75.11874063,
61313,77.12282923,
61314,79.01870176,
61315,79.71828646,
61316,82.10974688,
61317,84.5912262,
61318,85.61836115,
61319,86.98689766,
61320,89.34960207,
61321,90.78200682,
61322,91.54120602,
61323,93.1761184,
61324,96.1592529,
61325,96.75157911,
61326,98.40703737,
61327,100.7627955,
61328,102.1638723,
61329,102.701486,
61330,104.5281745,
61331,107.3276864,
61332,108.4315967,
61333,109.6835438,
61334,111.6238887,
61335,113.5783709,
61336,114.1082547,
61337,116.0616133,
61338,118.579316,
61339,119.5438013,
61340,121.2501396,
61341,123.0495118,
61342,124.3790659,
61343,124.7324278,
61344,126.590955,
61345,128.274477,
61346,128.8475568,
61347,130.2157255,
61348,131.4026994,
61349,132.3304396,
61350,132.9439783,
61351,132.5387958,
61352,134.1661902,
61353,136.1054844,
61354,136.8023775,
61355,137.8145655,
61356,138.8637279,
61357,139.2578117,
61358,139.1911603,
61359,140.0269359,
61360,141.4158636,
61361,141.5440606,
61362,142.5465294,
61363,143.0611345,
61364,144.5912323,
61365,144.7076379,
61366,145.3335539,
61367,146.3070698,
61368,146.5473336,
61369,146.6084455,
61370,146.9841875,
61371,147.0642174,
61372,147.0418425,
61373,146.56915,
61374,146.6660895,
61375,146.6611804,
61376,146.4370397,
61377,146.1853066,
61378,145.3486003,
61379,145.0532356,
61380,144.7560046,
61381,144.196068,
61382,143.4964759,
61383,143.1490752,
61384,143.1717983,
61385,142.46627,
61386,141.6563515,
61387,140.8094767,
61388,140.0411766,
61389,138.8044176,
61390,138.0194292,
61391,138.0861664,
61392,137.8817523,
61393,136.7127179,
61394,135.7408443,
61395,134.7956397,
61396,133.6135557,
61397,132.1517949,
61398,131.377746,
61399,130.732056,
61400,129.5358788,
61401,127.7662797,
61402,126.4294816,
61403,125.9525482,
61404,124.417904,
61405,121.8211814,
61406,120.8612792,
61407,120.1307963,
61408,118.5010905,
61409,116.5895242,
61410,114.4533669,
61411,114.0082126,
61412,112.0401019,
61413,109.6100361,
61414,108.6292421,
61415,107.8571031,
61416,105.5055368,
61417,103.6087388,
61418,102.2677049,
61419,100.6549492,
61420,98.4111509,
61421,95.71737445,
61422,94.96621933,
61423,94.11076966,
61424,91.65194711,
61425,89.6859515,
61426,88.94490652,
61427,87.02772399,
61428,84.95516277,
61429,82.80914392,
61430,82.52163681,
61431,81.24370905,
61432,79.52363602,
61433,77.48556356,
61434,76.63554812,
61435,75.22358947,
61436,72.20319357,
61437,69.94691774,
61438,68.90722371,
61439,67.82141247,
61440,65.47152077,
61441,62.33673056,
61442,62.01257124,
61443,60.44707137,
61444,57.76591284,
61445,56.09590933,
61446,55.66416966,
61447,55.25028434,
61448,54.36096074,
61449,52.33127866,
61450,52.11454226,
61451,51.64613584,
61452,51.0763289,
61453,49.36599663,
61454,47.96285207,
61455,47.86760696,
61456,47.15546139,
61457,46.35429647,
61458,45.05885952,
61459,44.50714995,
61460,44.07151851,
61461,43.0753619,
61462,41.38916999,
61463,40.86679322,
61464,39.99085215,
61465,38.73943739,
61466,38.2568547,
61467,38.35334734,
61468,37.96147457,
61469,37.64783687,
61470,37.08447621,
61471,36.98101842,
61472,36.3932359,
61473,36.11487655,
61474,36.179251,
61475,36.26046015,
61476,36.15840998,
61477,37.01822808,
61478,37.4138579,
61479,37.57461031,
61480,38.91987019,
61481,40.44105933,
61482,40.61101366,
61483,41.50971386,
61484,42.6995851,
61485,45.19348803,
61486,45.68555445,
61487,46.61306564,
61488,49.18785401,
61489,50.82314172,
61490,52.1957034,
61491,53.79724843,
61492,57.3272777,
61493,58.79163898,
61494,59.69312609,
61495,62.13106497,
61496,65.07289127,
61497,66.25468161,
61498,67.86628934,
61499,70.51259943,
61500,73.47587425,
61501,73.78259483,
61502,75.52292015,
61503,78.18048867,
61504,79.95596697,
61505,80.03398128,
61506,81.81757281,
61507,84.1830631,
61508,86.26286864,
61509,86.84048833,
61510,88.28404091,
61511,90.56422934,
61512,92.56783949,
61513,93.25305598,
61514,94.7916899,
61515,96.24158347,
61516,97.34472117,
61517,98.34657291,
61518,99.4690491,
61519,100.5834846,
61520,101.3249002,
61521,101.4193058,
61522,102.4734235,
61523,104.6488267,
61524,105.4851497,
61525,106.2098049,
61526,108.2013849,
61527,110.030399,
61528,110.5319938,
61529,111.2165814,
61530,113.3991282,
61531,114.5870926,
61532,114.9056234,
61533,116.1114867,
61534,117.5401574,
61535,118.2829847,
61536,119.1649562,
61537,119.5470762,
61538,120.4981153,
61539,121.1975382,
61540,121.9611793,
61541,122.7591808,
61542,124.3315162,
61543,125.9223801,
61544,126.4813946,
61545,126.627397,
61546,127.9721632,
61547,129.4536489,
61548,130.0459574,
61549,130.6039424,
61550,131.5515308,
61551,132.9103681,
61552,133.6037542,
61553,133.6912809,
61554,134.8791896,
61555,135.911685,
61556,136.0887752,
61557,136.8192805,
61558,137.4387769,
61559,137.7700328,
61560,137.8403058,
61561,139.0721463,
61562,140.2584643,
61563,141.1497497,
61564,142.4789821,
61565,143.3372578,
61566,143.4485209,
61567,143.4621046,
61568,144.6771867,
61569,145.7679938,
61570,146.2543958,
61571,146.4599449,
61572,147.2683186,
61573,147.4857019,
61574,147.2197015,
61575,147.6169939,
61576,147.8646632,
61577,148.0628139,
61578,148.3554846,
61579,149.0083751,
61580,149.1959944,
61581,149.2150451,
61582,149.2280403,
61583,149.9070672,
61584,150.2862746,
61585,151.0368919,
61586,151.7276106,
61587,151.970882,
61588,152.021004,
61589,152.8241766,
61590,153.3408091,
61591,153.5987902,
61592,154.1333302,
61593,154.5190407,
61594,154.7341964,
61595,154.8059228,
61596,154.4866307,
61597,154.6352303,
61598,155.0934788,
61599,155.2012981,
61600,154.9910162,
61601,154.6275739,
61602,154.461896,
61603,154.019736,
61604,153.6200143,
61605,153.5128808,
61606,153.1462816,
61607,152.5135624,
61608,151.6193341,
61609,150.7430842,
61610,150.724506,
61611,149.7155168,
61612,148.307727,
61613,146.9430141,
61614,146.4050636,
61615,145.6272399,
61616,145.1223572,
61617,143.9975333,
61618,142.9357797,
61619,142.4780626,
61620,141.6969189,
61621,139.7550145,
61622,138.1040012,
61623,137.8081645,
61624,137.0062196,
61625,135.4003859,
61626,133.5602535,
61627,132.6858845,
61628,130.7469031,
61629,128.2989845,
61630,126.7726259,
61631,126.5181673,
61632,125.6885028,
61633,123.4752713,
61634,121.6403041,
61635,121.4794153,
61636,119.735389,
61637,117.0381622,
61638,115.8560538,
61639,114.8211021,
61640,112.5043377,
61641,110.6890956,
61642,110.1214418,
61643,108.340219,
61644,105.9095608,
61645,105.3453972,
61646,104.476507,
61647,102.6026823,
61648,100.9415575,
61649,100.7577639,
61650,98.82538435,
61651,97.26621076,
61652,95.83694077,
61653,95.47710158,
61654,95.22646357,
61655,93.42586682,
61656,91.9727398,
61657,91.32361467,
61658,90.36889347,
61659,88.92072771,
61660,87.31422734,
61661,86.87495169,
61662,86.3334696,
61663,85.08262824,
61664,83.79854687,
61665,82.21042124,
61666,82.12125589,
61667,80.75517791,
61668,78.04875328,
61669,77.40494736,
61670,76.95671645,
61671,75.22885262,
61672,74.12677522,
61673,72.87018094,
61674,72.50431896,
61675,70.89613982,
61676,69.54688555,
61677,67.95245314,
61678,66.93665866,
61679,66.26966716,
61680,65.09321653,
61681,64.74045457,
61682,64.86056094,
61683,65.02497221,
61684,64.03751539,
61685,63.35755506,
61686,62.91447163,
61687,62.76336714,
61688,62.47601358,
61689,61.5005795,
61690,61.05148576,
61691,61.11097775,
61692,58.55013971,
61693,57.13271685,
61694,56.61265293,
61695,55.70984579,
61696,55.61081147,
61697,54.08151738,
61698,51.94855115,
61699,50.20310273,
61700,49.23995176,
61701,49.0809653,
61702,46.64148924,
61703,43.33684754,
61704,43.01802717,
61705,41.39098266,
61706,38.66113812,
61707,36.05589918,
61708,34.7927376,
61709,33.79937146,
61710,32.09275067,
61711,31.27717104,
61712,30.6166531,
61713,29.63073889,
61714,29.14705141,
61715,28.04997195,
61716,27.2682768,
61717,27.1341772,
61718,26.50965988,
61719,25.69380052,
61720,25.09787951,
61721,25.25042619,
61722,25.46633633,
61723,25.66273856,
61724,26.20569893,
61725,26.51352918,
61726,26.97381531,
61727,28.1059196,
61728,29.1023136,
61729,29.62289975,
61730,30.11828236,
61731,31.45577013,
61732,32.65222418,
61733,33.32307202,
61734,33.87171257,
61735,35.81964337,
61736,37.73734845,
61737,38.84993191,
61738,39.62064358,
61739,41.54043888,
61740,43.31242319,
61741,43.99231183,
61742,45.32795752,
61743,46.73601184,
61744,48.79538276,
61745,50.16913529,
61746,50.60748573,
61747,51.77308574,
61748,53.93800829,
61749,55.40184247,
61750,56.28979353,
61751,57.93918957,
61752,60.318691,
61753,62.74077358,
61754,62.77613128,
61755,64.20973022,
61756,66.79282336,
61757,69.20082274,
61758,68.70053798,
61759,71.31630709,
61760,73.80152416,
61761,75.73732795,
61762,76.65526945,
61763,78.21965628,
61764,81.01832112,
61765,82.82497999,
61766,83.66404503,
61767,84.99954886,
61768,87.37781243,
61769,89.0902906,
61770,89.97280166,
61771,91.62134364,
61772,93.80908719,
61773,94.73976032,
61774,95.19730123,
61775,97.54597471,
61776,99.3218451,
61777,100.6216868,
61778,100.7589384,
61779,103.6937531,
61780,105.4811743,
61781,107.3018819,
61782,108.2648242,
61783,111.3004917,
61784,114.1750898,
61785,114.8967716,
61786,116.7761871,
61787,119.180278,
61788,120.5658094,
61789,121.9903242,
61790,123.1474258,
61791,125.6313131,
61792,127.2085099,
61793,127.8657579,
61794,128.7042622,
61795,129.8937286,
61796,131.3419184,
61797,132.6736194,
61798,132.8586049,
61799,134.399182,
61800,135.3478018,
61801,135.4515643,
61802,135.4566951,
61803,135.2173533,
61804,135.1960779,
61805,135.3542582,
61806,135.168286,
61807,135.361269,
61808,135.1651602,
61809,135.0553193,
61810,134.5870361,
61811,134.2441957,
61812,134.107113,
61813,134.128765,
61814,134.5154021,
61815,134.9095111,
61816,134.6605813,
61817,134.8048759,
61818,134.2413034,
61819,134.0630691,
61820,133.9403738,
61821,133.8839258,
61822,134.2524289,
61823,134.2985247,
61824,134.6187044,
61825,134.9821702,
61826,135.4496996,
61827,135.7430795,
61828,136.0887172,
61829,137.2067922,
61830,138.0776887,
61831,138.5651786,
61832,139.0281662,
61833,139.8973476,
61834,140.9269198,
61835,141.6099926,
61836,142.5247779,
61837,144.0623502,
61838,145.5578561,
61839,145.965888,
61840,147.2770481,
61841,148.6093678,
61842,150.040457,
61843,150.4931301,
61844,151.889796,
61845,153.5137744,
61846,154.7580911,
61847,155.345409,
61848,155.8244051,
61849,157.392525,
61850,159.5829938,
61851,159.9697806,
61852,160.9993731,
61853,163.3005633,
61854,163.8148594,
61855,164.5886128,
61856,165.7089219,
61857,167.2108358,
61858,168.3871414,
61859,168.8634577,
61860,168.9991007,
61861,170.4480663,
61862,170.9165444,
61863,171.1993797,
61864,170.8974628,
61865,171.1823676,
61866,171.2202658,
61867,171.4965958,
61868,171.5474401,
61869,171.5249798,
61870,171.5627405,
61871,171.9795708,
61872,171.6225967,
61873,171.7460082,
61874,172.3354622,
61875,172.5736062,
61876,172.263534,
61877,172.0514755,
61878,171.5268762,
61879,171.0464761,
61880,170.5820583,
61881,169.4819129,
61882,168.5118803,
61883,167.5921461,
61884,167.3732423,
61885,166.7126923,
61886,165.8733818,
61887,164.9161582,
61888,163.8653524,
61889,163.5881276,
61890,162.1994322,
61891,161.3057189,
61892,160.6253504,
61893,160.0352222,
61894,159.166426,
61895,158.4309941,
61896,157.9975212,
61897,157.5056183,
61898,157.3308205,
61899,156.8818231,
61900,155.8427543,
61901,154.0624239,
61902,153.158882,
61903,152.6136937,
61904,150.2204042,
61905,148.7165869,
61906,147.8695395,
61907,147.4265342,
61908,145.554609,
61909,143.0919043,
61910,142.3731805,
61911,141.5223504,
61912,139.4667222,
61913,137.3035554,
61914,135.959169,
61915,135.0872179,
61916,132.8803769,
61917,130.8232783,
61918,129.7352008,
61919,129.3710134,
61920,128.2270741,
61921,125.6457592,
61922,124.0739718,
61923,122.5326549,
61924,121.7109187,
61925,119.5412851,
61926,117.1106562,
61927,115.4516913,
61928,114.9085717,
61929,112.6266663,
61930,110.2491065,
61931,109.0726394,
61932,108.0104831,
61933,105.3504476,
61934,103.3086595,
61935,101.9756699,
61936,101.8169022,
61937,99.84336431,
61938,97.81284765,
61939,95.94781561,
61940,94.72098879,
61941,91.55836768,
61942,89.50311871,
61943,89.13993819,
61944,88.48099445,
61945,85.66626479,
61946,83.74768259,
61947,83.69641091,
61948,82.60804355,
61949,81.61791878,
61950,79.40377061,
61951,78.17816269,
61952,77.72158961,
61953,75.42626665,
61954,73.06909115,
61955,71.75563721,
61956,70.68881049,
61957,68.74969859,
61958,66.17947008,
61959,64.86507242,
61960,64.16991073,
61961,63.02079758,
61962,60.06084572,
61963,57.57990487,
61964,57.35229518,
61965,55.58607359,
61966,53.20850377,
61967,52.35844455,
61968,52.27539555,
61969,50.0783421,
61970,48.87499705,
61971,48.15679164,
61972,47.91890142,
61973,47.09296898,
61974,45.84014447,
61975,45.4237383,
61976,45.03868469,
61977,44.47862947,
61978,43.84134091,
61979,43.12410923,
61980,43.24296799,
61981,42.80180317,
61982,41.61192475,
61983,41.19082608,
61984,41.25819484,
61985,41.50783709,
61986,41.93047321,
61987,42.36383072,
61988,42.96010623,
61989,44.31496395,
61990,45.05636115,
61991,46.15049893,
61992,46.67521194,
61993,48.01928792,
61994,49.30947959,
61995,50.05182892,
61996,50.68050125,
61997,53.24608844,
61998,54.91343387,
61999,55.6143154,
62000,57.18281161,
62001,59.42845531,
62002,61.27398114,
62003,62.35121424,
62004,64.93866815,
62005,67.29941403,
62006,68.14229682,
62007,69.66474129,
62008,72.19192506,
62009,74.05027581,
62010,74.43977027,
62011,76.94264959,
62012,79.79771737,
62013,80.16273893,
62014,82.036024,
62015,83.49077655,
62016,84.94061366,
62017,86.41723801,
62018,87.26392825,
62019,88.76421141,
62020,91.97875007,
62021,92.79225801,
62022,93.81936879,
62023,95.03931061,
62024,95.6133672,
62025,97.00373225,
62026,98.07641082,
62027,98.26795922,
62028,99.4216128,
62029,101.2675266,
62030,102.5555173,
62031,103.0281629,
62032,104.5138706,
62033,105.8232351,
62034,106.9761644,
62035,107.2169893,
62036,108.0938667,
62037,109.6814717,
62038,110.6599192,
62039,111.4231668,
62040,112.5887808,
62041,113.3602989,
62042,113.5001172,
62043,113.5405737,
62044,114.0227347,
62045,114.3879925,
62046,114.2707331,
62047,114.2947028,
62048,114.4273567,
62049,114.3472802,
62050,114.3054404,
62051,114.6578532,
62052,115.0133465,
62053,115.8529163,
62054,116.4576326,
62055,116.7438132,
62056,116.5699532,
62057,116.6045986,
62058,117.8648287,
62059,118.3178389,
62060,119.4510842,
62061,120.3639267,
62062,120.4949787,
62063,121.7956837,
62064,123.3046121,
62065,124.108592,
62066,124.9884776,
62067,124.9787037,
62068,124.5372341,
62069,124.5456461,
62070,124.9906917,
62071,126.0375319,
62072,126.9079124,
62073,127.2433373,
62074,127.5383288,
62075,126.9637259,
62076,127.0161155,
62077,126.6571768,
62078,126.0684889,
62079,125.997298,
62080,125.147737,
62081,124.6921843,
62082,125.5220704,
62083,124.6851254,
62084,124.4952937,
62085,124.8269349,
62086,124.4966299,
62087,125.1244159,
62088,124.8910915,
62089,125.4784909,
62090,125.0183103,
62091,124.6463844,
62092,124.4345232,
62093,124.0593516,
62094,123.93347,
62095,123.5955151,
62096,124.1130837,
62097,123.6874527,
62098,123.1821577,
62099,122.4030251,
62100,121.8746191,
62101,121.6654531,
62102,121.1274364,
62103,121.149999,
62104,120.8590029,
62105,121.0934739,
62106,120.6623466,
62107,120.938504,
62108,120.6249503,
62109,120.2192659,
62110,119.8705802,
62111,119.6473015,
62112,119.3670018,
62113,118.9941175,
62114,118.8660723,
62115,118.7984774,
62116,118.8209312,
62117,118.7852658,
62118,118.7602247,
62119,118.8685126,
62120,118.9659569,
62121,119.2499808,
62122,119.3328548,
62123,119.1536659,
62124,118.8555865,
62125,118.7449608,
62126,118.5850655,
62127,118.5372118,
62128,118.4816214,
62129,118.4429168,
62130,118.4495572,
62131,118.0627762,
62132,117.9779836,
62133,117.8062645,
62134,117.7059287,
62135,117.5425648,
62136,117.7017798,
62137,117.8337378,
62138,118.2448488,
62139,118.2110494,
62140,118.3874504,
62141,118.3937637,
62142,118.2152659,
62143,118.1578698,
62144,117.5643372,
62145,117.5649454,
62146,117.1159373,
62147,116.2701091,
62148,115.7271304,
62149,114.9654867,
62150,114.8083514,
62151,114.6085026,
62152,113.4397714,
62153,113.3633112,
62154,112.7416354,
62155,111.8532946,
62156,111.4298516,
62157,110.9817038,
62158,110.3489851,
62159,110.3504127,
62160,111.4169464,
62161,111.7766498,
62162,111.366787,
62163,110.7017541,
62164,109.9947146,
62165,109.2763145,
62166,109.062881,
62167,109.2919345,
62168,109.129066,
62169,109.0474089,
62170,108.6801538,
62171,107.9900645,
62172,106.6797323,
62173,106.5742231,
62174,104.5584284,
62175,103.3136126,
62176,102.925182,
62177,102.0948824,
62178,100.7710064,
62179,100.0667401,
62180,99.11824458,
62181,98.68217986,
62182,98.20845379,
62183,96.48289291,
62184,95.53774441,
62185,94.48447815,
62186,93.50792748,
62187,91.83470698,
62188,90.67861904,
62189,88.2200209,
62190,87.75680695,
62191,86.54310363,
62192,85.47214923,
62193,83.66536784,
62194,82.15916265,
62195,81.22512775,
62196,79.92212611,
62197,78.26977203,
62198,76.30482697,
62199,75.62846392,
62200,74.3482971,
62201,73.16609619,
62202,72.13648755,
62203,70.54202793,
62204,70.2584048,
62205,69.80072889,
62206,68.7760215,
62207,67.73420569,
62208,66.42122117,
62209,65.09977551,
62210,63.82724679,
62211,63.59294529,
62212,62.51421908,
62213,61.17242125,
62214,58.84827943,
62215,58.02811782,
62216,57.67340724,
62217,55.7216368,
62218,53.72767462,
62219,52.20961595,
62220,52.11913851,
62221,51.83269124,
62222,51.17285458,
62223,50.51764356,
62224,50.14151384,
62225,49.75338104,
62226,49.36805742,
62227,49.01473065,
62228,48.37149954,
62229,48.24983471,
62230,48.10963469,
62231,48.33671088,
62232,48.3587386,
62233,48.02816863,
62234,48.16688302,
62235,47.34721977,
62236,47.38882091,
62237,47.00457546,
62238,46.69229926,
62239,46.07811869,
62240,46.00662897,
62241,45.86941287,
62242,45.21175639,
62243,44.73863195,
62244,44.18886203,
62245,43.90252353,
62246,43.46724616,
62247,42.81418545,
62248,42.31477706,
62249,42.08612738,
62250,41.87207515,
62251,41.52444653,
62252,41.57246292,
62253,41.65842317,
62254,41.84041881,
62255,42.11881361,
62256,42.393147,
62257,42.6884331,
62258,43.00033034,
62259,43.38835661,
62260,43.65599481,
62261,44.04302528,
62262,44.42524852,
62263,44.77182136,
62264,45.19577037,
62265,45.6713851,
62266,45.94956601,
62267,46.11367152,
62268,46.13566566,
62269,46.51862541,
62270,47.27825223,
62271,47.36906455,
62272,47.03790762,
62273,47.81416881,
62274,48.16236349,
62275,48.70384871,
62276,49.16699399,
62277,49.22244465,
62278,50.07655611,
62279,50.51317305,
62280,50.40267496,
62281,50.97672065,
62282,50.81113795,
62283,51.87531679,
62284,51.62523743,
62285,51.10447339,
62286,51.31034059,
62287,51.79525504,
62288,52.75368017,
62289,52.88774441,
62290,53.25442536,
62291,53.89657039,
62292,54.5600683,
62293,55.53258541,
62294,55.84841495,
62295,56.75712316,
62296,57.46958147,
62297,57.86186734,
62298,58.23247537,
62299,59.03807299,
62300,60.339985,
62301,61.80863079,
62302,63.27245783,
62303,64.02831404,
62304,64.98689502,
62305,66.82376026,
62306,68.36549827,
62307,69.09875836,
62308,69.64225622,
62309,70.82896697,
62310,72.54964952,
62311,74.51590109,
62312,75.47331549,
62313,76.09098414,
62314,77.15117672,
62315,79.01044809,
62316,80.34875777,
62317,80.82333295,
62318,81.42426262,
62319,81.34656377,
62320,82.01188141,
62321,83.54045847,
62322,84.63440361,
62323,85.02792249,
62324,84.94960309,
62325,85.22517129,
62326,85.13053267,
62327,85.52369483,
62328,86.33023855,
62329,86.40786649,
62330,86.27404194,
62331,86.55689481,
62332,87.14324229,
62333,87.97429712,
62334,88.51397622,
62335,88.87548191,
62336,89.65817443,
62337,89.99982569,
62338,90.43237271,
62339,91.76829629,
62340,92.72129902,
62341,92.82031322,
62342,93.49882508,
62343,93.77847256,
62344,95.03767195,
62345,95.97179815,
62346,96.13124383,
62347,96.95590618,
62348,97.95196098,
62349,99.15854599,
62350,100.0255815,
62351,100.2566114,
62352,101.991496,
62353,103.9993317,
62354,105.648737,
62355,105.9235426,
62356,107.0459612,
62357,109.0474464,
62358,110.9190735,
62359,111.2502814,
62360,112.9851397,
62361,114.832306,
62362,116.1942013,
62363,116.8287104,
62364,118.5125949,
62365,120.5715558,
62366,121.832071,
62367,122.2047851,
62368,124.118883,
62369,126.6511002,
62370,127.586461,
62371,128.0889252,
62372,130.6679166,
62373,132.423886,
62374,133.2404299,
62375,134.0325137,
62376,135.3731188,
62377,136.2625066,
62378,137.6304868,
62379,138.3996112,
62380,138.8689814,
62381,138.7188659,
62382,138.5966331,
62383,138.1852461,
62384,137.6172447,
62385,137.6935532,
62386,137.249489,
62387,136.3143755,
62388,135.1809728,
62389,135.2577636,
62390,134.2953261,
62391,133.6575154,
62392,132.8223755,
62393,132.5059665,
62394,131.5928118,
62395,131.4557897,
62396,130.7316544,
62397,130.4209154,
62398,130.0625738,
62399,129.6080358,
62400,129.5886519,
62401,128.847147,
62402,128.089374,
62403,127.3028372,
62404,126.8254237,
62405,126.410788,
62406,126.232772,
62407,125.7006655,
62408,125.4338369,
62409,125.2961466,
62410,125.360007,
62411,125.2984108,
62412,125.3968808,
62413,124.7631473,
62414,123.7807764,
62415,123.6121889,
62416,123.3652506,
62417,123.3302263,
62418,122.6644589,
62419,122.2189742,
62420,121.7592801,
62421,121.0349642,
62422,120.861222,
62423,120.6260228,
62424,120.4380096,
62425,119.5764076,
62426,119.3976135,
62427,118.2159983,
62428,117.2800297,
62429,116.4044784,
62430,115.8985013,
62431,114.6615878,
62432,113.2285418,
62433,112.5839802,
62434,112.6612447,
62435,111.7265996,
62436,110.8864792,
62437,109.6902598,
62438,108.6628476,
62439,107.9338386,
62440,107.5978294,
62441,105.7447471,
62442,104.1337324,
62443,103.094074,
62444,102.3048418,
62445,102.2669951,
62446,101.0212204,
62447,99.45241783,
62448,99.76740073,
62449,100.3854698,
62450,100.0713769,
62451,100.5992269,
62452,99.65022724,
62453,99.02867745,
62454,99.71376529,
62455,98.86580306,
62456,98.29521229,
62457,98.56236632,
62458,98.28462222,
62459,98.91553064,
62460,98.06346521,
62461,98.71371812,
62462,98.67670114,
62463,98.44999564,
62464,98.79933763,
62465,99.01098445,
62466,98.91450548,
62467,99.44531526,
62468,100.1283403,
62469,100.6308571,
62470,101.1307116,
62471,101.4670266,
62472,102.0468447,
62473,102.6799016,
62474,102.9458366,
62475,103.1667184,
62476,103.4579439,
62477,103.5673277,
62478,103.7021392,
62479,103.7270456,
62480,103.6072422,
62481,103.6955891,
62482,104.046245,
62483,105.1319168,
62484,105.8727672,
62485,106.5399728,
62486,106.8559696,
62487,107.5072702,
62488,107.8603418,
62489,108.2370958,
62490,108.9884327,
62491,109.7544973,
62492,109.9916784,
62493,110.856886,
62494,112.1476802,
62495,112.7923981,
62496,113.3634396,
62497,113.8387713,
62498,114.7956177,
62499,116.8226299,
62500,117.566107,
62501,118.6325185,
62502,119.3222316,
62503,120.9096196,
62504,122.7260417,
62505,123.9474293,
62506,124.3546232,
62507,125.0559504,
62508,126.8663092,
62509,128.1148224,
62510,128.7408906,
62511,129.0994879,
62512,129.566982,
62513,131.1065626,
62514,131.3105345,
62515,131.6443461,
62516,131.4242744,
62517,132.6337127,
62518,133.3546916,
62519,133.360134,
62520,134.1494052,
62521,134.5108578,
62522,134.4565443,
62523,134.2156861,
62524,134.4421281,
62525,134.8378094,
62526,135.5590085,
62527,136.5425189,
62528,137.0862143,
62529,137.9127954,
62530,138.9089005,
62531,139.5397088,
62532,140.666187,
62533,141.5387956,
62534,143.6164498,
62535,145.3647783,
62536,146.5373941,
62537,147.3609158,
62538,148.524125,
62539,149.6502128,
62540,151.6142127,
62541,152.2461064,
62542,152.935644,
62543,153.7500822,
62544,154.8852516,
62545,155.6135715,
62546,156.038171,
62547,156.172506,
62548,156.5698629,
62549,156.8330643,
62550,156.5804267,
62551,156.725041,
62552,156.7968841,
62553,156.728573,
62554,156.8475165,
62555,156.8570981,
62556,157.0291944,
62557,156.8509741,
62558,156.1719815,
62559,155.6149245,
62560,155.3210744,
62561,155.1033236,
62562,155.1864297,
62563,155.1200531,
62564,155.4362062,
62565,155.5060106,
62566,155.1861661,
62567,155.2189592,
62568,154.8981253,
62569,154.3093112,
62570,154.0429929,
62571,153.439963,
62572,153.3033655,
62573,153.074751,
62574,152.6244265,
62575,151.9119713,
62576,151.8010924,
62577,151.3711467,
62578,150.903123,
62579,150.2576748,
62580,149.2955646,
62581,148.552872,
62582,148.2408914,
62583,148.4165519,
62584,147.5531662,
62585,146.4539038,
62586,146.2235003,
62587,145.818782,
62588,145.3202645,
62589,144.4245034,
62590,143.4179452,
62591,142.8654185,
62592,142.2964274,
62593,141.6480078,
62594,140.5447585,
62595,139.3387507,
62596,138.9197536,
62597,138.3527205,
62598,137.2102484,
62599,135.9539249,
62600,135.923192,
62601,135.6258453,
62602,135.8393128,
62603,135.443096,
62604,134.8983637,
62605,134.9499492,
62606,135.2006562,
62607,135.0522709,
62608,134.138181,
62609,132.9653989,
62610,132.1373043,
62611,131.9026968,
62612,131.9010371,
62613,131.7345,
62614,131.7895743,
62615,131.3663072,
62616,131.0194967,
62617,131.233431,
62618,130.1083637,
62619,129.990878,
62620,130.3816479,
62621,130.4590202,
62622,130.6561724,
62623,130.4150125,
62624,130.1699809,
62625,130.5560973,
62626,130.813829,
62627,131.3213069,
62628,131.6454321,
62629,132.0040748,
62630,132.2964154,
62631,133.2888715,
62632,134.3501207,
62633,134.8272042,
62634,135.2629592,
62635,135.6683457,
62636,136.5768986,
62637,136.8874363,
62638,136.868853,
62639,137.0347293,
62640,137.6618538,
62641,138.0861415,
62642,138.2873127,
62643,138.2900305,
62644,138.7874023,
62645,138.9672885,
62646,139.0459544,
62647,138.7861212,
62648,138.409945,
62649,138.0617979,
62650,137.632469,
62651,137.2246052,
62652,136.5121447,
62653,135.6768716,
62654,134.4942137,
62655,134.157951,
62656,133.5108906,
62657,133.0904401,
62658,133.0521183,
62659,131.9479734,
62660,131.5433612,
62661,131.0029868,
62662,130.0226133,
62663,129.3580164,
62664,128.9304902,
62665,128.7330805,
62666,128.9077579,
62667,127.1303625,
62668,126.4401669,
62669,126.1854184,
62670,126.4443724,
62671,126.2925071,
62672,125.2643764,
62673,125.2537739,
62674,124.461463,
62675,123.9226791,
62676,122.599724,
62677,120.8938298,
62678,119.3787847,
62679,119.0200463,
62680,117.7258896,
62681,116.9368432,
62682,115.7836582,
62683,115.3359739,
62684,116.0776842,
62685,115.5922171,
62686,114.4399372,
62687,113.6670844,
62688,113.4043961,
62689,113.0898776,
62690,113.6032344,
62691,112.4232719,
62692,111.3656712,
62693,111.1759553,
62694,110.4242818,
62695,109.9094726,
62696,109.5020084,
62697,109.2401338,
62698,108.3042845,
62699,108.1100845,
62700,108.0792311,
62701,107.2408833,
62702,105.8486204,
62703,104.572992,
62704,104.7632674,
62705,103.7600824,
62706,103.4830794,
62707,103.0987737,
62708,103.1474995,
62709,103.8971203,
62710,102.6495294,
62711,101.7453125,
62712,101.0394586,
62713,100.7135193,
62714,99.98446402,
62715,100.8972041,
62716,100.7368298,
62717,100.6291659,
62718,100.6414844,
62719,100.0221856,
62720,100.9454752,
62721,101.090278,
62722,101.2245032,
62723,101.8796651,
62724,102.1672476,
62725,102.5295701,
62726,102.5922067,
62727,103.0273119,
62728,103.5626014,
62729,103.1153045,
62730,103.4340874,
62731,103.2022493,
62732,103.3039143,
62733,103.2169656,
62734,103.4070136,
62735,104.1922919,
62736,104.4945454,
62737,104.7172589,
62738,105.006291,
62739,104.6051819,
62740,105.6237763,
62741,105.9433036,
62742,105.9979476,
62743,105.9524806,
62744,106.1225172,
62745,105.7807322,
62746,106.0056172,
62747,106.7101856,
62748,105.7758743,
62749,105.7860836,
62750,106.424341,
62751,106.2271888,
62752,106.1688839,
62753,106.8066822,
62754,106.3738365,
62755,106.7751725,
62756,106.4240472,
62757,106.6955604,
62758,106.4802217,
62759,106.4235541,
62760,106.7372963,
62761,106.3923754,
62762,106.3272727,
62763,106.6011487,
62764,106.7206815,
62765,106.6708654,
62766,106.5005765,
62767,106.5094122,
62768,106.6278685,
62769,106.8826063,
62770,106.7952181,
62771,106.8420141,
62772,107.1259154,
62773,107.4187621,
62774,107.5466194,
62775,107.4907124,
62776,107.7088832,
62777,107.8422941,
62778,107.9064853,
62779,107.7906951,
62780,107.4952779,
62781,107.7520311,
62782,107.6341118,
62783,107.7553631,
62784,107.7166978,
62785,107.9917778,
62786,108.3583741,
62787,108.5252747,
62788,108.6185343,
62789,108.6324359,
62790,108.8734288,
62791,108.9045759,
62792,108.8112784,
62793,108.6421593,
62794,108.8789972,
62795,108.9496762,
62796,109.0003713,
62797,109.37015,
62798,109.4930088,
62799,110.1837994,
62800,111.3260943,
62801,111.648317,
62802,112.1537738,
62803,112.0698254,
62804,112.5959242,
62805,112.9542766,
62806,113.4855062,
62807,113.6601631,
62808,114.1862279,
62809,115.3341202,
62810,115.5777761,
62811,115.836839,
62812,116.3317087,
62813,116.9006888,
62814,118.0780062,
62815,118.6498689,
62816,118.7521249,
62817,119.8603352,
62818,120.4665117,
62819,121.4715812,
62820,122.4693982,
62821,123.1498819,
62822,123.940476,
62823,124.8195495,
62824,126.1327405,
62825,126.6261939,
62826,127.3092636,
62827,128.2736005,
62828,128.5546543,
62829,130.1755209,
62830,131.342643,
62831,132.7880096,
62832,132.9138114,
62833,134.2617052,
62834,135.4333075,
62835,136.6336118,
62836,137.4116425,
62837,138.5686682,
62838,140.1184042,
62839,142.4409824,
62840,143.5323757,
62841,143.4121591,
62842,145.8383094,
62843,147.6526827,
62844,148.743622,
62845,148.71056,
62846,149.9270469,
62847,151.5806537,
62848,153.8376149,
62849,154.6982655,
62850,155.2055037,
62851,155.8647161,
62852,156.4683615,
62853,156.7610539,
62854,157.3238194,
62855,157.8272834,
62856,158.3807905,
62857,159.8832407,
62858,160.1708852,
62859,160.4553718,
62860,161.512546,
62861,163.0538079,
62862,163.7119837,
62863,164.5500004,
62864,165.9460365,
62865,167.7522227,
62866,169.038279,
62867,169.5379519,
62868,170.0113302,
62869,172.5586078,
62870,174.3280169,
62871,174.6023867,
62872,175.2086276,
62873,176.0859458,
62874,176.8915669,
62875,178.6651225,
62876,179.2568413,
62877,180.9978243,
62878,182.5421331,
62879,183.9031889,
62880,184.5263628,
62881,185.0280497,
62882,186.2268078,
62883,188.2564316,
62884,189.6511414,
62885,189.9018417,
62886,190.9732038,
62887,191.9486321,
62888,193.025255,
62889,194.0055091,
62890,194.5256258,
62891,194.788822,
62892,195.8216398,
62893,195.8619903,
62894,195.8947835,
62895,195.7761188,
62896,195.2714327,
62897,195.03133,
62898,195.2572257,
62899,194.6205428,
62900,194.0245472,
62901,193.7806417,
62902,193.462693,
62903,193.3149256,
62904,193.0049731,
62905,192.2630668,
62906,191.7979006,
62907,191.0078078,
62908,190.343058,
62909,189.2896438,
62910,188.4548388,
62911,188.1592059,
62912,187.1166419,
62913,186.0095308,
62914,184.9645017,
62915,184.97315,
62916,184.2226644,
62917,182.7910566,
62918,181.3752625,
62919,180.6829012,
62920,180.4568664,
62921,179.4490618,
62922,178.7946487,
62923,177.4194772,
62924,176.4115568,
62925,175.238677,
62926,173.7216539,
62927,171.7030144,
62928,170.5831179,
62929,169.6696495,
62930,167.9516158,
62931,167.0908037,
62932,166.0162802,
62933,164.4603416,
62934,163.3618252,
62935,162.3643134,
62936,161.6439245,
62937,160.295731,
62938,159.3187658,
62939,158.7736445,
62940,157.5486073,
62941,156.3465406,
62942,155.3484948,
62943,155.4576358,
62944,154.3490137,
62945,152.9541418,
62946,152.3192547,
62947,151.7891832,
62948,150.7386952,
62949,150.1660831,
62950,149.7780945,
62951,149.8469553,
62952,149.5983124,
62953,149.089774,
62954,148.8400474,
62955,148.5015168,
62956,148.2636815,
62957,147.7205669,
62958,146.8796935,
62959,146.3226749,
62960,145.2808929,
62961,144.4952035,
62962,144.0724992,
62963,143.6628734,
62964,142.8975265,
62965,141.7954273,
62966,141.339225,
62967,140.4634369,
62968,139.9744379,
62969,139.5737101,
62970,139.1729464,
62971,138.4996292,
62972,137.9837469,
62973,137.7403845,
62974,137.2868728,
62975,136.846933,
62976,136.0529363,
62977,135.4618595,
62978,134.605743,
62979,134.4211998,
62980,133.0632757,
62981,131.7617132,
62982,131.1073883,
62983,130.6887505,
62984,129.8483367,
62985,128.5178378,
62986,128.5080979,
62987,128.1759867,
62988,126.0930793,
62989,125.0853921,
62990,124.2275519,
62991,124.4846766,
62992,123.4198155,
62993,121.198487,
62994,120.8193597,
62995,119.9533865,
62996,119.9113709,
62997,119.2413171,
62998,118.3775967,
62999,118.1209418,
63000,117.9635127,
63001,116.6272903,
63002,115.5233246,
63003,115.3535267,
63004,115.4586645,
63005,115.7230455,
63006,115.5096788,
63007,114.481828,
63008,114.0956802,
63009,113.8209146,
63010,113.0140953,
63011,112.5345286,
63012,111.8845517,
63013,111.224399,
63014,110.0624925,
63015,109.1749448,
63016,108.5034142,
63017,107.7357742,
63018,107.0095813,
63019,106.379927,
63020,105.9097922,
63021,105.4169323,
63022,105.0744714,
63023,104.5512292,
63024,104.2238616,
63025,104.0986266,
63026,103.8878154,
63027,102.6931662,
63028,101.902516,
63029,101.9837209,
63030,101.5792759,
63031,101.1359392,
63032,101.2673323,
63033,100.5610193,
63034,101.6306237,
63035,101.4323977,
63036,101.3397263,
63037,101.7947704,
63038,102.0925429,
63039,102.0271988,
63040,101.7998605,
63041,102.2865429,
63042,102.2096195,
63043,102.8141951,
63044,102.5492988,
63045,103.0067506,
63046,102.4891993,
63047,103.1614204,
63048,103.7466021,
63049,102.7002995,
63050,102.9032443,
63051,101.4723612,
63052,100.8377773,
63053,100.2615421,
63054,100.4117911,
63055,99.99841556,
63056,99.39703118,
63057,98.11305763,
63058,97.88155254,
63059,97.43408858,
63060,95.90218772,
63061,95.48527009,
63062,95.30400839,
63063,94.8187496,
63064,95.36010787,
63065,94.67723215,
63066,94.47129184,
63067,93.63993043,
63068,93.05018344,
63069,92.80523675,
63070,92.46828713,
63071,92.04770709,
63072,91.91741184,
63073,91.72059433,
63074,91.51528236,
63075,91.38827245,
63076,91.27053147,
63077,90.84595264,
63078,90.90610608,
63079,90.78375428,
63080,90.75508381,
63081,90.78868966,
63082,90.6662131,
63083,91.02464969,
63084,90.69427528,
63085,90.3962008,
63086,90.00083459,
63087,89.38308468,
63088,89.41214622,
63089,89.30631183,
63090,89.377047,
63091,89.19828252,
63092,88.67124812,
63093,88.35422057,
63094,87.59724678,
63095,86.88308856,
63096,85.92704825,
63097,85.24028173,
63098,84.84496228,
63099,84.71455486,
63100,83.98881569,
63101,83.75608204,
63102,83.03259643,
63103,82.34725702,
63104,81.74373207,
63105,81.00961389,
63106,79.41905677,
63107,78.93096458,
63108,78.54395393,
63109,77.55182984,
63110,76.10741708,
63111,75.83145804,
63112,75.95774853,
63113,74.72306672,
63114,73.70246525,
63115,72.43537247,
63116,73.44013953,
63117,72.44315855,
63118,70.69927178,
63119,70.74892121,
63120,70.62620836,
63121,69.11165461,
63122,69.2735788,
63123,68.35675786,
63124,67.11862304,
63125,66.49628843,
63126,65.33649422,
63127,64.6124947,
63128,62.81050517,
63129,61.2014538,
63130,59.36287189,
63131,58.930291,
63132,57.95932444,
63133,56.3273286,
63134,53.48753552,
63135,52.32448157,
63136,51.5218295,
63137,50.00293508,
63138,48.70157528,
63139,46.68134842,
63140,45.50141177,
63141,45.43785236,
63142,42.40836042,
63143,40.52812497,
63144,40.0058107,
63145,39.28447698,
63146,39.00244708,
63147,35.64168253,
63148,34.03457692,
63149,33.40511852,
63150,30.83771064,
63151,28.63336512,
63152,28.03350834,
63153,26.76995808,
63154,25.83033364,
63155,23.82528785,
63156,23.6582184,
63157,22.61142306,
63158,21.3745619,
63159,20.94477648,
63160,20.97736625,
63161,21.31922814,
63162,21.55185956,
63163,21.83834224,
63164,22.01794886,
63165,22.49156795,
63166,23.07318375,
63167,23.7820709,
63168,25.10347987,
63169,25.28418903,
63170,25.55881326,
63171,27.02606735,
63172,28.13859706,
63173,28.68724918,
63174,29.28724361,
63175,29.96250665,
63176,30.85731702,
63177,31.96144365,
63178,32.55041298,
63179,33.25289751,
63180,33.80358596,
63181,34.84894274,
63182,35.6841295,
63183,36.75432155,
63184,38.80899668,
63185,39.92182876,
63186,41.43076433,
63187,41.92080538,
63188,42.47892985,
63189,44.00851522,
63190,45.68765495,
63191,46.49387054,
63192,47.65976887,
63193,49.04169542,
63194,51.33202785,
63195,52.58676566,
63196,53.17913908,
63197,55.23870948,
63198,56.70990202,
63199,57.47849891,
63200,58.54588618,
63201,60.15434559,
63202,61.63937408,
63203,62.27503328,
63204,62.59599001,
63205,63.35487222,
63206,64.51419567,
63207,65.01596984,
63208,65.95575882,
63209,66.98692245,
63210,68.0618522,
63211,68.96349547,
63212,68.86349727,
63213,69.27088829,
63214,71.23055465,
63215,71.33774368,
63216,72.24853649,
63217,73.08578072,
63218,74.64024542,
63219,75.49543872,
63220,75.94958349,
63221,76.69192449,
63222,78.16132864,
63223,79.33289628,
63224,80.04972092,
63225,80.6606714,
63226,82.43028055,
63227,84.01976651,
63228,84.39562587,
63229,85.82684818,
63230,87.61757679,
63231,89.40534378,
63232,89.99227761,
63233,91.68467847,
63234,93.23078105,
63235,94.7291474,
63236,95.53515872,
63237,97.12393518,
63238,99.35430533,
63239,100.3893288,
63240,101.0577669,
63241,103.900594,
63242,105.8918247,
63243,106.579342,
63244,107.2266492,
63245,109.1972506,
63246,110.5928222,
63247,112.9340091,
63248,114.0166905,
63249,115.9419465,
63250,118.8046924,
63251,120.1084105,
63252,120.9707335,
63253,122.9171158,
63254,124.28706,
63255,126.3281335,
63256,126.7581982,
63257,128.4484585,
63258,130.6792925,
63259,131.8431873,
63260,132.5636863,
63261,133.591711,
63262,134.8842619,
63263,135.9923696,
63264,136.2247744,
63265,136.7302697,
63266,137.1167603,
63267,138.1142837,
63268,138.4004252,
63269,139.0920069,
63270,139.4356721,
63271,140.1049338,
63272,139.7399656,
63273,139.767979,
63274,139.8785467,
63275,139.7516092,
63276,139.8901833,
63277,139.6574145,
63278,139.3993502,
63279,139.2453323,
63280,139.1322109,
63281,138.9469694,
63282,139.0097446,
63283,139.1363587,
63284,138.7152145,
63285,139.2000493,
63286,139.3399232,
63287,139.2891715,
63288,139.5144546,
63289,138.8290573,
63290,138.868796,
63291,138.460714,
63292,137.5887834,
63293,138.2912873,
63294,138.0510086,
63295,137.9991289,
63296,137.648419,
63297,137.4063122,
63298,136.8359079,
63299,137.3453204,
63300,136.8192685,
63301,137.0259925,
63302,137.0185593,
63303,136.6246747,
63304,136.4802428,
63305,136.4892925,
63306,136.5085439,
63307,136.2187438,
63308,136.1802636,
63309,136.2918466,
63310,136.0831127,
63311,135.9993101,
63312,135.8322617,
63313,135.383147,
63314,135.0196918,
63315,134.6043087,
63316,134.3415386,
63317,134.2736499,
63318,134.2728394,
63319,134.2881299,
63320,134.2990501,
63321,134.4710339,
63322,134.6650495,
63323,134.3351531,
63324,134.4503746,
63325,133.9268194,
63326,133.0097647,
63327,132.4681541,
63328,131.8535528,
63329,130.6063143,
63330,130.5671801,
63331,129.4548026,
63332,128.4978627,
63333,127.6555126,
63334,127.0430258,
63335,126.2129211,
63336,126.0759285,
63337,124.3146658,
63338,122.9051085,
63339,121.6083742,
63340,120.5717089,
63341,119.4377941,
63342,117.8581795,
63343,117.2215348,
63344,115.62946,
63345,115.5882292,
63346,114.1243033,
63347,111.8781203,
63348,109.5092404,
63349,108.6315684,
63350,106.6018537,
63351,104.9267589,
63352,103.2915512,
63353,102.7512193,
63354,102.0673719,
63355,100.5775749,
63356,99.04389263,
63357,98.80366115,
63358,97.90605808,
63359,97.38825228,
63360,98.12746371,
63361,96.91046411,
63362,96.42423244,
63363,94.65843349,
63364,92.29269039,
63365,90.92288808,
63366,90.49548427,
63367,89.3602575,
63368,88.41366144,
63369,87.46942709,
63370,86.57346414,
63371,86.41024636,
63372,85.52749306,
63373,83.77564584,
63374,83.00120893,
63375,82.65759264,
63376,82.0326185,
63377,81.1672071,
63378,80.42669414,
63379,80.14245552,
63380,79.61787082,
63381,79.67402396,
63382,79.08677183,
63383,78.686138,
63384,78.94889212,
63385,78.9782838,
63386,79.22073916,
63387,79.70012798,
63388,80.41943733,
63389,81.30085758,
63390,82.12341907,
63391,82.70819505,
63392,83.39320065,
63393,83.99274668,
63394,84.59419255,
63395,86.39481041,
63396,87.08036461,
63397,87.35863963,
63398,87.71017706,
63399,89.64035765,
63400,90.52161765,
63401,91.18414282,
63402,92.31744722,
63403,93.64117768,
63404,94.466298,
63405,95.49343202,
63406,95.79482695,
63407,97.57816043,
63408,99.63199868,
63409,100.3650615,
63410,100.6848901,
63411,100.9481365,
63412,101.8679996,
63413,103.0729431,
63414,103.6780667,
63415,103.823382,
63416,104.7946223,
63417,106.6288994,
63418,107.5310351,
63419,107.8135992,
63420,109.3674386,
63421,110.6188342,
63422,111.4783172,
63423,112.3857051,
63424,113.2713777,
63425,115.5230355,
63426,116.8319962,
63427,118.1654905,
63428,118.8622733,
63429,120.2783254,
63430,121.7592366,
63431,123.3775267,
63432,123.9375824,
63433,124.5594403,
63434,125.7385422,
63435,127.7908602,
63436,129.4353011,
63437,129.7013319,
63438,131.3852054,
63439,132.3637074,
63440,133.776583,
63441,135.307104,
63442,135.6424939,
63443,137.3734411,
63444,139.4210169,
63445,140.9019296,
63446,141.5850858,
63447,144.1690779,
63448,146.2897212,
63449,147.5961464,
63450,147.8770739,
63451,149.62437,
63452,151.3233249,
63453,152.7310882,
63454,153.0409299,
63455,153.4325853,
63456,154.0955501,
63457,155.4861684,
63458,155.2621136,
63459,155.4750165,
63460,154.9676,
63461,154.8470244,
63462,154.7236246,
63463,154.9626031,
63464,153.8044056,
63465,153.3901706,
63466,152.6994834,
63467,153.0336344,
63468,152.1539524,
63469,151.6158931,
63470,150.9473918,
63471,150.7535011,
63472,150.2541567,
63473,149.7987633,
63474,149.0982406,
63475,148.6881312,
63476,148.3994841,
63477,147.7300823,
63478,146.8556814,
63479,145.7526628,
63480,144.9448784,
63481,144.5208097,
63482,143.6424737,
63483,142.9919534,
63484,142.2553789,
63485,141.9162956,
63486,140.3141851,
63487,139.3131024,
63488,138.8427501,
63489,137.991727,
63490,136.6868692,
63491,135.8105993,
63492,134.7896114,
63493,134.3342267,
63494,132.5612854,
63495,131.3762568,
63496,131.610355,
63497,130.5429604,
63498,129.4681818,
63499,127.6013541,
63500,126.977533,
63501,125.8342951,
63502,124.2109185,
63503,122.8660264,
63504,122.7066355,
63505,122.0616336,
63506,120.40529,
63507,119.256498,
63508,118.7996559,
63509,117.0195811,
63510,115.349887,
63511,114.146468,
63512,114.1917153,
63513,113.2193232,
63514,111.6451866,
63515,109.9424371,
63516,109.9473215,
63517,108.1719819,
63518,107.3112559,
63519,106.9816995,
63520,106.2010654,
63521,105.037627,
63522,104.1824138,
63523,104.1194006,
63524,103.5931115,
63525,102.6436074,
63526,102.4500689,
63527,102.6181193,
63528,102.261963,
63529,101.9538132,
63530,101.721942,
63531,101.4334162,
63532,100.8802024,
63533,100.2963804,
63534,99.71736564,
63535,99.42847039,
63536,99.02749827,
63537,98.60572049,
63538,98.55623417,
63539,98.33363651,
63540,97.93289569,
63541,97.74831358,
63542,97.74463331,
63543,97.71140435,
63544,97.43981846,
63545,97.6103725,
63546,97.68063017,
63547,97.97770677,
63548,98.3553088,
63549,98.78969266,
63550,99.5009183,
63551,99.77948455,
63552,100.081041,
63553,100.1610528,
63554,100.461601,
63555,101.2123171,
63556,101.5042298,
63557,101.3611428,
63558,101.2155395,
63559,100.9193893,
63560,100.6712351,
63561,100.6719269,
63562,100.0707275,
63563,99.14980512,
63564,98.42401282,
63565,98.13304688,
63566,97.34522764,
63567,96.47831206,
63568,95.65355635,
63569,95.54868295,
63570,94.85568058,
63571,93.72074797,
63572,92.28176256,
63573,91.94609718,
63574,91.79704588,
63575,90.59889116,
63576,89.69710424,
63577,89.52051931,
63578,89.63422421,
63579,89.39858618,
63580,89.29886343,
63581,89.10770434,
63582,89.25618201,
63583,89.76468879,
63584,89.86685222,
63585,89.55301274,
63586,90.03837127,
63587,89.97663581,
63588,90.82982815,
63589,91.30164424,
63590,91.73802954,
63591,92.10814556,
63592,92.34867821,
63593,92.15532401,
63594,92.69598911,
63595,91.96229228,
63596,92.63916367,
63597,92.612622,
63598,92.65504531,
63599,92.43258156,
63600,92.79824138,
63601,92.97502556,
63602,93.22159457,
63603,93.32382392,
63604,93.51584509,
63605,93.56795082,
63606,94.12938562,
63607,94.61191601,
63608,94.95983959,
63609,95.67582463,
63610,96.50304792,
63611,97.0624974,
63612,97.73274963,
63613,97.95595329,
63614,98.8979022,
63615,99.51223561,
63616,100.3650456,
63617,101.3487816,
63618,101.3044146,
63619,102.2855584,
63620,103.4947922,
63621,104.360918,
63622,104.919945,
63623,105.6949573,
63624,107.6986658,
63625,109.0441671,
63626,109.7015113,
63627,109.9148376,
63628,111.2432379,
63629,113.6020238,
63630,114.2480317,
63631,114.2924457,
63632,114.6940093,
63633,115.1558387,
63634,115.8771169,
63635,116.5001597,
63636,116.8166859,
63637,117.1502284,
63638,118.6954721,
63639,119.9177297,
63640,120.3075776,
63641,121.1585292,
63642,121.8093885,
63643,122.7516152,
63644,123.5553925,
63645,123.174756,
63646,123.2886715,
63647,123.7478675,
63648,125.0988285,
63649,125.409895,
63650,126.0601549,
63651,127.2413887,
63652,128.8937157,
63653,130.2399431,
63654,130.6762827,
63655,131.1508586,
63656,132.876509,
63657,133.2877587,
63658,133.910993,
63659,134.4197692,
63660,134.0412703,
63661,134.3181611,
63662,134.0959073,
63663,134.1749678,
63664,133.268958,
63665,133.2216883,
63666,133.1562293,
63667,132.9179299,
63668,132.9664917,
63669,132.3767527,
63670,132.0946122,
63671,131.6757608,
63672,131.1511792,
63673,131.0022758,
63674,130.6793685,
63675,130.2810783,
63676,129.5099592,
63677,128.9131172,
63678,128.8360457,
63679,128.5229291,
63680,127.8622114,
63681,127.4674437,
63682,127.4118061,
63683,127.2501709,
63684,126.6314393,
63685,125.7618167,
63686,125.1904425,
63687,124.317652,
63688,124.3256724,
63689,124.0608656,
63690,123.7559674,
63691,123.3334837,
63692,122.7961151,
63693,122.7226292,
63694,121.9264348,
63695,121.0210134,
63696,120.6403094,
63697,120.6699465,
63698,120.2038294,
63699,120.0329689,
63700,119.7305785,
63701,119.3597222,
63702,119.170944,
63703,119.1373884,
63704,119.1420923,
63705,119.3395544,
63706,119.3346069,
63707,119.2413186,
63708,119.0575773,
63709,119.0804996,
63710,118.5932555,
63711,118.2339455,
63712,118.2097873,
63713,117.8498007,
63714,117.5223792,
63715,117.155773,
63716,116.9269769,
63717,116.4079743,
63718,115.5643077,
63719,114.7030169,
63720,114.2020811,
63721,113.8859492,
63722,113.1135417,
63723,112.1583005,
63724,111.2482308,
63725,110.4030267,
63726,110.4415294,
63727,109.9025737,
63728,109.1638464,
63729,107.9541829,
63730,106.7350902,
63731,106.1976846,
63732,105.2505613,
63733,104.536776,
63734,104.437039,
63735,104.0919858,
63736,103.8763647,
63737,103.252439,
63738,102.9889493,
63739,101.4040161,
63740,99.89007959,
63741,98.08385744,
63742,96.89056248,
63743,96.02024392,
63744,94.95197463,
63745,93.80626994,
63746,91.73074361,
63747,90.8427025,
63748,90.39506065,
63749,88.94403062,
63750,87.9031286,
63751,86.43607294,
63752,85.57165283,
63753,85.50987099,
63754,84.45456878,
63755,83.60591265,
63756,82.88782572,
63757,82.84383906,
63758,82.76025141,
63759,82.14796289,
63760,81.97732755,
63761,81.75922935,
63762,81.65255868,
63763,81.40023142,
63764,81.48775771,
63765,81.13361573,
63766,81.16044145,
63767,81.02676321,
63768,81.21402851,
63769,81.40886955,
63770,81.58239843,
63771,81.71248012,
63772,81.67181403,
63773,82.03911592,
63774,82.47319411,
63775,82.77628346,
63776,83.30855222,
63777,83.48747872,
63778,83.95439074,
63779,84.47224187,
63780,84.71826022,
63781,84.88940389,
63782,85.64797726,
63783,86.2514454,
63784,86.8836814,
63785,87.19573999,
63786,87.04624112,
63787,87.11477111,
63788,87.11585049,
63789,87.18658423,
63790,87.13765264,
63791,86.79719449,
63792,86.47747116,
63793,86.09790728,
63794,85.55480808,
63795,85.0627764,
63796,84.55392703,
63797,83.98692038,
63798,83.21323524,
63799,82.76173944,
63800,82.57382619,
63801,82.27287686,
63802,81.70774581,
63803,80.24796657,
63804,79.89391461,
63805,79.71247063,
63806,79.67784859,
63807,78.55584568,
63808,78.56323748,
63809,78.94003297,
63810,78.87009166,
63811,79.05421461,
63812,78.25794965,
63813,77.84522135,
63814,78.08731258,
63815,76.3885742,
63816,76.17575898,
63817,76.0827595,
63818,76.26474835,
63819,75.52471811,
63820,75.42728377,
63821,76.10558137,
63822,75.4237252,
63823,74.82103185,
63824,75.12296478,
63825,74.76251552,
63826,74.53511665,
63827,74.00297591,
63828,73.88571245,
63829,72.73476918,
63830,72.58726601,
63831,72.13432625,
63832,71.4768535,
63833,71.07067841,
63834,70.83762515,
63835,70.23661541,
63836,69.68728599,
63837,69.20694768,
63838,68.95646713,
63839,68.60097207,
63840,67.93334008,
63841,67.69833079,
63842,67.03829797,
63843,66.47095926,
63844,66.38226059,
63845,66.17603695,
63846,65.33908827,
63847,64.45884071,
63848,63.88755029,
63849,63.29577187,
63850,62.91398005,
63851,62.63486511,
63852,62.64121174,
63853,62.53411197,
63854,62.16180753,
63855,61.5900359,
63856,61.30451198,
63857,60.79878555,
63858,60.14807226,
63859,59.48022729,
63860,59.14956589,
63861,58.76875392,
63862,57.95392593,
63863,57.24291887,
63864,56.90573274,
63865,56.74536697,
63866,56.8010006,
63867,56.59822363,
63868,56.77910565,
63869,56.85672356,
63870,57.39355871,
63871,57.61523603,
63872,58.15844788,
63873,59.13238257,
63874,59.64345565,
63875,60.06815068,
63876,60.48766457,
63877,60.94571274,
63878,61.49327819,
63879,62.4721812,
63880,62.61505869,
63881,63.06539856,
63882,63.97884137,
63883,64.0699159,
63884,64.74257378,
63885,65.13603161,
63886,65.49362059,
63887,65.31937359,
63888,66.11671857,
63889,66.10792363,
63890,66.23341236,
63891,66.77805449,
63892,66.80878355,
63893,66.93163651,
63894,67.34379002,
63895,67.24129947,
63896,67.84045627,
63897,68.52275899,
63898,68.84176566,
63899,69.66946905,
63900,70.17195527,
63901,71.68762913,
63902,73.34994117,
63903,74.30393222,
63904,75.28445067,
63905,76.34494151,
63906,78.260778,
63907,80.37085687,
63908,81.06173365,
63909,82.27121419,
63910,84.63008151,
63911,86.29902546,
63912,87.19671761,
63913,87.6860073,
63914,89.47866209,
63915,92.36534008,
63916,93.38584681,
63917,95.50425833,
63918,97.57446201,
63919,99.19666134,
63920,100.025997,
63921,102.4820085,
63922,105.5818141,
63923,106.6085473,
63924,107.4514537,
63925,110.4452741,
63926,112.8224696,
63927,113.4464853,
63928,114.9004832,
63929,116.8767681,
63930,118.9404377,
63931,119.8964663,
63932,121.568012,
63933,124.0042625,
63934,125.9224269,
63935,126.2083294,
63936,126.9531004,
63937,129.0188234,
63938,130.8445497,
63939,131.8914443,
63940,133.2821253,
63941,135.0457034,
63942,136.4959313,
63943,136.6584173,
63944,137.0110859,
63945,137.6615261,
63946,138.5357431,
63947,138.7791456,
63948,139.5222136,
63949,140.2995361,
63950,140.5100213,
63951,140.6533101,
63952,140.0940732,
63953,139.9292637,
63954,140.0426534,
63955,140.0450421,
63956,140.1920237,
63957,139.7489811,
63958,138.8945959,
63959,138.6385168,
63960,138.4215254,
63961,138.1127515,
63962,137.2888214,
63963,136.3645495,
63964,135.9873281,
63965,135.955834,
63966,135.3572375,
63967,134.6762447,
63968,134.2576922,
63969,133.8944961,
63970,133.3850385,
63971,132.719239,
63972,132.0708476,
63973,131.6130442,
63974,131.3592825,
63975,130.6045817,
63976,129.8741328,
63977,129.0937636,
63978,128.8636408,
63979,128.0141591,
63980,127.3859475,
63981,125.9065041,
63982,125.1281422,
63983,124.8281842,
63984,124.013527,
63985,123.0671828,
63986,122.387697,
63987,121.4377531,
63988,120.7474577,
63989,120.9703934,
63990,119.81062,
63991,117.9447215,
63992,117.2110968,
63993,117.4595325,
63994,116.2230967,
63995,115.909153,
63996,114.2504722,
63997,113.4549987,
63998,112.9462715,
63999,112.8948642,
64000,110.2367929,
64001,108.7970763,
64002,108.6348195,
64003,106.54928,
64004,104.7038908,
64005,102.6371314,
64006,100.7693181,
64007,100.8084107,
64008,98.95301586,
64009,96.44178549,
64010,94.31912417,
64011,93.28227665,
64012,92.174528,
64013,90.03411064,
64014,87.67963476,
64015,87.21064766,
64016,85.247719,
64017,82.01335771,
64018,81.38408895,
64019,80.78379763,
64020,78.5508574,
64021,75.52375132,
64022,74.83143431,
64023,73.96740642,
64024,72.2214592,
64025,70.18380197,
64026,69.55114165,
64027,68.76269992,
64028,67.86203426,
64029,66.71205037,
64030,65.82890587,
64031,65.90330881,
64032,65.71578187,
64033,65.1727353,
64034,64.93551754,
64035,65.0053841,
64036,65.22227125,
64037,65.12332079,
64038,64.77848172,
64039,64.79698734,
64040,64.74172126,
64041,64.53903242,
64042,64.41847465,
64043,64.36450551,
64044,64.38195619,
64045,64.20490413,
64046,64.74545534,
64047,64.66579349,
64048,65.22040193,
64049,65.76360568,
64050,65.94472828,
64051,66.13149276,
64052,66.51914213,
64053,67.0856797,
64054,67.90491553,
64055,67.87570574,
64056,68.4761253,
64057,70.03673591,
64058,71.0223294,
64059,71.75726246,
64060,72.4876101,
64061,73.98326069,
64062,75.45730999,
64063,76.46771765,
64064,76.76049117,
64065,79.05725789,
64066,80.32482869,
64067,81.36092073,
64068,82.07304253,
64069,84.9679675,
64070,86.8423975,
64071,87.19920926,
64072,89.33827783,
64073,92.24850766,
64074,93.34543766,
64075,94.53095065,
64076,97.20296296,
64077,97.8539738,
64078,98.57821125,
64079,101.3414965,
64080,102.7646272,
64081,105.8716202,
64082,106.4907857,
64083,109.1211749,
64084,111.3319642,
64085,112.6019762,
64086,114.8140005,
64087,116.7002287,
64088,118.8668146,
64089,119.8739121,
64090,122.0417691,
64091,124.1797724,
64092,125.7164829,
64093,126.2719227,
64094,127.6618223,
64095,130.0770454,
64096,130.6688928,
64097,132.5588373,
64098,134.1672383,
64099,136.1765997,
64100,136.5570738,
64101,138.0787701,
64102,139.7517985,
64103,141.7342102,
64104,142.3290197,
64105,144.0930686,
64106,145.4087564,
64107,146.0371581,
64108,146.3684254,
64109,147.1940736,
64110,149.8427464,
64111,150.9634939,
64112,151.0915881,
64113,152.0679186,
64114,153.5821876,
64115,154.4145726,
64116,155.3950362,
64117,156.7889851,
64118,158.4815383,
64119,158.7663703,
64120,160.5308086,
64121,162.4511746,
64122,164.0506775,
64123,164.4714036,
64124,165.5005364,
64125,167.8501808,
64126,168.7123874,
64127,169.5046864,
64128,171.2228205,
64129,173.2498133,
64130,175.0737526,
64131,175.3449364,
64132,177.0131817,
64133,179.4183135,
64134,181.1195075,
64135,181.8615502,
64136,183.0534263,
64137,184.5921561,
64138,185.5212654,
64139,185.2635192,
64140,185.7913107,
64141,188.3896142,
64142,189.575164,
64143,189.6591754,
64144,191.0333583,
64145,191.5611951,
64146,191.9664526,
64147,191.8682847,
64148,192.6290973,
64149,193.2290805,
64150,193.7420538,
64151,193.9390188,
64152,194.6198723,
64153,195.0665891,
64154,194.8845744,
64155,194.8164522,
64156,194.8208818,
64157,194.9662615,
64158,195.0437397,
64159,194.6720307,
64160,194.3356307,
64161,194.1137488,
64162,194.1740919,
64163,193.5674098,
64164,192.8943864,
64165,192.1504985,
64166,191.8233713,
64167,190.944588,
64168,189.9155852,
64169,189.2130689,
64170,188.2984615,
64171,186.757519,
64172,185.2917022,
64173,184.8418761,
64174,183.9555615,
64175,182.5428653,
64176,181.2899264,
64177,180.6022596,
64178,179.4733912,
64179,178.1382951,
64180,177.347336,
64181,176.5608893,
64182,176.3194552,
64183,175.0808412,
64184,173.9575283,
64185,173.4660366,
64186,172.4979615,
64187,170.7166736,
64188,169.1940829,
64189,167.8650144,
64190,167.6383661,
64191,166.170314,
64192,164.9220525,
64193,163.4963491,
64194,163.2184753,
64195,161.9205779,
64196,160.2660318,
64197,158.7485661,
64198,159.1549056,
64199,157.6140998,
64200,155.6813746,
64201,154.7204997,
64202,153.9846648,
64203,152.4079674,
64204,151.5186374,
64205,150.8238795,
64206,150.4943727,
64207,149.2716552,
64208,147.3302184,
64209,146.5620365,
64210,145.8064303,
64211,144.7297298,
64212,143.2235038,
64213,141.3978952,
64214,140.7982564,
64215,139.8297793,
64216,138.0627173,
64217,137.3291523,
64218,136.9931484,
64219,136.2977298,
64220,134.6369119,
64221,133.0981457,
64222,132.6955835,
64223,131.0816488,
64224,129.0808322,
64225,127.1885243,
64226,126.8545127,
64227,125.2910793,
64228,122.5108791,
64229,120.8005145,
64230,119.8493413,
64231,117.5802978,
64232,115.067981,
64233,113.9266167,
64234,114.1268958,
64235,112.0966043,
64236,109.9355242,
64237,109.9185829,
64238,108.1315694,
64239,105.9633892,
64240,103.9514536,
64241,104.4852879,
64242,102.839066,
64243,100.1791602,
64244,99.16716277,
64245,98.00957632,
64246,96.49538061,
64247,95.50988066,
64248,94.96182794,
64249,93.9776741,
64250,92.36136165,
64251,91.64343172,
64252,91.29950269,
64253,90.38911952,
64254,89.53738404,
64255,88.94478117,
64256,88.84746169,
64257,89.04261688,
64258,89.04939906,
64259,88.97928609,
64260,89.0823912,
64261,89.09203379,
64262,89.44373286,
64263,89.59934882,
64264,89.88040904,
64265,90.95434829,
64266,91.62796104,
64267,92.07972714,
64268,92.75240914,
64269,93.97334054,
64270,95.11452193,
64271,95.82248794,
64272,96.53213293,
64273,97.79121616,
64274,98.78017292,
64275,100.1725428,
64276,100.3288815,
64277,101.4715404,
64278,102.7895964,
64279,103.3100208,
64280,103.2744634,
64281,104.129486,
64282,104.8689217,
64283,107.3713012,
64284,109.3932695,
64285,111.168143,
64286,111.5303201,
64287,113.805646,
64288,116.8557752,
64289,117.5381595,
64290,119.2127277,
64291,122.0769054,
64292,123.701364,
64293,124.4870287,
64294,126.1024561,
64295,127.455672,
64296,128.1718902,
64297,128.5899169,
64298,129.5143844,
64299,131.0975381,
64300,133.092068,
64301,133.6153474,
64302,134.83325,
64303,136.0712108,
64304,136.2867316,
64305,136.5997417,
64306,136.5999497,
64307,137.3762103,
64308,138.4785826,
64309,139.7901732,
64310,140.9254231,
64311,141.2024455,
64312,141.2310672,
64313,142.0138801,
64314,141.9941384,
64315,142.6797305,
64316,143.4532104,
64317,143.7774972,
64318,144.2429324,
64319,144.7034682,
64320,146.0396438,
64321,146.6432641,
64322,146.7541245,
64323,146.8916778,
64324,147.276179,
64325,147.9744544,
64326,149.2966009,
64327,149.7597485,
64328,150.9052161,
64329,151.7712942,
64330,152.089011,
64331,153.1346036,
64332,154.6364692,
64333,155.306799,
64334,156.0816181,
64335,157.291923,
64336,158.2491908,
64337,158.4625177,
64338,158.9776356,
64339,160.1396981,
64340,160.9363581,
64341,161.2397296,
64342,161.4713767,
64343,162.0650308,
64344,162.1318099,
64345,161.5031544,
64346,161.4844613,
64347,161.6917046,
64348,161.4299411,
64349,161.0560245,
64350,161.0705112,
64351,160.9695146,
64352,160.2035119,
64353,160.127226,
64354,160.0429004,
64355,159.7333301,
64356,158.8112428,
64357,158.0645439,
64358,157.4970233,
64359,156.4096992,
64360,155.4390697,
64361,154.7993247,
64362,154.2226547,
64363,153.8440063,
64364,153.0681344,
64365,152.0268823,
64366,151.4449785,
64367,150.1021057,
64368,149.4644293,
64369,148.897489,
64370,149.3717359,
64371,148.4324714,
64372,147.6456442,
64373,146.9232232,
64374,146.6386514,
64375,145.5871234,
64376,144.7319415,
64377,144.711627,
64378,143.8038761,
64379,142.4613171,
64380,141.6620167,
64381,141.2529979,
64382,139.9589093,
64383,138.1844945,
64384,137.7561676,
64385,136.7940253,
64386,135.4267408,
64387,134.3512105,
64388,133.2741899,
64389,133.396766,
64390,132.6232386,
64391,131.1823012,
64392,128.5285965,
64393,128.0159702,
64394,127.5451963,
64395,125.0728066,
64396,123.9693901,
64397,123.0537658,
64398,122.0309858,
64399,119.8908477,
64400,118.2365119,
64401,117.6332266,
64402,116.5885457,
64403,114.580478,
64404,113.8282076,
64405,114.0565387,
64406,113.5692905,
64407,111.6782713,
64408,110.6005043,
64409,109.6767617,
64410,108.8548661,
64411,107.519462,
64412,105.7850992,
64413,104.7525501,
64414,103.5048665,
64415,102.4547314,
64416,99.98681031,
64417,98.3856644,
64418,98.06117674,
64419,97.50563441,
64420,95.82314819,
64421,94.05534651,
64422,93.88062375,
64423,91.53446422,
64424,90.08425972,
64425,88.23745081,
64426,87.82925597,
64427,86.2390962,
64428,84.75822424,
64429,83.50844426,
64430,82.86343629,
64431,81.27634209,
64432,80.17081589,
64433,78.24187436,
64434,77.54700686,
64435,75.27738398,
64436,73.43252463,
64437,72.68745255,
64438,71.75719071,
64439,70.42913955,
64440,69.05896363,
64441,66.24040852,
64442,66.22220181,
64443,64.62184109,
64444,63.08841413,
64445,61.26405289,
64446,60.77768887,
64447,60.41275115,
64448,59.97134916,
64449,60.04137662,
64450,58.82635002,
64451,58.74691058,
64452,58.72242764,
64453,59.31708472,
64454,60.06827817,
64455,60.23691698,
64456,60.34376714,
64457,60.96269935,
64458,61.41875736,
64459,61.8031363,
64460,62.06578351,
64461,62.36695855,
64462,62.64065719,
64463,63.53213468,
64464,63.94570041,
64465,63.75807778,
64466,63.77341207,
64467,64.13202999,
64468,64.60285041,
64469,64.87567996,
64470,65.44191214,
64471,66.03209747,
64472,65.86989276,
64473,66.38477007,
64474,66.64230945,
64475,66.89246683,
64476,66.96389273,
64477,67.27376701,
64478,67.05590812,
64479,67.14475389,
64480,66.25809751,
64481,66.88426304,
64482,67.00711058,
64483,66.93536771,
64484,66.49531243,
64485,66.0576494,
64486,67.14702567,
64487,67.28769983,
64488,66.99893841,
64489,67.08191926,
64490,67.46038346,
64491,67.22564242,
64492,66.45025388,
64493,65.77009476,
64494,65.47364215,
64495,65.85899482,
64496,65.62235591,
64497,65.73459226,
64498,65.26984069,
64499,65.72660678,
64500,65.41769138,
64501,65.53661491,
64502,65.71787788,
64503,65.81588926,
64504,66.36230328,
64505,66.46180423,
64506,66.30055523,
64507,65.61324127,
64508,65.28171324,
64509,65.10895275,
64510,64.94286801,
64511,64.15992721,
64512,64.55426847,
64513,64.41673877,
64514,64.16479675,
64515,63.83387424,
64516,63.84672902,
64517,62.98638468,
64518,62.42655964,
64519,62.33815653,
64520,61.96123374,
64521,61.85644544,
64522,61.8111213,
64523,61.96397235,
64524,63.04418173,
64525,63.17257144,
64526,62.85924322,
64527,63.29150576,
64528,63.16779723,
64529,63.7425212,
64530,64.30124472,
64531,63.90755642,
64532,63.78819214,
64533,63.47137174,
64534,64.1658076,
64535,64.24625154,
64536,64.38379433,
64537,64.63636489,
64538,64.96769817,
64539,64.99571291,
64540,66.2190259,
64541,67.08884133,
64542,67.45308884,
64543,68.29063844,
64544,69.14589794,
64545,70.93213232,
64546,71.9258671,
64547,72.38014315,
64548,72.99371149,
64549,74.40841153,
64550,75.81366571,
64551,76.59208209,
64552,77.74736766,
64553,77.96974963,
64554,79.96938123,
64555,81.14719324,
64556,81.97040126,
64557,82.78845615,
64558,83.91098144,
64559,85.89140689,
64560,87.03555525,
64561,86.86153697,
64562,87.81411114,
64563,89.11882469,
64564,90.75509467,
64565,90.93077175,
64566,92.01578165,
64567,92.7574813,
64568,94.81005557,
64569,95.99693412,
64570,97.11954093,
64571,96.8561157,
64572,97.44934266,
64573,96.88813023,
64574,97.34468403,
64575,97.03881853,
64576,96.95986349,
64577,97.29269308,
64578,97.77102859,
64579,97.17735115,
64580,97.25760034,
64581,97.44778042,
64582,97.23916245,
64583,97.20777694,
64584,96.97035615,
64585,97.12027101,
64586,96.96909865,
64587,96.87761273,
64588,96.69984496,
64589,96.31354899,
64590,95.90605287,
64591,95.40084364,
64592,95.16017546,
64593,94.91280741,
64594,94.26316089,
64595,94.0593213,
64596,93.816402,
64597,93.36564468,
64598,92.4394404,
64599,92.14119035,
64600,91.8619785,
64601,91.87883045,
64602,91.70153739,
64603,90.0442348,
64604,90.42807395,
64605,89.23007998,
64606,88.98491255,
64607,88.72711701,
64608,87.71607909,
64609,86.63780257,
64610,85.3479332,
64611,85.11031355,
64612,84.69399976,
64613,83.69373486,
64614,83.04512425,
64615,82.34128118,
64616,82.084546,
64617,81.62566076,
64618,82.03635438,
64619,80.63355012,
64620,79.34042516,
64621,78.62864106,
64622,78.60988558,
64623,78.77086517,
64624,78.17378524,
64625,77.26456733,
64626,77.0025838,
64627,77.15219028,
64628,77.16652353,
64629,76.73862293,
64630,76.40030529,
64631,76.16447938,
64632,74.9950017,
64633,74.7377304,
64634,74.81453268,
64635,74.65381488,
64636,74.76319485,
64637,74.23287625,
64638,73.45115145,
64639,73.41478751,
64640,72.89317198,
64641,71.92731369,
64642,71.93390472,
64643,72.16485085,
64644,72.01240351,
64645,71.35400091,
64646,69.98095066,
64647,69.93995032,
64648,69.55259606,
64649,69.2953315,
64650,69.28583527,
64651,69.03759998,
64652,68.72536876,
64653,68.74846964,
64654,69.28751589,
64655,69.21079239,
64656,69.59682237,
64657,69.9463766,
64658,69.76840672,
64659,68.84913245,
64660,69.60514646,
64661,69.98858035,
64662,70.40006421,
64663,70.06618006,
64664,69.75456602,
64665,68.08425761,
64666,69.35079273,
64667,68.90235078,
64668,68.93125564,
64669,68.50216336,
64670,67.85740664,
64671,66.55657723,
64672,65.90003612,
64673,65.78172321,
64674,64.11267764,
64675,63.39144218,
64676,62.88582615,
64677,62.07906935,
64678,60.81954566,
64679,59.31124804,
64680,59.14973273,
64681,58.79782213,
64682,58.86385083,
64683,57.87343103,
64684,57.38194506,
64685,56.33131855,
64686,55.51917526,
64687,55.04965147,
64688,54.03886202,
64689,53.71531955,
64690,53.0675347,
64691,52.69551735,
64692,52.96463292,
64693,52.96519474,
64694,53.02424252,
64695,53.75297629,
64696,53.50570542,
64697,54.39694015,
64698,54.32776442,
64699,54.75828469,
64700,54.73522282,
64701,54.80725355,
64702,54.44206241,
64703,54.58223161,
64704,54.38737945,
64705,54.5328613,
64706,54.92158181,
64707,55.03168257,
64708,55.5336326,
64709,55.98623734,
64710,56.06796348,
64711,56.2824395,
64712,56.43969508,
64713,56.84616657,
64714,57.46669795,
64715,57.61312516,
64716,58.02944069,
64717,58.35382828,
64718,59.0755039,
64719,60.01311946,
64720,60.74602374,
64721,61.00835842,
64722,61.24523227,
64723,61.76282543,
64724,62.34851109,
64725,63.07065741,
64726,63.73688335,
64727,64.40314351,
64728,65.32261325,
64729,66.21909735,
64730,66.24900596,
64731,66.68883907,
64732,67.47031826,
64733,68.7810812,
64734,69.90668891,
64735,70.16957067,
64736,70.71410526,
64737,72.30150612,
64738,73.77242363,
64739,74.26981196,
64740,74.4536694,
64741,75.37785823,
64742,77.21904534,
64743,78.27326522,
64744,78.19574233,
64745,77.80438302,
64746,80.00810944,
64747,79.49648779,
64748,79.56770497,
64749,79.94947625,
64750,80.90470389,
64751,80.49666765,
64752,81.76108672,
64753,81.29458344,
64754,82.33804537,
64755,82.96876765,
64756,82.24294254,
64757,82.54426063,
64758,83.6241691,
64759,83.77762372,
64760,84.02216068,
64761,84.48561173,
64762,84.61078087,
64763,86.01895385,
64764,86.72694528,
64765,87.03175575,
64766,87.43241504,
64767,88.61671897,
64768,90.21956886,
64769,90.60077716,
64770,91.23321843,
64771,92.19774153,
64772,93.48652054,
64773,94.29478349,
64774,94.94656349,
64775,95.57049757,
64776,98.05847149,
64777,99.03697977,
64778,99.50215524,
64779,100.0135679,
64780,101.4774652,
64781,103.3203906,
64782,104.1688035,
64783,104.4859071,
64784,106.6290606,
64785,108.3088036,
64786,108.6140272,
64787,110.232087,
64788,111.5476572,
64789,112.7756453,
64790,112.9004282,
64791,113.2865912,
64792,114.7722696,
64793,116.2016294,
64794,116.2199224,
64795,116.9515196,
64796,117.6249771,
64797,118.2827959,
64798,118.4486218,
64799,118.7195712,
64800,118.1584504,
64801,118.7137894,
64802,118.3748828,
64803,118.1608888,
64804,117.8141063,
64805,117.3890764,
64806,116.8724759,
64807,116.5016834,
64808,116.1991587,
64809,115.9215059,
64810,115.7130199,
64811,115.3432244,
64812,114.7864486,
64813,114.4848928,
64814,114.0007262,
64815,113.7527948,
64816,113.7070084,
64817,113.5334329,
64818,113.3253656,
64819,112.8354243,
64820,112.8043941,
64821,112.3279159,
64822,111.9402575,
64823,111.3186418,
64824,110.9901645,
64825,110.8558169,
64826,110.7183786,
64827,110.3886689,
64828,110.3589481,
64829,110.500916,
64830,110.0133771,
64831,109.3275462,
64832,108.4720089,
64833,108.0880358,
64834,108.1929228,
64835,107.9525222,
64836,107.253157,
64837,106.4603442,
64838,106.4647231,
64839,104.9787564,
64840,104.767673,
64841,104.4467179,
64842,104.5362962,
64843,103.8278758,
64844,103.4880202,
64845,103.4344217,
64846,102.5817648,
64847,101.5825544,
64848,100.6646434,
64849,100.8678844,
64850,101.1130313,
64851,101.0410289,
64852,100.8325968,
64853,100.2709637,
64854,100.6355842,
64855,100.0315368,
64856,98.84404863,
64857,99.94197754,
64858,99.16538699,
64859,99.86478795,
64860,100.4737295,
64861,99.75778467,
64862,99.65286845,
64863,99.39215006,
64864,99.0732539,
64865,97.52888308,
64866,96.65177937,
64867,96.18910399,
64868,94.50274403,
64869,94.66662002,
64870,93.36954001,
64871,92.67922139,
64872,92.13796668,
64873,92.32703116,
64874,91.64714303,
64875,91.2000702,
64876,89.94457092,
64877,88.36490063,
64878,87.70599158,
64879,87.06137685,
64880,86.37175904,
64881,84.78622262,
64882,84.83596361,
64883,83.72058382,
64884,83.42357302,
64885,82.24504095,
64886,82.04234378,
64887,82.12112116,
64888,81.89633017,
64889,81.14429221,
64890,80.29749087,
64891,79.537968,
64892,78.79567185,
64893,77.83941562,
64894,77.25653339,
64895,77.08365023,
64896,76.64749964,
64897,76.0400228,
64898,76.21398564,
64899,75.83359801,
64900,75.89080726,
64901,75.83700482,
64902,75.63758586,
64903,75.42275552,
64904,75.90414147,
64905,75.99063349,
64906,76.8653308,
64907,77.65530181,
64908,78.27675943,
64909,78.85902768,
64910,78.96076767,
64911,79.27922504,
64912,79.74550787,
64913,80.18197848,
64914,80.56789783,
64915,80.54531487,
64916,81.0904208,
64917,81.5425035,
64918,81.61273085,
64919,81.61659854,
64920,81.45137639,
64921,80.95061574,
64922,80.71554123,
64923,80.49266961,
64924,80.60302288,
64925,81.44415973,
64926,81.87936205,
64927,83.17389349,
64928,83.51782553,
64929,83.98274749,
64930,84.80236176,
64931,85.50792972,
64932,86.83180392,
64933,87.64249297,
64934,88.02097937,
64935,88.40723642,
64936,89.44386059,
64937,90.70108321,
64938,92.34847905,
64939,93.92178504,
64940,94.91512465,
64941,95.77326239,
64942,97.01077594,
64943,98.77728479,
64944,100.1085302,
64945,101.1542419,
64946,102.3628202,
64947,104.6873246,
64948,106.8707589,
64949,108.2839028,
64950,108.9092696,
64951,110.9405373,
64952,112.8271916,
64953,114.7146478,
64954,115.0078782,
64955,117.562802,
64956,119.3780567,
64957,121.9284507,
64958,122.5234218,
64959,123.4857975,
64960,125.2350892,
64961,127.1519545,
64962,128.1529578,
64963,127.8114678,
64964,129.2471408,
64965,130.0560234,
64966,131.3020364,
64967,131.4418396,
64968,132.2997114,
64969,133.2227568,
64970,133.3546122,
64971,133.4898355,
64972,133.6027759,
64973,133.4380729,
64974,134.3040191,
64975,134.5342919,
64976,134.5096468,
64977,135.5065198,
64978,136.4064994,
64979,137.1317752,
64980,137.8582915,
64981,138.0406201,
64982,138.716279,
64983,140.2594639,
64984,140.8855339,
64985,141.2913882,
64986,142.1195631,
64987,142.9230751,
64988,143.1760318,
64989,143.3837775,
64990,143.8275552,
64991,144.3752409,
64992,144.6205955,
64993,144.9738448,
64994,145.375248,
64995,145.8023039,
64996,146.5979865,
64997,147.8627784,
64998,148.5505497,
64999,148.9208243,
65000,148.9669477,
65001,149.1904301,
65002,149.8980746,
65003,150.6905321,
65004,150.7668578,
65005,151.3870824,
65006,151.3969586,
65007,150.9120336,
65008,150.6585208,
65009,150.2031916,
65010,148.9794528,
65011,148.7084846,
65012,148.2706788,
65013,147.9900334,
65014,147.4878309,
65015,146.8848907,
65016,146.1159853,
65017,145.9165196,
65018,145.2863515,
65019,144.880843,
65020,144.3120373,
65021,143.681718,
65022,143.7464024,
65023,142.4410301,
65024,140.8122107,
65025,139.8465467,
65026,139.7811151,
65027,138.078156,
65028,137.5321672,
65029,135.6258208,
65030,134.8175115,
65031,134.3714474,
65032,133.8491828,
65033,133.1188579,
65034,132.7098805,
65035,131.2815929,
65036,129.8832305,
65037,129.2076542,
65038,125.9129091,
65039,124.7887661,
65040,124.1273027,
65041,121.5230396,
65042,119.6070586,
65043,117.4983784,
65044,116.4887817,
65045,115.0564611,
65046,113.5802676,
65047,112.3919475,
65048,112.1567943,
65049,110.4536961,
65050,107.6401342,
65051,105.5459625,
65052,104.9146294,
65053,104.094803,
65054,102.6062318,
65055,98.63635688,
65056,97.41460644,
65057,96.26073034,
65058,93.48464385,
65059,90.88142498,
65060,90.5937977,
65061,89.45188642,
65062,88.09232676,
65063,85.76275505,
65064,84.86634266,
65065,82.96058894,
65066,80.73994937,
65067,78.08578035,
65068,77.38549507,
65069,77.93541243,
65070,76.19729631,
65071,75.05161815,
65072,73.27714996,
65073,72.94494914,
65074,72.03644822,
65075,70.87716155,
65076,69.71898777,
65077,67.64499214,
65078,67.81965199,
65079,65.54963415,
65080,63.32539973,
65081,62.11663551,
65082,62.19031092,
65083,62.27089685,
65084,61.78746966,
65085,60.52424101,
65086,60.30502678,
65087,59.15698618,
65088,59.28480688,
65089,58.86735205,
65090,58.66227886,
65091,57.77952876,
65092,57.29077996,
65093,57.28264105,
65094,57.58979981,
65095,56.91799547,
65096,57.03697732,
65097,55.98642413,
65098,55.65979757,
65099,55.54591472,
65100,55.56742856,
65101,55.99005365,
65102,56.14563944,
65103,56.2615159,
65104,56.57172026,
65105,56.53933806,
65106,56.74209072,
65107,56.99558694,
65108,56.93653274,
65109,56.76663273,
65110,56.89813579,
65111,57.07071377,
65112,57.15843938,
65113,57.41671759,
65114,57.51675953,
65115,57.45126249,
65116,57.82838367,
65117,58.05214602,
65118,57.85077097,
65119,58.23838577,
65120,57.832775,
65121,57.76548491,
65122,57.90650621,
65123,57.55059459,
65124,58.68136387,
65125,58.26602224,
65126,58.49448497,
65127,58.9659121,
65128,59.50758205,
65129,60.07277131,
65130,60.48014682,
65131,61.41684841,
65132,62.19300161,
65133,63.17825026,
65134,62.69236496,
65135,63.03234181,
65136,63.80062961,
65137,64.41351026,
65138,64.92599198,
65139,66.16536379,
65140,66.82001339,
65141,66.72871262,
65142,66.68582655,
65143,67.73342198,
65144,68.37768835,
65145,69.82754535,
65146,70.06550001,
65147,69.48126266,
65148,70.54759231,
65149,70.46632608,
65150,73.56466135,
65151,73.17558036,
65152,74.13177395,
65153,75.57428247,
65154,76.50250963,
65155,77.49751733,
65156,78.9790471,
65157,79.77484957,
65158,80.4660279,
65159,83.27050572,
65160,84.7861527,
65161,85.74072046,
65162,86.83213616,
65163,89.20682949,
65164,90.91513038,
65165,91.97194444,
65166,92.76041025,
65167,94.78758489,
65168,96.80521402,
65169,97.52849981,
65170,97.48955761,
65171,98.66198533,
65172,99.25603541,
65173,100.1637856,
65174,101.1813397,
65175,99.75057902,
65176,101.0688111,
65177,101.2800448,
65178,101.4019699,
65179,102.7766354,
65180,103.1771197,
65181,103.4590562,
65182,103.1459064,
65183,103.0860887,
65184,103.0075525,
65185,102.2053293,
65186,101.776532,
65187,101.684738,
65188,101.6236512,
65189,101.9015997,
65190,101.8591448,
65191,102.2053818,
65192,102.0214099,
65193,101.8623636,
65194,102.2100261,
65195,102.6514547,
65196,102.9827917,
65197,103.1099563,
65198,103.2740592,
65199,103.9364538,
65200,103.8407309,
65201,103.770522,
65202,104.3389159,
65203,104.7924835,
65204,105.5167246,
65205,105.9657119,
65206,105.8196587,
65207,105.8718374,
65208,106.921006,
65209,107.0278627,
65210,107.5235693,
65211,107.8516295,
65212,107.8047775,
65213,108.0719656,
65214,108.7029609,
65215,109.1786571,
65216,109.1230687,
65217,109.4309125,
65218,109.3395687,
65219,109.5070397,
65220,109.5051274,
65221,109.3586405,
65222,109.4019236,
65223,109.9585589,
65224,109.5842705,
65225,109.932837,
65226,109.332692,
65227,109.2135288,
65228,109.1535379,
65229,109.2677236,
65230,108.9845903,
65231,108.5501176,
65232,108.5757857,
65233,108.4223614,
65234,108.2099803,
65235,108.3348772,
65236,108.3865301,
65237,108.3187323,
65238,108.290478,
65239,108.2923405,
65240,108.2421539,
65241,108.0397312,
65242,108.0281824,
65243,108.0750479,
65244,108.2143866,
65245,108.4086676,
65246,108.3739018,
65247,108.2883235,
65248,108.3841215,
65249,108.2966955,
65250,108.1751763,
65251,107.966309,
65252,107.8437496,
65253,107.5078334,
65254,107.0747952,
65255,106.9793617,
65256,106.9725936,
65257,107.020449,
65258,107.5420138,
65259,107.9605695,
65260,108.9128462,
65261,109.8509595,
65262,109.2154603,
65263,109.0615966,
65264,108.9852588,
65265,109.0020948,
65266,108.8401553,
65267,108.951258,
65268,109.0363949,
65269,108.9816931,
65270,108.9854517,
65271,108.8124029,
65272,108.6906631,
65273,108.7989528,
65274,108.9586119,
65275,108.770414,
65276,108.8711823,
65277,108.9136334,
65278,108.7998032,
65279,108.9536531,
65280,109.3373492,
65281,109.6748923,
65282,109.8789271,
65283,109.8048807,
65284,108.8226357,
65285,108.3023838,
65286,108.7675882,
65287,108.1792226,
65288,107.3846668,
65289,107.304306,
65290,105.7504902,
65291,104.3722443,
65292,103.2775708,
65293,103.8898807,
65294,102.2785106,
65295,102.0141377,
65296,101.915815,
65297,101.3487897,
65298,99.84794977,
65299,99.52796051,
65300,98.29321319,
65301,98.14521206,
65302,97.2252579,
65303,97.00667397,
65304,97.30842125,
65305,95.78315464,
65306,94.58749544,
65307,95.05199537,
65308,93.84857744,
65309,92.29778789,
65310,92.08797675,
65311,91.51485137,
65312,89.70473091,
65313,88.20656402,
65314,88.39640874,
65315,87.68509331,
65316,86.29317742,
65317,85.75885847,
65318,85.7848607,
65319,84.31282921,
65320,84.16433739,
65321,84.67527847,
65322,84.21555326,
65323,83.55953769,
65324,83.79987554,
65325,83.97625883,
65326,84.0224724,
65327,83.59956856,
65328,83.09898498,
65329,82.83834334,
65330,82.422395,
65331,82.67856876,
65332,83.17812312,
65333,83.14598456,
65334,83.42548452,
65335,83.70643625,
65336,83.68736656,
65337,83.8340787,
65338,84.26446521,
65339,85.47018417,
65340,85.53404823,
65341,86.18559825,
65342,86.18160886,
65343,87.09176798,
65344,86.95017426,
65345,87.72220485,
65346,88.59429248,
65347,89.36393911,
65348,89.06182134,
65349,90.14343046,
65350,90.34042255,
65351,89.82787396,
65352,90.41874051,
65353,91.21439414,
65354,91.60857032,
65355,92.54179761,
65356,91.87819429,
65357,92.75775488,
65358,92.63301432,
65359,95.05827331,
65360,97.0108962,
65361,97.52261301,
65362,98.39133786,
65363,99.4678858,
65364,100.8605911,
65365,102.6325851,
65366,102.7373117,
65367,102.8436104,
65368,102.3947672,
65369,103.4557795,
65370,105.0085003,
65371,105.5211885,
65372,105.8108412,
65373,105.4494946,
65374,106.7195761,
65375,106.7532385,
65376,107.8562131,
65377,108.0686002,
65378,108.6714793,
65379,109.0414167,
65380,109.8125128,
65381,110.3078863,
65382,110.5879857,
65383,110.1880363,
65384,110.1304791,
65385,109.6062878,
65386,109.5134689,
65387,109.3570848,
65388,108.7659509,
65389,108.7579933,
65390,109.1105867,
65391,108.7507555,
65392,108.3679918,
65393,108.7934159,
65394,108.7396693,
65395,108.5912913,
65396,108.525111,
65397,108.4820859,
65398,108.2940186,
65399,108.2006773,
65400,108.004948,
65401,107.8872331,
65402,107.8487343,
65403,107.6605976,
65404,107.4444646,
65405,107.8862539,
65406,107.7668731,
65407,107.6203219,
65408,107.3797999,
65409,107.3050187,
65410,107.0871368,
65411,106.9139841,
65412,107.1056888,
65413,107.6880991,
65414,108.2673229,
65415,108.9670635,
65416,109.4951471,
65417,109.9495538,
65418,110.8089211,
65419,111.9622983,
65420,112.5954997,
65421,112.7280899,
65422,112.943571,
65423,114.2864323,
65424,116.0394415,
65425,117.2796153,
65426,117.3570738,
65427,117.7213033,
65428,118.8607472,
65429,119.5740112,
65430,120.376578,
65431,121.0079907,
65432,121.1782247,
65433,121.62485,
65434,123.734999,
65435,124.2996569,
65436,124.6531425,
65437,125.2429276,
65438,126.3027016,
65439,126.4961303,
65440,126.5646434,
65441,126.9845206,
65442,127.8556498,
65443,128.2034428,
65444,129.2222601,
65445,129.9112628,
65446,131.1300873,
65447,130.9481689,
65448,131.3610748,
65449,130.0342735,
65450,130.7220685,
65451,130.1656621,
65452,130.154972,
65453,129.7930391,
65454,130.0148262,
65455,130.3258033,
65456,130.2349711,
65457,129.8256171,
65458,128.9262277,
65459,129.3409626,
65460,128.699794,
65461,129.7544031,
65462,129.1889642,
65463,129.1800187,
65464,128.6607142,
65465,129.6257307,
65466,128.7692545,
65467,129.0470908,
65468,128.971474,
65469,129.2911456,
65470,129.8112571,
65471,129.8251094,
65472,130.5408828,
65473,130.2327605,
65474,130.2791181,
65475,130.16966,
65476,129.9270442,
65477,130.2554373,
65478,130.2663028,
65479,130.3310434,
65480,130.7034821,
65481,130.6507795,
65482,130.6104588,
65483,130.6187656,
65484,130.3660208,
65485,130.2290252,
65486,129.8063531,
65487,129.3971903,
65488,129.1836542,
65489,129.165546,
65490,129.1736703,
65491,128.9835891,
65492,128.7315925,
65493,128.2297257,
65494,128.0833003,
65495,128.1303423,
65496,128.2499218,
65497,128.4038234,
65498,128.560653,
65499,128.7008123,
65500,128.4908454,
65501,128.2007539,
65502,127.983755,
65503,127.6722937,
65504,126.9389999,
65505,126.423643,
65506,125.9466706,
65507,125.5988043,
65508,125.2220071,
65509,124.9512724,
65510,124.72085,
65511,125.1089014,
65512,124.5634745,
65513,124.104137,
65514,123.8331992,
65515,123.2341413,
65516,120.9213669,
65517,120.0951845,
65518,119.612088,
65519,119.1089002,
65520,119.4614928,
65521,118.95646,
65522,117.1094739,
65523,117.1882013,
65524,116.3483427,
65525,115.1966845,
65526,114.4014633,
65527,113.1683914,
65528,112.7359447,
65529,112.6375321,
65530,111.8975331,
65531,110.8840828,
65532,110.2623478,
65533,109.8243748,
65534,109.3112207,
65535,108.9389927,
65536,107.7888547,
65537,105.9885787,
65538,105.6930251,
65539,105.1990729,
65540,105.1469755,
65541,104.0739444,
65542,103.4356218,
65543,102.53586,
65544,102.3236832,
65545,101.4723771,
65546,100.1783739,
65547,98.22699456,
65548,98.53394714,
65549,97.46387979,
65550,96.0299505,
65551,94.72039105,
65552,94.52525587,
65553,94.80281713,
65554,94.01807548,
65555,93.72453192,
65556,93.48992327,
65557,92.83870484,
65558,90.4705965,
65559,90.49761358,
65560,90.36498938,
65561,90.85523757,
65562,89.69799485,
65563,89.13673095,
65564,87.54333288,
65565,87.4023992,
65566,85.21752654,
65567,84.20321305,
65568,83.72115883,
65569,83.20058568,
65570,81.72418334,
65571,79.27893006,
65572,78.08579296,
65573,76.98616356,
65574,75.60606336,
65575,73.71499455,
65576,72.70041836,
65577,71.6615895,
65578,70.39310228,
65579,68.75525256,
65580,67.09049549,
65581,66.44677004,
65582,65.45551006,
65583,63.57093858,
65584,61.53098613,
65585,61.02930447,
65586,59.45703352,
65587,57.13682362,
65588,55.05156232,
65589,54.43002119,
65590,53.37110924,
65591,52.37103086,
65592,51.68763812,
65593,49.84758694,
65594,49.38450529,
65595,48.83329419,
65596,46.57949656,
65597,45.75635273,
65598,44.82971359,
65599,44.38653181,
65600,44.22897349,
65601,43.95454299,
65602,43.51185937,
65603,42.6156332,
65604,42.39968965,
65605,42.28295587,
65606,42.02880323,
65607,42.07508969,
65608,41.98931574,
65609,42.15222921,
65610,42.42039306,
65611,42.68533068,
65612,42.95237306,
65613,43.10690368,
65614,43.11363434,
65615,43.23626711,
65616,43.43288489,
65617,43.35784606,
65618,43.47032591,
65619,43.83716268,
65620,44.5323015,
65621,44.77430917,
65622,45.14494414,
65623,45.86685944,
65624,45.74293576,
65625,45.93500208,
65626,45.69225983,
65627,46.5811797,
65628,46.86578113,
65629,46.7394485,
65630,47.01838028,
65631,45.73942686,
65632,45.81844162,
65633,46.03534735,
65634,47.94627441,
65635,48.53644958,
65636,49.40313142,
65637,50.5087997,
65638,50.17529387,
65639,50.3906627,
65640,52.02386075,
65641,53.22741546,
65642,53.23541475,
65643,53.0165169,
65644,54.15787886,
65645,54.76461967,
65646,57.34908472,
65647,58.32243168,
65648,59.3793138,
65649,60.47727458,
65650,62.68230437,
65651,64.43799483,
65652,65.09322015,
65653,65.81455243,
65654,67.84292497,
65655,69.28550745,
65656,71.15501669,
65657,70.90762237,
65658,71.72088198,
65659,72.41533834,
65660,74.85345322,
65661,76.32477292,
65662,77.73690405,
65663,77.99014191,
65664,79.70710549,
65665,81.79762805,
65666,82.73394919,
65667,82.84818367,
65668,82.99507361,
65669,83.81831323,
65670,84.16777959,
65671,84.22880729,
65672,84.09497045,
65673,84.67074915,
65674,84.74031681,
65675,83.8904123,
65676,84.16629646,
65677,84.27445643,
65678,83.7774995,
65679,84.01090113,
65680,84.65852,
65681,85.30861242,
65682,85.14237314,
65683,84.182991,
65684,83.98090838,
65685,83.66759569,
65686,83.75284486,
65687,83.88195009,
65688,83.81215644,
65689,83.87353609,
65690,84.47545942,
65691,84.37590995,
65692,84.97575396,
65693,85.72916953,
65694,86.6119208,
65695,87.9317798,
65696,87.74756547,
65697,87.53466362,
65698,87.50579251,
65699,87.95927749,
65700,87.52114972,
65701,87.43010562,
65702,87.69946391,
65703,88.12484812,
65704,88.31958416,
65705,88.9910192,
65706,89.06693027,
65707,89.17656244,
65708,89.16753159,
65709,89.14750701,
65710,89.16984095,
65711,89.20896795,
65712,89.37369979,
65713,89.42906267,
65714,89.57599705,
65715,88.90827355,
65716,88.58576947,
65717,88.01991194,
65718,87.44943472,
65719,87.18453678,
65720,87.03187818,
65721,86.69406137,
65722,86.4304962,
65723,85.97589603,
65724,84.90232855,
65725,84.67255362,
65726,84.32862587,
65727,83.90335196,
65728,84.30026819,
65729,83.62254005,
65730,82.3397666,
65731,81.75010957,
65732,81.32218893,
65733,80.55385352,
65734,79.75986272,
65735,79.27939999,
65736,77.87316075,
65737,77.4692133,
65738,76.7434224,
65739,75.6561428,
65740,74.31754684,
65741,73.19021551,
65742,72.59836861,
65743,71.82104083,
65744,71.80010175,
65745,71.57168603,
65746,70.91041861,
65747,70.65226289,
65748,69.72405534,
65749,69.23923286,
65750,68.91293839,
65751,68.99216684,
65752,68.66128283,
65753,68.02499736,
65754,68.06449047,
65755,67.7690562,
65756,67.89725719,
65757,67.80473863,
65758,68.03783515,
65759,68.25950467,
65760,68.66730063,
65761,69.31922827,
65762,69.31975732,
65763,69.19801387,
65764,68.80467672,
65765,68.16142272,
65766,68.53453282,
65767,68.01298619,
65768,67.98161446,
65769,67.52952494,
65770,67.42975988,
65771,67.2864007,
65772,67.22331057,
65773,67.02043132,
65774,66.55763431,
65775,65.92385712,
65776,65.58453369,
65777,64.8523838,
65778,63.65428118,
65779,63.4556438,
65780,63.51731793,
65781,63.06387871,
65782,61.79639649,
65783,61.33979194,
65784,60.42461052,
65785,60.33163253,
65786,59.39959383,
65787,58.10657606,
65788,57.13181059,
65789,57.07676074,
65790,56.75205344,
65791,56.46564907,
65792,55.22875498,
65793,53.93900245,
65794,53.02098836,
65795,53.25460456,
65796,52.66828511,
65797,51.02062763,
65798,50.60727554,
65799,49.73570168,
65800,49.24947722,
65801,49.17429382,
65802,50.1336104,
65803,48.53433743,
65804,48.04158175,
65805,46.33195673,
65806,47.17168392,
65807,46.70970363,
65808,45.13914829,
65809,44.27415332,
65810,42.51399673,
65811,41.64414422,
65812,40.78173278,
65813,40.33041323,
65814,38.60314503,
65815,37.27083874,
65816,36.41624484,
65817,35.76444225,
65818,34.69267813,
65819,33.20349883,
65820,31.05442824,
65821,29.37759557,
65822,28.86983774,
65823,27.73312937,
65824,25.49600704,
65825,23.6621891,
65826,22.77350689,
65827,20.79295727,
65828,18.60152232,
65829,17.8449534,
65830,16.86853934,
65831,15.24742524,
65832,14.21219906,
65833,14.01256447,
65834,13.80272258,
65835,13.79586561,
65836,13.795502,
65837,14.10838655,
65838,14.5563543,
65839,15.74018893,
65840,16.83370158,
65841,17.52447646,
65842,18.11272566,
65843,19.3886172,
65844,21.07983055,
65845,21.59868222,
65846,21.67518091,
65847,22.50225288,
65848,22.28805848,
65849,23.66257089,
65850,24.89739138,
65851,25.34266051,
65852,26.00478537,
65853,26.9496144,
65854,26.09146622,
65855,27.64524589,
65856,28.90874057,
65857,31.14143771,
65858,31.96614839,
65859,32.77070328,
65860,35.36744037,
65861,36.77761918,
65862,38.2565552,
65863,38.93440193,
65864,41.58214567,
65865,42.91470646,
65866,43.65342375,
65867,44.24797293,
65868,45.6773999,
65869,47.25745517,
65870,48.9039693,
65871,49.0140493,
65872,51.16947602,
65873,53.35875841,
65874,53.60999143,
65875,54.19417344,
65876,54.61432706,
65877,55.41585469,
65878,56.79943152,
65879,56.88891674,
65880,57.69085891,
65881,59.23005345,
65882,61.4382655,
65883,61.57811927,
65884,62.0680275,
65885,63.78343026,
65886,64.73021346,
65887,65.41446789,
65888,66.6806748,
65889,68.3145928,
65890,69.41331851,
65891,69.5504998,
65892,71.35077699,
65893,72.28399868,
65894,73.46061741,
65895,74.26136742,
65896,76.10931445,
65897,77.34948399,
65898,78.37455989,
65899,78.83079822,
65900,80.81905451,
65901,82.46280153,
65902,83.61795463,
65903,84.3352772,
65904,85.607112,
65905,87.48071344,
65906,88.20910581,
65907,89.46654092,
65908,90.09050375,
65909,90.36792495,
65910,91.18800718,
65911,90.90449265,
65912,91.63002097,
65913,92.04852341,
65914,92.63197112,
65915,92.49762343,
65916,92.34320858,
65917,92.15149938,
65918,92.3883699,
65919,92.79504467,
65920,92.08739202,
65921,91.71965436,
65922,91.05915489,
65923,91.01772321,
65924,91.18694349,
65925,90.03136448,
65926,89.89239779,
65927,89.72074224,
65928,88.92145066,
65929,88.52351886,
65930,87.24926468,
65931,86.04299615,
65932,85.2245983,
65933,85.08818413,
65934,85.2906312,
65935,85.16384908,
65936,84.77052078,
65937,84.50344974,
65938,84.39728482,
65939,83.76833817,
65940,83.32113604,
65941,82.84862919,
65942,82.56180296,
65943,82.27206074,
65944,81.95206912,
65945,81.202676,
65946,80.70192264,
65947,80.64680396,
65948,80.27208391,
65949,79.74120231,
65950,78.7082823,
65951,77.6577548,
65952,77.14937913,
65953,76.92279435,
65954,76.6824175,
65955,76.35782207,
65956,75.73248852,
65957,74.91331057,
65958,73.90600722,
65959,73.24156681,
65960,73.06800363,
65961,72.54339205,
65962,72.23960042,
65963,71.65116858,
65964,70.90605174,
65965,69.77492555,
65966,69.35500625,
65967,68.21747262,
65968,67.65623631,
65969,67.80322512,
65970,67.32904996,
65971,66.55908828,
65972,65.99021127,
65973,65.83249734,
65974,64.98450281,
65975,64.35447957,
65976,63.80078697,
65977,63.02186469,
65978,62.22044144,
65979,61.88274351,
65980,61.49699362,
65981,61.56299288,
65982,60.3175751,
65983,60.06492148,
65984,59.2768126,
65985,58.77661011,
65986,58.65585079,
65987,58.17029854,
65988,57.40737941,
65989,57.35073029,
65990,57.29334353,
65991,57.95033835,
65992,56.99669293,
65993,56.46856799,
65994,55.56456213,
65995,55.60545712,
65996,55.84956988,
65997,55.21940603,
65998,54.50212237,
65999,53.95144274,
66000,54.43495058,
66001,53.64369295,
66002,51.05309126,
66003,50.00424998,
66004,49.10064319,
66005,47.60656158,
66006,46.70558982,
66007,45.1385318,
66008,44.63857297,
66009,43.45464247,
66010,42.54139071,
66011,41.84683263,
66012,41.21648542,
66013,40.40981112,
66014,39.58720038,
66015,39.14398627,
66016,38.09999344,
66017,36.94285784,
66018,36.41886025,
66019,35.69061989,
66020,34.99091516,
66021,34.73555015,
66022,34.51795266,
66023,34.04517417,
66024,33.65852588,
66025,33.2483382,
66026,33.0694368,
66027,32.61867153,
66028,32.1932639,
66029,31.80537739,
66030,31.86234643,
66031,31.77854921,
66032,31.87882357,
66033,31.73827321,
66034,32.02356053,
66035,32.11269095,
66036,32.61866242,
66037,33.40325592,
66038,33.68147243,
66039,34.15502215,
66040,35.18895301,
66041,36.56200668,
66042,37.47346774,
66043,37.98874681,
66044,37.94344456,
66045,39.62891227,
66046,40.58961728,
66047,40.79032885,
66048,41.09322875,
66049,40.86571599,
66050,43.34567863,
66051,45.55457667,
66052,46.29709647,
66053,47.55535328,
66054,49.0263071,
66055,51.75150097,
66056,52.59825042,
66057,52.76184991,
66058,54.55798052,
66059,55.70792136,
66060,57.64068829,
66061,58.32848439,
66062,59.64402877,
66063,61.68072506,
66064,62.6809386,
66065,62.93839633,
66066,62.97370919,
66067,64.58567108,
66068,66.48585465,
66069,66.60469558,
66070,67.71074538,
66071,68.36667337,
66072,69.40072518,
66073,69.76492938,
66074,69.53827945,
66075,68.78705105,
66076,68.50372073,
66077,68.6091675,
66078,69.15554474,
66079,69.33272044,
66080,69.45360124,
66081,69.90908291,
66082,70.0889473,
66083,70.55454347,
66084,70.55742419,
66085,70.96346103,
66086,71.48291753,
66087,72.14917323,
66088,72.78397295,
66089,73.11417233,
66090,74.34981863,
66091,75.75682822,
66092,76.16855125,
66093,76.98591221,
66094,78.43263416,
66095,79.47834711,
66096,80.35742478,
66097,80.51267744,
66098,80.94989429,
66099,81.91469194,
66100,81.82828638,
66101,81.98466811,
66102,82.18368705,
66103,82.68555449,
66104,83.88767438,
66105,84.63245302,
66106,85.33346968,
66107,86.15686927,
66108,87.24167222,
66109,87.88422849,
66110,88.08517343,
66111,88.13306553,
66112,88.74498258,
66113,89.76142651,
66114,90.39763676,
66115,91.28416521,
66116,91.64083119,
66117,92.02259663,
66118,91.81281162,
66119,91.53729048,
66120,91.69694886,
66121,91.81918822,
66122,91.76198778,
66123,91.95057729,
66124,91.81798563,
66125,92.02227343,
66126,91.83108208,
66127,91.49884388,
66128,90.91502544,
66129,90.30074052,
66130,89.85182776,
66131,89.24389393,
66132,89.30104941,
66133,88.14055541,
66134,87.04975319,
66135,86.20504234,
66136,85.81764093,
66137,84.80731413,
66138,83.82470106,
66139,82.79368397,
66140,82.62710044,
66141,81.90333822,
66142,81.06079742,
66143,80.48470854,
66144,80.1227578,
66145,78.97196344,
66146,78.47290586,
66147,78.32365916,
66148,78.34429595,
66149,78.14791944,
66150,78.19374838,
66151,78.02274785,
66152,77.95014171,
66153,77.94911009,
66154,78.27185581,
66155,78.25698063,
66156,78.28615299,
66157,77.87415845,
66158,77.21430261,
66159,77.01853884,
66160,77.33662786,
66161,77.30849528,
66162,77.35330924,
66163,77.18460385,
66164,77.27147801,
66165,77.6436014,
66166,78.09760344,
66167,78.41606843,
66168,79.45939251,
66169,80.03688885,
66170,80.84230908,
66171,81.1306057,
66172,81.8931259,
66173,82.31926602,
66174,83.14624075,
66175,83.57630158,
66176,84.38615203,
66177,86.04631143,
66178,87.79819618,
66179,88.76309952,
66180,88.88080948,
66181,90.67440614,
66182,91.91613537,
66183,93.48918963,
66184,93.44408273,
66185,95.23717419,
66186,96.98097256,
66187,97.84483432,
66188,98.7818611,
66189,99.97829827,
66190,100.7231394,
66191,101.7958579,
66192,101.2876803,
66193,102.6903371,
66194,103.1204521,
66195,103.4777509,
66196,104.4781457,
66197,105.9080009,
66198,106.7383793,
66199,107.1623726,
66200,108.5350607,
66201,110.1311798,
66202,110.4014823,
66203,111.3439059,
66204,112.6612484,
66205,114.230817,
66206,115.1189888,
66207,115.7598285,
66208,117.6542068,
66209,118.4752563,
66210,119.2457348,
66211,120.1987336,
66212,121.9624187,
66213,123.4723982,
66214,124.9130616,
66215,125.4756104,
66216,127.8264728,
66217,129.6927057,
66218,131.5211237,
66219,132.1042089,
66220,134.2424203,
66221,136.2252867,
66222,137.4479418,
66223,138.814714,
66224,140.825781,
66225,142.2373773,
66226,142.9591455,
66227,144.3655031,
66228,145.6802039,
66229,147.4631893,
66230,148.2297913,
66231,150.0909363,
66232,150.9412622,
66233,153.1787551,
66234,154.90991,
66235,155.6413904,
66236,158.580927,
66237,160.3133877,
66238,161.830977,
66239,163.3815896,
66240,165.6676523,
66241,166.9443987,
66242,167.779142,
66243,169.9930879,
66244,172.4082537,
66245,173.3765093,
66246,174.2894657,
66247,176.4191163,
66248,178.6615837,
66249,179.3145879,
66250,180.5086948,
66251,182.4078243,
66252,184.2817009,
66253,184.7160735,
66254,185.7237353,
66255,187.0072002,
66256,187.6278448,
66257,187.9657991,
66258,188.9840497,
66259,190.3863011,
66260,191.1149897,
66261,191.644835,
66262,193.4853624,
66263,194.3495889,
66264,194.9834927,
66265,195.5448906,
66266,196.4242482,
66267,197.3706511,
66268,197.8686622,
66269,198.6722836,
66270,199.7941008,
66271,201.148534,
66272,201.6697336,
66273,202.4420213,
66274,203.7513202,
66275,205.105773,
66276,206.0331603,
66277,206.7535809,
66278,208.3153316,
66279,209.4263671,
66280,210.0453144,
66281,210.5902403,
66282,212.0789525,
66283,213.2815758,
66284,213.9906379,
66285,215.275616,
66286,216.3531388,
66287,218.0012123,
66288,218.5710064,
66289,219.2188223,
66290,220.0899134,
66291,221.558379,
66292,222.0212333,
66293,222.842286,
66294,223.8009427,
66295,225.230565,
66296,226.3985052,
66297,227.2360941,
66298,227.6406755,
66299,228.0142791,
66300,229.2483958,
66301,230.2418591,
66302,231.2679707,
66303,232.3921289,
66304,233.4206598,
66305,234.0898167,
66306,236.6505386,
66307,237.6798827,
66308,238.7662888,
66309,239.0486777,
66310,240.6348146,
66311,242.0963178,
66312,243.4292792,
66313,244.0460118,
66314,244.9743216,
66315,247.1444652,
66316,248.7483716,
66317,249.5287918,
66318,250.2486759,
66319,251.0755944,
66320,252.3608345,
66321,253.0182993,
66322,254.0522996,
66323,254.4671655,
66324,255.22096,
66325,255.6891358,
66326,256.3590037,
66327,256.9649325,
66328,257.4382443,
66329,257.7222085,
66330,258.2932233,
66331,258.7814394,
66332,259.7652686,
66333,260.818323,
66334,261.3473619,
66335,261.702166,
66336,263.0876665,
66337,264.2997204,
66338,265.6883742,
66339,266.2474414,
66340,267.1415664,
66341,267.9448146,
66342,269.2515784,
66343,270.4384172,
66344,271.6836704,
66345,272.8134162,
66346,274.5484588,
66347,276.1596621,
66348,277.5739966,
66349,277.8914427,
66350,278.4983527,
66351,279.5870199,
66352,280.7580642,
66353,281.7492968,
66354,282.8330701,
66355,283.881866,
66356,284.3805921,
66357,284.820574,
66358,285.1360229,
66359,285.5293446,
66360,285.839985,
66361,286.0831023,
66362,286.7065573,
66363,286.7807889,
66364,287.1580091,
66365,287.485597,
66366,289.0266011,
66367,289.9067696,
66368,290.5436216,
66369,291.5142931,
66370,292.7906721,
66371,294.0173019,
66372,295.3681914,
66373,296.0839292,
66374,297.5536381,
66375,299.0372536,
66376,300.1606854,
66377,301.1882504,
66378,301.8063344,
66379,302.8705134,
66380,304.4280752,
66381,306.3515996,
66382,306.9576366,
66383,308.764793,
66384,311.1015957,
66385,312.8996284,
66386,313.5242496,
66387,314.3917168,
66388,316.2023854,
66389,317.9667277,
66390,319.2097988,
66391,320.2494046,
66392,323.0014908,
66393,323.9877497,
66394,325.0532201,
66395,326.7562172,
66396,328.6625818,
66397,329.7333473,
66398,330.3048788,
66399,330.5500459,
66400,331.4917315,
66401,333.0231702,
66402,333.8983644,
66403,335.5762056,
66404,337.6157563,
66405,339.0938274,
66406,340.1130006,
66407,340.9520197,
66408,342.64112,
66409,344.118314,
66410,345.2958539,
66411,345.8426887,
66412,347.1140574,
66413,347.7721716,
66414,348.7580977,
66415,349.2003199,
66416,349.5041666,
66417,349.7297413,
66418,350.3109657,
66419,351.3876855,
66420,352.3736729,
66421,353.2151181,
66422,353.7746761,
66423,354.5034288,
66424,356.0926387,
66425,357.1623968,
66426,357.2429385,
66427,358.0980301,
66428,359.2068256,
66429,360.2897617,
66430,360.7929174,
66431,360.988865,
66432,361.7622436,
66433,362.3691926,
66434,362.5103628,
66435,362.4356919,
66436,362.5495851,
66437,363.093674,
66438,364.260553,
66439,364.8167086,
66440,365.0572283,
66441,365.6824569,
66442,365.8941564,
66443,365.7424864,
66444,365.5275453,
66445,365.3390088,
66446,365.058772,
66447,365.0019625,
66448,364.8409035,
66449,364.5334326,
66450,364.3153743,
66451,363.771301,
66452,363.0089124,
66453,362.8818766,
66454,362.560892,
66455,361.7777426,
66456,361.3682307,
66457,361.0612726,
66458,360.9248871,
66459,360.6470219,
66460,360.8554427,
66461,360.0840174,
66462,359.7402029,
66463,359.4115984,
66464,359.2498811,
66465,358.8322802,
66466,357.8892855,
66467,357.1402676,
66468,356.2283735,
66469,355.6176617,
66470,355.1207857,
66471,354.2770284,
66472,352.990496,
66473,352.0532051,
66474,351.3295101,
66475,350.5091808,
66476,349.2664061,
66477,348.2222216,
66478,347.5057021,
66479,347.4982064,
66480,346.9698349,
66481,346.7667261,
66482,346.4164901,
66483,346.3304363,
66484,346.137368,
66485,346.0584711,
66486,346.0237809,
66487,345.9754576,
66488,345.5621396,
66489,345.6445771,
66490,345.8881733,
66491,346.0035498,
66492,345.6149202,
66493,345.3531169,
66494,345.7609186,
66495,345.857321,
66496,345.9584621,
66497,345.4966817,
66498,344.9595332,
66499,344.6517205,
66500,344.3558747,
66501,344.317412,
66502,343.8902287,
66503,343.9628189,
66504,344.3013115,
66505,343.879947,
66506,343.4983945,
66507,343.4669966,
66508,342.8900798,
66509,342.4435018,
66510,342.2800596,
66511,342.371728,
66512,342.1707425,
66513,341.0626437,
66514,340.3912579,
66515,339.5094375,
66516,338.6850471,
66517,337.3194571,
66518,337.5304931,
66519,336.4528704,
66520,335.5620983,
66521,334.813599,
66522,334.0282332,
66523,333.196186,
66524,331.5177548,
66525,330.2267473,
66526,329.9192318,
66527,328.9730892,
66528,327.4851519,
66529,325.880385,
66530,324.708884,
66531,323.7597621,
66532,322.0353069,
66533,320.360446,
66534,319.1395788,
66535,318.976885,
66536,317.5893768,
66537,316.2093403,
66538,314.7518745,
66539,313.7793978,
66540,312.999697,
66541,311.457214,
66542,309.4766868,
66543,308.2788097,
66544,307.43098,
66545,306.5504854,
66546,305.691806,
66547,304.6361552,
66548,303.4161294,
66549,302.8481492,
66550,301.4137817,
66551,299.7988078,
66552,297.5444963,
66553,297.1062784,
66554,296.5115158,
66555,295.7251891,
66556,294.8790851,
66557,294.1212826,
66558,293.0663961,
66559,292.6035133,
66560,292.8036311,
66561,291.2962102,
66562,289.2065479,
66563,288.8986367,
66564,288.243216,
66565,287.5875343,
66566,287.5277573,
66567,286.4222935,
66568,285.4855246,
66569,285.0178782,
66570,283.7478188,
66571,282.4748824,
66572,281.0662822,
66573,280.5734628,
66574,279.9597843,
66575,278.3049478,
66576,276.455586,
66577,276.0152533,
66578,275.0591407,
66579,273.594747,
66580,272.0732488,
66581,271.3794935,
66582,271.0309656,
66583,269.7037466,
66584,268.3281279,
66585,266.9019845,
66586,266.3769395,
66587,265.2069014,
66588,262.9980033,
66589,261.4817313,
66590,261.1494371,
66591,260.5853086,
66592,258.3227198,
66593,256.1595338,
66594,255.5417173,
66595,253.1071645,
66596,250.6596457,
66597,248.9710248,
66598,248.5593726,
66599,247.1466634,
66600,244.5470767,
66601,242.854721,
66602,242.1880064,
66603,240.1504748,
66604,236.9733524,
66605,236.1581528,
66606,234.9516861,
66607,233.4172566,
66608,230.2993607,
66609,229.1053171,
66610,226.616236,
66611,224.1861478,
66612,222.1785647,
66613,222.0227092,
66614,220.4731857,
66615,217.8182573,
66616,215.9049458,
66617,215.1259469,
66618,213.1313673,
66619,210.432668,
66620,209.9426024,
66621,208.0262038,
66622,206.2950116,
66623,204.9279032,
66624,204.0115985,
66625,201.797687,
66626,199.2092239,
66627,198.2977441,
66628,197.5055128,
66629,195.2408917,
66630,193.8911256,
66631,192.0170157,
66632,189.5835296,
66633,186.8887842,
66634,187.1397891,
66635,184.813766,
66636,182.8383699,
66637,181.7938325,
66638,180.9626923,
66639,178.537943,
66640,176.9936308,
66641,176.400623,
66642,175.4556436,
66643,174.4904205,
66644,174.2663901,
66645,174.4719023,
66646,173.7668813,
66647,172.6883318,
66648,172.8137878,
66649,172.1427798,
66650,171.4095821,
66651,171.6567814,
66652,171.5615284,
66653,170.889071,
66654,171.0735587,
66655,170.9868318,
66656,171.737895,
66657,172.1092606,
66658,172.5480272,
66659,173.8400968,
66660,174.2493224,
66661,174.8163543,
66662,174.9839444,
66663,175.7671867,
66664,176.8641409,
66665,177.295976,
66666,178.7739852,
66667,180.4929797,
66668,181.3796362,
66669,182.2122924,
66670,182.9741311,
66671,185.089625,
66672,185.7034768,
66673,186.8852187,
66674,189.3533119,
66675,190.6441269,
66676,192.0302322,
66677,193.9289825,
66678,196.0998493,
66679,197.2787647,
66680,198.5343462,
66681,201.0350482,
66682,203.3418123,
66683,203.9141091,
66684,205.1934612,
66685,207.3788087,
66686,208.6050913,
66687,209.0117701,
66688,210.5157646,
66689,211.3096319,
66690,213.9357043,
66691,214.2055123,
66692,215.9534407,
66693,217.7157922,
66694,218.3608505,
66695,219.0725691,
66696,220.4652426,
66697,222.421514,
66698,223.5305509,
66699,223.5728096,
66700,224.8597173,
66701,226.7452931,
66702,227.4771849,
66703,227.8434266,
66704,229.6725294,
66705,231.7721404,
66706,233.3377587,
66707,233.4630388,
66708,234.8276739,
66709,236.8334099,
66710,237.8337013,
66711,238.7076967,
66712,240.7495814,
66713,242.725927,
66714,243.9228006,
66715,245.0841796,
66716,246.5496814,
66717,247.4211743,
66718,248.1679158,
66719,249.3355065,
66720,250.4825343,
66721,251.6632712,
66722,251.9720952,
66723,252.719475,
66724,254.5157935,
66725,255.4616797,
66726,255.2922377,
66727,255.2142978,
66728,255.6159474,
66729,257.1594852,
66730,257.4500645,
66731,257.3422875,
66732,257.5023738,
66733,257.1386882,
66734,256.4612733,
66735,255.9020517,
66736,255.5313178,
66737,254.8144411,
66738,254.1191665,
66739,253.8311059,
66740,253.2682224,
66741,252.8180895,
66742,252.4599832,
66743,252.3140979,
66744,251.8208989,
66745,251.8017434,
66746,251.6432054,
66747,251.4700884,
66748,251.4470551,
66749,251.4575066,
66750,251.4535676,
66751,251.7395182,
66752,251.9657297,
66753,252.386733,
66754,251.9995451,
66755,252.144993,
66756,251.9762352,
66757,252.0392,
66758,251.6813452,
66759,251.4859068,
66760,251.5650635,
66761,251.3641491,
66762,250.7704999,
66763,250.4534583,
66764,250.2971988,
66765,250.0819256,
66766,249.8083381,
66767,249.9178412,
66768,249.6837955,
66769,249.3712274,
66770,248.8874109,
66771,248.4042045,
66772,247.9737983,
66773,247.2619987,
66774,247.0218678,
66775,246.7900687,
66776,246.4556006,
66777,246.3202946,
66778,246.4025037,
66779,246.3201172,
66780,246.4762514,
66781,247.0321739,
66782,246.5160711,
66783,245.7848458,
66784,245.1763328,
66785,245.0519448,
66786,244.7463853,
66787,244.396918,
66788,243.8433747,
66789,243.4793314,
66790,243.3366567,
66791,243.0251932,
66792,242.403806,
66793,242.0378783,
66794,241.3464797,
66795,240.8748744,
66796,240.7911477,
66797,239.5588473,
66798,239.0205609,
66799,238.0932037,
66800,236.8573391,
66801,235.3645293,
66802,234.7633266,
66803,234.2259601,
66804,233.5542348,
66805,232.1270671,
66806,230.6806108,
66807,229.7205516,
66808,228.4055631,
66809,226.1789479,
66810,224.3717994,
66811,223.5438581,
66812,222.6912236,
66813,221.3557918,
66814,219.8482407,
66815,219.0010686,
66816,218.1551914,
66817,216.7142284,
66818,214.6659497,
66819,213.5067922,
66820,212.8532674,
66821,211.530384,
66822,209.6230792,
66823,207.9993237,
66824,207.1536257,
66825,205.676059,
66826,203.8027746,
66827,202.2035003,
66828,200.7177991,
66829,200.0090719,
66830,198.5996109,
66831,197.5944466,
66832,197.1569683,
66833,195.7524282,
66834,194.8453424,
66835,192.8974903,
66836,192.1270504,
66837,191.6132584,
66838,189.8669818,
66839,188.9873822,
66840,188.3648705,
66841,187.9506805,
66842,187.8239756,
66843,187.1675649,
66844,185.8168938,
66845,185.2339238,
66846,184.5008593,
66847,183.5120639,
66848,182.4753388,
66849,182.04941,
66850,181.4577594,
66851,181.5119403,
66852,180.5851637,
66853,179.3258328,
66854,178.255672,
66855,177.1854518,
66856,175.8613592,
66857,173.7640189,
66858,172.4643939,
66859,171.694386,
66860,169.5740142,
66861,167.4834933,
66862,167.1320963,
66863,166.540462,
66864,164.8368999,
66865,162.1814035,
66866,161.6184929,
66867,160.3099797,
66868,157.7178556,
66869,156.1001202,
66870,155.2242679,
66871,153.4693969,
66872,151.8600835,
66873,151.0215448,
66874,149.7731906,
66875,147.0868267,
66876,145.475111,
66877,145.2508557,
66878,142.797788,
66879,140.1041078,
66880,138.9340429,
66881,137.738155,
66882,136.1150161,
66883,134.9480629,
66884,134.0702537,
66885,134.1254106,
66886,133.2501845,
66887,132.5751282,
66888,132.1112804,
66889,132.4948795,
66890,133.2924667,
66891,133.3717511,
66892,133.8910154,
66893,134.4268904,
66894,135.2809281,
66895,135.4758062,
66896,135.5746816,
66897,136.4093838,
66898,136.6773079,
66899,136.8226555,
66900,137.2900196,
66901,137.4451763,
66902,137.6036979,
66903,138.3099664,
66904,138.9095823,
66905,139.4415868,
66906,139.9967273,
66907,140.3481591,
66908,140.5311872,
66909,140.908924,
66910,141.6571449,
66911,142.3504063,
66912,143.2209985,
66913,143.3191439,
66914,143.9075734,
66915,144.4003545,
66916,145.3950021,
66917,145.5912212,
66918,145.9458945,
66919,146.4753242,
66920,148.0821672,
66921,149.0133354,
66922,149.860903,
66923,150.2306768,
66924,152.0261538,
66925,153.2080935,
66926,153.5694258,
66927,154.4283899,
66928,156.4119442,
66929,158.3335409,
66930,160.3126016,
66931,161.0691329,
66932,162.6112688,
66933,164.0525806,
66934,165.2543449,
66935,166.0610148,
66936,167.486796,
66937,168.5369133,
66938,169.6649441,
66939,171.9937057,
66940,172.006039,
66941,173.1144603,
66942,174.2229198,
66943,176.1143373,
66944,176.537836,
66945,177.6771661,
66946,178.0268766,
66947,178.0248743,
66948,177.8013217,
66949,177.9387526,
66950,178.5670467,
66951,178.7072614,
66952,179.6238825,
66953,179.9467796,
66954,180.2737618,
66955,180.4832332,
66956,180.1507101,
66957,180.2356658,
66958,180.1725139,
66959,179.6913771,
66960,179.9379283,
66961,179.8211088,
66962,180.0692994,
66963,179.9513957,
66964,179.6983466,
66965,179.9097341,
66966,179.6663551,
66967,179.1248486,
66968,179.658163,
66969,179.602059,
66970,179.8940459,
66971,180.2676783,
66972,180.6985394,
66973,181.3037584,
66974,181.2166119,
66975,181.7526295,
66976,182.2036122,
66977,182.5756856,
66978,183.232499,
66979,183.7738712,
66980,184.501877,
66981,184.906818,
66982,185.3269842,
66983,186.1752595,
66984,186.8161132,
66985,187.7462183,
66986,188.332046,
66987,189.9366939,
66988,190.5240911,
66989,191.3314873,
66990,192.7232967,
66991,193.8852343,
66992,194.5132864,
66993,195.5891905,
66994,196.769147,
66995,197.7602513,
66996,197.9684054,
66997,198.5660129,
66998,200.3339626,
66999,202.0774593,
67000,202.7322769,
67001,204.5459226,
67002,205.8570833,
67003,206.377152,
67004,207.0370328,
67005,208.2847312,
67006,208.7270813,
67007,209.0054521,
67008,208.9876313,
67009,209.6771384,
67010,210.255998,
67011,210.4363933,
67012,210.1175753,
67013,209.7351366,
67014,209.3029948,
67015,208.918446,
67016,208.6485332,
67017,208.4375961,
67018,207.7100266,
67019,207.3221021,
67020,206.8968373,
67021,206.450154,
67022,205.5610847,
67023,204.5814584,
67024,204.6500355,
67025,204.2793908,
67026,203.322232,
67027,203.0288668,
67028,202.5501408,
67029,202.5631536,
67030,202.0811318,
67031,201.3300636,
67032,199.8633022,
67033,199.3325748,
67034,199.4938229,
67035,198.4094129,
67036,197.7423004,
67037,197.1482656,
67038,196.0210136,
67039,195.343698,
67040,194.6987299,
67041,192.0957787,
67042,190.8121261,
67043,190.1364983,
67044,189.0824821,
67045,186.7975321,
67046,185.4257417,
67047,184.8616681,
67048,183.8053157,
67049,181.8839052,
67050,179.5227726,
67051,178.3113267,
67052,177.4721026,
67053,176.1614814,
67054,173.3341612,
67055,171.364175,
67056,170.7003024,
67057,168.237729,
67058,165.3294312,
67059,164.4883783,
67060,162.5137268,
67061,160.1641496,
67062,158.9478047,
67063,157.0181923,
67064,153.6833006,
67065,151.6908427,
67066,150.7892173,
67067,148.3693315,
67068,145.3652255,
67069,145.1563831,
67070,143.8458482,
67071,142.2847113,
67072,140.7739384,
67073,139.0688094,
67074,138.314562,
67075,136.4804568,
67076,133.6082122,
67077,133.1324218,
67078,131.7192142,
67079,129.3489799,
67080,126.9550229,
67081,126.5915607,
67082,124.4290325,
67083,122.183818,
67084,121.2463748,
67085,120.0284358,
67086,117.1131472,
67087,114.9312835,
67088,114.415825,
67089,112.93924,
67090,111.5960658,
67091,109.3396418,
67092,109.0273975,
67093,107.2795514,
67094,104.7252437,
67095,103.1463965,
67096,103.5080141,
67097,101.5676878,
67098,99.64746105,
67099,98.12097821,
67100,97.45569934,
67101,94.90676566,
67102,93.35059979,
67103,92.40611809,
67104,91.68116337,
67105,90.39004609,
67106,90.14735121,
67107,90.15801898,
67108,88.85485828,
67109,87.52671026,
67110,86.0601002,
67111,84.96374638,
67112,84.64446543,
67113,83.76428456,
67114,82.43094194,
67115,81.05482444,
67116,80.65170678,
67117,78.9654644,
67118,77.17728158,
67119,76.23861861,
67120,76.09157396,
67121,75.09260647,
67122,73.65678871,
67123,73.04688792,
67124,72.75629386,
67125,72.07018209,
67126,70.45777687,
67127,69.9123204,
67128,69.86269214,
67129,69.85497177,
67130,69.66691854,
67131,69.16798033,
67132,69.23906114,
67133,68.98267949,
67134,68.62661883,
67135,68.51736807,
67136,68.37869649,
67137,68.19593539,
67138,67.83195676,
67139,67.61443558,
67140,67.79824313,
67141,67.14888779,
67142,67.05586164,
67143,66.69599539,
67144,66.00569846,
67145,65.35399637,
67146,64.85571301,
67147,65.01649747,
67148,64.48997883,
67149,64.37411578,
67150,64.84335146,
67151,66.14766334,
67152,65.68401353,
67153,65.72018224,
67154,64.66949045,
67155,65.94795523,
67156,65.7681763,
67157,64.943288,
67158,65.34179457,
67159,65.70269086,
67160,65.83854777,
67161,65.13077381,
67162,64.43199782,
67163,64.16160902,
67164,64.36761456,
67165,64.21339566,
67166,65.04760617,
67167,65.7515628,
67168,65.46901689,
67169,65.83364797,
67170,66.47364106,
67171,66.26900602,
67172,66.59528786,
67173,66.77643237,
67174,67.18804576,
67175,67.54924464,
67176,68.14435644,
67177,68.49443733,
67178,68.81468216,
67179,69.07250595,
67180,69.18562629,
67181,70.02911042,
67182,70.7961141,
67183,71.10266824,
67184,71.19624138,
67185,71.65844089,
67186,72.14356151,
67187,72.79174558,
67188,73.68425707,
67189,73.872137,
67190,74.58534543,
67191,75.0681127,
67192,75.47765297,
67193,75.96878196,
67194,76.88915191,
67195,77.36934394,
67196,78.28601595,
67197,79.26404373,
67198,80.15247841,
67199,81.15568152,
67200,81.90758391,
67201,83.13089043,
67202,83.60018314,
67203,84.88603129,
67204,85.23252455,
67205,86.40054435,
67206,87.83309264,
67207,88.75336512,
67208,89.57738294,
67209,90.10057495,
67210,91.44911205,
67211,93.42956631,
67212,94.91696739,
67213,95.50597293,
67214,97.28784068,
67215,99.23522892,
67216,100.806789,
67217,101.703255,
67218,103.3108173,
67219,105.1416492,
67220,106.6360727,
67221,107.201502,
67222,108.9384567,
67223,111.2501144,
67224,113.0093458,
67225,113.4250392,
67226,114.6747443,
67227,116.4086698,
67228,118.1747895,
67229,119.4539881,
67230,122.0862194,
67231,124.1298473,
67232,125.3741194,
67233,125.6159947,
67234,127.4986296,
67235,129.7139033,
67236,130.1008461,
67237,131.3056976,
67238,131.450214,
67239,132.638683,
67240,133.8526111,
67241,134.5550398,
67242,134.771378,
67243,135.6365807,
67244,135.8611758,
67245,136.2182814,
67246,135.0983286,
67247,135.9386642,
67248,136.494581,
67249,136.4988389,
67250,136.4436265,
67251,136.3219919,
67252,136.2207853,
67253,136.3633098,
67254,136.4410124,
67255,136.4072958,
67256,136.1956583,
67257,136.4552873,
67258,136.8598737,
67259,136.9134253,
67260,137.0661446,
67261,137.7754079,
67262,138.6406498,
67263,139.2749779,
67264,139.317495,
67265,139.7593263,
67266,140.7298994,
67267,141.3791408,
67268,141.3324022,
67269,141.1825787,
67270,141.1955311,
67271,141.3194281,
67272,141.7120192,
67273,141.5593787,
67274,140.8983969,
67275,140.8090738,
67276,140.2887362,
67277,139.8427081,
67278,139.5819995,
67279,139.4423408,
67280,139.0257948,
67281,138.8823823,
67282,138.5777934,
67283,138.559508,
67284,137.9649003,
67285,137.0762898,
67286,136.3412684,
67287,135.7547594,
67288,135.4306998,
67289,135.0614515,
67290,134.6437128,
67291,134.0065207,
67292,133.5830894,
67293,133.1648238,
67294,133.4183577,
67295,132.5933903,
67296,131.8175509,
67297,131.7091974,
67298,130.5611257,
67299,130.3012588,
67300,130.1091727,
67301,130.0724409,
67302,129.327682,
67303,128.7625487,
67304,128.3252386,
67305,128.7493891,
67306,129.2698353,
67307,128.032187,
67308,127.5723385,
67309,126.8996882,
67310,127.6891343,
67311,127.5279525,
67312,126.7873208,
67313,126.1675359,
67314,124.7969614,
67315,125.1172091,
67316,124.2795322,
67317,122.9713615,
67318,120.5711423,
67319,119.3123619,
67320,119.9719645,
67321,118.8144139,
67322,117.4253855,
67323,115.9451702,
67324,114.0950636,
67325,112.4580949,
67326,111.9408579,
67327,110.6886111,
67328,108.4478914,
67329,105.5299671,
67330,104.6940991,
67331,103.1291584,
67332,101.2566146,
67333,99.54376523,
67334,98.76965055,
67335,97.786817,
67336,95.76522351,
67337,94.57127187,
67338,93.26529923,
67339,93.17705684,
67340,92.3115291,
67341,90.71808091,
67342,89.17466207,
67343,87.84753503,
67344,87.59298126,
67345,86.51304123,
67346,84.06613055,
67347,81.67730681,
67348,80.48662473,
67349,79.67800072,
67350,78.73087776,
67351,76.91882791,
67352,76.24358108,
67353,75.15487462,
67354,75.08315459,
67355,75.23023706,
67356,74.46866947,
67357,72.90357685,
67358,73.18459846,
67359,73.21730041,
67360,72.7445017,
67361,72.2397197,
67362,72.1929662,
67363,72.1663838,
67364,72.77473542,
67365,72.39939876,
67366,72.87591569,
67367,73.29031982,
67368,72.80345871,
67369,73.53494988,
67370,73.45746129,
67371,73.67830093,
67372,73.97578112,
67373,74.92319315,
67374,74.52137241,
67375,74.0160974,
67376,73.42386099,
67377,74.37814826,
67378,74.17250155,
67379,75.17385168,
67380,75.14835504,
67381,75.7429829,
67382,75.78882651,
67383,75.65966454,
67384,75.61414701,
67385,75.84486124,
67386,76.03918288,
67387,75.44425301,
67388,75.82039176,
67389,75.99293657,
67390,76.22263204,
67391,76.59553483,
67392,77.37435132,
67393,77.61281305,
67394,77.71764409,
67395,77.8707444,
67396,77.95419458,
67397,78.24517615,
67398,78.42108578,
67399,78.57151474,
67400,78.41777944,
67401,79.16221896,
67402,79.22427774,
67403,79.71976368,
67404,80.71365907,
67405,80.56028768,
67406,81.0969123,
67407,81.55447884,
67408,81.00409668,
67409,81.4487925,
67410,80.99561066,
67411,81.52101759,
67412,81.29867119,
67413,81.38742045,
67414,82.58788434,
67415,82.37640844,
67416,82.64813707,
67417,82.04713163,
67418,83.26873924,
67419,83.27992143,
67420,83.40574778,
67421,83.7974918,
67422,83.7476925,
67423,83.88197225,
67424,83.82682526,
67425,84.32307089,
67426,84.21242746,
67427,84.17076979,
67428,84.56044332,
67429,84.31680321,
67430,85.87000195,
67431,87.11457653,
67432,88.35893968,
67433,89.77981283,
67434,90.15165156,
67435,90.60528392,
67436,91.8255328,
67437,92.36137244,
67438,92.96188732,
67439,94.43965366,
67440,96.00604476,
67441,97.06674989,
67442,98.25350332,
67443,99.6011662,
67444,101.3343021,
67445,102.6529821,
67446,103.282318,
67447,104.6701471,
67448,106.5868579,
67449,106.2996802,
67450,107.515716,
67451,106.8221835,
67452,107.902654,
67453,110.0404384,
67454,111.6260698,
67455,111.9221611,
67456,112.5847273,
67457,113.4617011,
67458,113.8049571,
67459,115.280901,
67460,116.0207096,
67461,115.7860881,
67462,115.9140406,
67463,116.1753272,
67464,114.8530835,
67465,114.8813005,
67466,115.0293157,
67467,114.7014826,
67468,114.5979094,
67469,114.55768,
67470,114.0151513,
67471,113.7358367,
67472,114.9072953,
67473,114.8274442,
67474,114.6251139,
67475,115.0629618,
67476,115.6032043,
67477,115.6233793,
67478,115.4575317,
67479,115.8509472,
67480,115.9888287,
67481,116.3004898,
67482,116.4295333,
67483,116.6987027,
67484,116.824018,
67485,117.0537884,
67486,117.0172268,
67487,117.3205266,
67488,117.8558565,
67489,117.7711451,
67490,117.2427419,
67491,116.8966326,
67492,116.3548252,
67493,116.1982329,
67494,116.0026585,
67495,115.4944213,
67496,115.0589028,
67497,114.6989861,
67498,114.4830763,
67499,113.914229,
67500,113.3885935,
67501,112.2480775,
67502,111.9314427,
67503,111.4105411,
67504,110.5937798,
67505,110.433703,
67506,109.6887837,
67507,108.8437157,
67508,108.1684349,
67509,106.8049404,
67510,106.1988645,
67511,105.1155017,
67512,103.33725,
67513,102.685121,
67514,102.0860111,
67515,101.193991,
67516,98.8960739,
67517,97.70103234,
67518,96.99395504,
67519,95.67260038,
67520,93.25872992,
67521,91.8391048,
67522,91.04792076,
67523,90.64269788,
67524,89.87636123,
67525,88.50538315,
67526,87.59253448,
67527,86.59604689,
67528,85.56857223,
67529,84.03866735,
67530,81.87958885,
67531,82.24649132,
67532,82.22786034,
67533,81.51793837,
67534,80.37678725,
67535,79.18705943,
67536,78.95563755,
67537,78.79877993,
67538,77.97250871,
67539,77.65712521,
67540,76.85771146,
67541,75.80983915,
67542,75.34959244,
67543,75.11233119,
67544,74.81084132,
67545,74.25869268,
67546,73.7730583,
67547,74.25504217,
67548,73.10356837,
67549,73.11105769,
67550,74.14672142,
67551,74.07130198,
67552,73.8172962,
67553,73.68919284,
67554,73.64167115,
67555,73.44369772,
67556,72.60446102,
67557,72.92080452,
67558,72.69851221,
67559,72.35964344,
67560,71.78334156,
67561,71.50093128,
67562,70.48407588,
67563,69.27985067,
67564,69.11493629,
67565,69.00281102,
67566,68.78452043,
67567,67.83936835,
67568,67.18537069,
67569,66.82893415,
67570,66.08522696,
67571,65.77601122,
67572,65.00100397,
67573,64.7079137,
67574,63.56873543,
67575,63.35955069,
67576,62.11528421,
67577,61.62910271,
67578,61.30158963,
67579,60.82323492,
67580,60.21695411,
67581,59.54617083,
67582,59.29909304,
67583,59.38702996,
67584,58.97829402,
67585,58.93486618,
67586,58.83864821,
67587,59.29802037,
67588,59.99858427,
67589,60.29705248,
67590,60.6508578,
67591,60.79260906,
67592,61.94126327,
67593,62.54980822,
67594,63.02242997,
67595,63.21667573,
67596,64.16290051,
67597,64.90191653,
67598,66.17170298,
67599,66.94463613,
67600,67.18270649,
67601,67.8375046,
67602,69.30371509,
67603,70.07990308,
67604,71.16476729,
67605,72.10246878,
67606,74.15212043,
67607,76.40681909,
67608,77.24265196,
67609,78.32359905,
67610,80.16406975,
67611,81.68924938,
67612,81.80379762,
67613,83.64806363,
67614,86.83226654,
67615,88.47842773,
67616,89.0371717,
67617,90.54668555,
67618,92.73655434,
67619,94.63007238,
67620,95.1227728,
67621,97.05068921,
67622,98.9090204,
67623,100.4716801,
67624,100.6766169,
67625,102.1966067,
67626,103.26013,
67627,105.1459862,
67628,105.32399,
67629,107.1166676,
67630,109.0956846,
67631,109.3823159,
67632,109.5658896,
67633,110.4476638,
67634,111.6506353,
67635,112.1806317,
67636,112.6572639,
67637,112.4635246,
67638,112.4381407,
67639,113.0697726,
67640,113.4210714,
67641,112.8549889,
67642,112.9445657,
67643,112.8608221,
67644,112.8100733,
67645,114.3613186,
67646,113.3372715,
67647,113.3329327,
67648,112.2998108,
67649,113.0717633,
67650,112.6710998,
67651,112.44612,
67652,112.4908764,
67653,111.936925,
67654,110.8139562,
67655,110.4799522,
67656,110.5821244,
67657,110.5215228,
67658,110.2116693,
67659,109.3154393,
67660,109.4817846,
67661,109.2927809,
67662,108.9878469,
67663,108.9773455,
67664,108.705646,
67665,109.0857747,
67666,108.7849743,
67667,108.2880619,
67668,108.0716066,
67669,107.5486881,
67670,107.1588627,
67671,106.4182176,
67672,106.2458984,
67673,105.876962,
67674,105.4373012,
67675,105.2129699,
67676,105.1094823,
67677,105.1582746,
67678,104.7442605,
67679,104.4369892,
67680,103.7403714,
67681,103.6532398,
67682,103.4830782,
67683,103.3827415,
67684,103.0581623,
67685,102.9607373,
67686,102.5706738,
67687,102.3098029,
67688,101.995561,
67689,101.1902935,
67690,100.913844,
67691,100.9122273,
67692,100.8004885,
67693,100.3527496,
67694,99.91472662,
67695,99.94424382,
67696,100.0654171,
67697,99.6202634,
67698,99.24621659,
67699,98.77963222,
67700,98.94776051,
67701,98.91234732,
67702,98.97253477,
67703,98.81909663,
67704,99.12109373,
67705,98.82480896,
67706,98.92494265,
67707,98.47409221,
67708,98.02854065,
67709,97.79941355,
67710,97.76047945,
67711,97.69745551,
67712,97.69276513,
67713,97.31594495,
67714,97.58805003,
67715,97.56724795,
67716,97.6276569,
67717,97.29329706,
67718,97.20761294,
67719,97.11364859,
67720,97.12624605,
67721,97.04379579,
67722,97.04607394,
67723,97.25349823,
67724,96.94863,
67725,96.88601982,
67726,96.77301215,
67727,96.89297445,
67728,96.94768182,
67729,96.94943004,
67730,96.54273131,
67731,95.32350165,
67732,95.06560108,
67733,95.24408505,
67734,94.72114436,
67735,94.50090674,
67736,94.4430688,
67737,94.98540256,
67738,94.6001553,
67739,94.71364852,
67740,94.84871829,
67741,95.07869223,
67742,95.22802394,
67743,95.31076934,
67744,95.14159528,
67745,95.17843899,
67746,94.88560617,
67747,94.71402341,
67748,95.03629785,
67749,94.91225147,
67750,94.96790015,
67751,94.60158776,
67752,94.29635109,
67753,94.00432753,
67754,93.72384839,
67755,94.21365551,
67756,93.81314528,
67757,94.67333898,
67758,93.75184357,
67759,93.29553604,
67760,92.86496057,
67761,91.975142,
67762,91.56811441,
67763,90.3128443,
67764,90.01135055,
67765,89.69204767,
67766,87.49341782,
67767,86.45230722,
67768,85.81799037,
67769,85.63005007,
67770,85.0978657,
67771,85.75345161,
67772,85.23168702,
67773,84.0195434,
67774,84.29464014,
67775,83.56034477,
67776,83.65844284,
67777,84.34035751,
67778,84.01235796,
67779,83.72984822,
67780,83.60531505,
67781,83.68107985,
67782,83.72522569,
67783,83.68949023,
67784,83.86289513,
67785,83.78843739,
67786,83.88568325,
67787,84.13207347,
67788,84.36638956,
67789,84.54344142,
67790,84.70661394,
67791,84.60630643,
67792,84.81616416,
67793,85.3410792,
67794,85.76107861,
67795,85.78819221,
67796,85.93758522,
67797,86.13920278,
67798,86.50437846,
67799,86.0985429,
67800,86.32476899,
67801,87.29235282,
67802,87.64449089,
67803,87.93643345,
67804,88.0978821,
67805,89.22198716,
67806,89.55084626,
67807,89.95198058,
67808,90.79889341,
67809,91.62457872,
67810,92.40521447,
67811,93.19663188,
67812,94.6385619,
67813,96.45366983,
67814,97.67442072,
67815,98.45072722,
67816,99.14567701,
67817,100.390644,
67818,101.6083179,
67819,102.2978941,
67820,103.6581483,
67821,105.7960147,
67822,106.6915229,
67823,108.3345236,
67824,108.8814719,
67825,110.1885929,
67826,111.9063274,
67827,112.6858627,
67828,113.6773008,
67829,115.3107924,
67830,115.6863477,
67831,117.4484328,
67832,118.1184731,
67833,119.5564364,
67834,119.6280929,
67835,121.494095,
67836,121.9861211,
67837,122.8007098,
67838,123.6207714,
67839,123.8651209,
67840,125.3712805,
67841,125.9686922,
67842,126.8091542,
67843,127.4654487,
67844,127.6766399,
67845,129.3423015,
67846,130.4879983,
67847,131.4775118,
67848,131.2539107,
67849,132.7270663,
67850,132.9602905,
67851,132.5930012,
67852,132.0676813,
67853,132.7039099,
67854,132.8898956,
67855,132.2974873,
67856,133.0286482,
67857,132.9243678,
67858,133.1304263,
67859,133.2036639,
67860,133.2487021,
67861,133.2967257,
67862,133.6296839,
67863,133.6015185,
67864,133.7751779,
67865,133.3686959,
67866,133.106758,
67867,132.7286194,
67868,132.2179237,
67869,131.973513,
67870,131.8345721,
67871,131.4977434,
67872,130.9441235,
67873,130.6702721,
67874,130.3478345,
67875,130.1532313,
67876,129.8487903,
67877,129.3053832,
67878,128.9778308,
67879,127.9261646,
67880,127.8106675,
67881,127.719028,
67882,127.1129929,
67883,126.7537612,
67884,126.530796,
67885,125.8468995,
67886,125.0258565,
67887,124.551451,
67888,124.1492219,
67889,123.9392681,
67890,123.4344177,
67891,122.6831267,
67892,122.6560164,
67893,122.5139257,
67894,122.3982904,
67895,122.1541968,
67896,122.2057195,
67897,122.2571253,
67898,122.5073873,
67899,123.1422436,
67900,123.6795151,
67901,124.1150909,
67902,124.4426733,
67903,124.9705559,
67904,126.0764787,
67905,126.5287376,
67906,127.1483646,
67907,128.2998218,
67908,129.838146,
67909,130.2444758,
67910,131.2532248,
67911,132.7150293,
67912,134.1510463,
67913,135.0216416,
67914,134.878168,
67915,134.4272051,
67916,136.2619169,
67917,137.1370976,
67918,137.0445229,
67919,136.7176024,
67920,135.6903838,
67921,135.7357518,
67922,136.0667091,
67923,135.7394735,
67924,135.9640726,
67925,135.7135333,
67926,135.0364137,
67927,135.1300987,
67928,135.3658753,
67929,135.140811,
67930,134.9742975,
67931,134.8917952,
67932,134.612672,
67933,134.571101,
67934,134.4012448,
67935,134.4186243,
67936,134.3211326,
67937,134.4233311,
67938,134.5312383,
67939,134.5417914,
67940,134.7138133,
67941,134.824863,
67942,134.6627955,
67943,135.0062321,
67944,134.8865756,
67945,135.2453815,
67946,135.5608328,
67947,135.4512715,
67948,135.5303223,
67949,135.5712952,
67950,135.4255495,
67951,135.0425208,
67952,134.956214,
67953,135.0046101,
67954,135.7333642,
67955,135.7577843,
67956,135.7913587,
67957,135.3025994,
67958,134.883813,
67959,133.637213,
67960,132.9723279,
67961,133.1665691,
67962,133.0547876,
67963,131.8021459,
67964,131.3494022,
67965,131.4603455,
67966,131.2212898,
67967,130.7773144,
67968,129.6101038,
67969,129.1736764,
67970,128.5389396,
67971,127.6327345,
67972,126.7111061,
67973,126.0105654,
67974,125.021606,
67975,123.6670999,
67976,123.845763,
67977,123.5001198,
67978,121.81872,
67979,121.0080526,
67980,118.748111,
67981,117.60292,
67982,117.2307533,
67983,117.1888325,
67984,115.589518,
67985,114.618789,
67986,114.1402384,
67987,113.7083692,
67988,113.9537427,
67989,113.8168866,
67990,113.2916048,
67991,113.2169878,
67992,112.8518285,
67993,113.133361,
67994,113.0842855,
67995,112.5779575,
67996,112.0047705,
67997,111.2133772,
67998,110.8867156,
67999,111.1508299,
68000,111.1605397,
68001,111.0394005,
68002,110.7167797,
68003,110.7975046,
68004,110.9755194,
68005,110.8315368,
68006,110.1725996,
68007,109.9721108,
68008,110.1265818,
68009,110.4338144,
68010,110.5113676,
68011,110.246169,
68012,109.7939473,
68013,109.5141942,
68014,109.5522308,
68015,109.9417428,
68016,110.216242,
68017,110.4520385,
68018,111.030499,
68019,110.8364619,
68020,111.1948345,
68021,111.7241304,
68022,111.9649417,
68023,112.0844724,
68024,112.3565184,
68025,112.7205199,
68026,112.8198734,
68027,112.6194878,
68028,112.7014862,
68029,113.0903117,
68030,113.3768635,
68031,113.3762796,
68032,113.2304543,
68033,112.9540624,
68034,112.7441608,
68035,112.5967721,
68036,112.1810159,
68037,111.8176805,
68038,111.3922177,
68039,111.0575366,
68040,110.848528,
68041,110.6747833,
68042,109.84451,
68043,109.1839314,
68044,108.3732106,
68045,108.5101726,
68046,108.6009995,
68047,108.0704318,
68048,107.4843225,
68049,107.0644409,
68050,106.8614914,
68051,107.1212463,
68052,107.2195656,
68053,107.4269744,
68054,107.385619,
68055,107.0322919,
68056,107.0264585,
68057,107.2228629,
68058,107.2328124,
68059,107.2908749,
68060,107.2082175,
68061,107.2906478,
68062,107.3026851,
68063,107.2615002,
68064,107.4046222,
68065,107.5936648,
68066,107.8180247,
68067,107.6787419,
68068,107.7294787,
68069,107.823962,
68070,107.6643477,
68071,107.3595706,
68072,107.4245053,
68073,107.3622141,
68074,107.0757698,
68075,107.0438813,
68076,107.0351839,
68077,107.2649592,
68078,107.0171691,
68079,106.7786282,
68080,106.7036245,
68081,106.0132082,
68082,106.3702975,
68083,106.0155366,
68084,105.5748059,
68085,106.1701246,
68086,106.2728255,
68087,106.655094,
68088,106.9727921,
68089,107.2958579,
68090,107.2809604,
68091,107.5953003,
68092,107.4046015,
68093,107.354304,
68094,107.4663356,
68095,108.1049411,
68096,108.4661957,
68097,108.7958837,
68098,108.877759,
68099,108.6628913,
68100,107.7620513,
68101,108.9288045,
68102,109.61079,
68103,109.1505154,
68104,108.9740952,
68105,109.4156246,
68106,109.8654875,
68107,110.4505729,
68108,111.3011426,
68109,111.793806,
68110,112.4722201,
68111,113.3769451,
68112,113.9011877,
68113,114.9639032,
68114,115.8623485,
68115,115.9297941,
68116,117.1117888,
68117,118.3770671,
68118,119.0560883,
68119,120.852411,
68120,123.1492978,
68121,123.2419968,
68122,124.7427713,
68123,125.2058643,
68124,126.7098267,
68125,128.8533429,
68126,129.2575051,
68127,130.5399453,
68128,131.3879107,
68129,133.0803762,
68130,135.4627528,
68131,135.4529255,
68132,137.0025532,
68133,139.014269,
68134,140.8835934,
68135,140.7879823,
68136,140.5146706,
68137,142.4573915,
68138,143.0917049,
68139,143.1098733,
68140,143.4016912,
68141,142.6281572,
68142,142.6726094,
68143,142.6940368,
68144,143.2457497,
68145,143.0697705,
68146,143.7764574,
68147,143.3998286,
68148,143.2664604,
68149,143.2581487,
68150,143.0749511,
68151,142.50523,
68152,142.1855345,
68153,141.8795278,
68154,141.4514354,
68155,141.0634275,
68156,140.5720265,
68157,140.4849628,
68158,140.1955516,
68159,139.839528,
68160,139.6026336,
68161,139.2903094,
68162,138.8541563,
68163,138.2115294,
68164,137.4905229,
68165,137.3182815,
68166,137.3643848,
68167,136.6541818,
68168,135.6465139,
68169,134.93968,
68170,134.3067302,
68171,133.4536446,
68172,132.5015974,
68173,131.3156441,
68174,130.5866847,
68175,130.5209374,
68176,128.8240396,
68177,127.5819709,
68178,126.9080136,
68179,125.8209827,
68180,124.6595627,
68181,122.4233281,
68182,120.4837314,
68183,119.7014652,
68184,119.6374397,
68185,117.6522403,
68186,116.3298891,
68187,114.6376126,
68188,113.6181179,
68189,112.0666356,
68190,109.8934862,
68191,108.6812537,
68192,108.4709958,
68193,106.7122933,
68194,105.7860275,
68195,104.9365929,
68196,104.0500682,
68197,102.851046,
68198,102.5313447,
68199,102.6434846,
68200,101.2172532,
68201,100.0961817,
68202,99.41832224,
68203,99.25464444,
68204,99.09105213,
68205,97.92087492,
68206,97.91659164,
68207,95.95309899,
68208,94.9797251,
68209,95.00950668,
68210,95.46725834,
68211,94.80424989,
68212,94.77980496,
68213,95.66047223,
68214,94.99230478,
68215,94.74230259,
68216,94.04649789,
68217,94.09929519,
68218,94.35317429,
68219,94.66815984,
68220,95.04573988,
68221,95.79412478,
68222,96.28992262,
68223,96.55831643,
68224,97.16861498,
68225,97.48293597,
68226,97.67757664,
68227,97.84376465,
68228,98.07576755,
68229,98.14787908,
68230,97.70642792,
68231,97.17994571,
68232,96.97516196,
68233,96.86917165,
68234,96.87228087,
68235,96.49285763,
68236,96.26736109,
68237,95.61187223,
68238,95.65978273,
68239,95.18883771,
68240,94.4792822,
68241,94.49392598,
68242,93.05007694,
68243,92.06787219,
68244,92.10338307,
68245,92.64166845,
68246,92.44852926,
68247,91.97659025,
68248,90.76071925,
68249,89.82685574,
68250,89.22371378,
68251,89.42515378,
68252,88.41810196,
68253,87.92705447,
68254,87.55856872,
68255,87.38538084,
68256,87.52040107,
68257,87.37252028,
68258,86.95993362,
68259,86.32718589,
68260,86.41816561,
68261,86.7052017,
68262,86.7749102,
68263,86.51604066,
68264,86.51094492,
68265,86.7554018,
68266,87.08113026,
68267,87.40552098,
68268,87.54414972,
68269,87.72550912,
68270,87.45280187,
68271,87.25037385,
68272,87.36390338,
68273,87.26654426,
68274,87.40882605,
68275,87.61877249,
68276,87.92111415,
68277,88.45086315,
68278,88.79217462,
68279,89.09693134,
68280,89.35536761,
68281,89.1833469,
68282,89.66035501,
68283,90.31938567,
68284,90.56242188,
68285,91.06791665,
68286,91.33947191,
68287,91.38480176,
68288,91.67006206,
68289,92.19145515,
68290,92.91757283,
68291,93.3639657,
68292,93.84899115,
68293,94.69750488,
68294,95.82720525,
68295,97.29733475,
68296,98.43890854,
68297,99.13709684,
68298,99.52239639,
68299,100.3963036,
68300,102.352307,
68301,103.1947978,
68302,104.4887418,
68303,105.700004,
68304,107.4225057,
68305,108.2305457,
68306,109.5288844,
68307,112.3441364,
68308,113.8295463,
68309,114.7292848,
68310,116.5896236,
68311,118.1488731,
68312,119.3892621,
68313,120.8296168,
68314,121.6677639,
68315,123.786268,
68316,126.0782648,
68317,127.6737596,
68318,129.1011397,
68319,131.0417997,
68320,132.8312001,
68321,133.8203697,
68322,134.8579616,
68323,136.3702311,
68324,138.1264825,
68325,138.4751509,
68326,140.1153441,
68327,140.6531516,
68328,142.7289753,
68329,144.6314246,
68330,145.1957516,
68331,146.0830987,
68332,146.5055598,
68333,147.0524591,
68334,148.2579485,
68335,149.7179909,
68336,149.9780355,
68337,149.9869547,
68338,150.0094894,
68339,151.3911772,
68340,151.5187738,
68341,152.2238213,
68342,152.1070817,
68343,152.2931552,
68344,152.0757673,
68345,152.0615282,
68346,152.1350101,
68347,152.5957492,
68348,153.2524313,
68349,153.1432141,
68350,153.6454105,
68351,153.4218848,
68352,153.5192645,
68353,153.5614971,
68354,153.532329,
68355,154.2804046,
68356,154.7342439,
68357,155.6789892,
68358,155.3728889,
68359,156.0298522,
68360,156.2490676,
68361,156.5132479,
68362,156.5937727,
68363,156.5989844,
68364,157.0385415,
68365,157.0268766,
68366,157.1232165,
68367,157.3272248,
68368,157.3875353,
68369,157.4904682,
68370,157.8403298,
68371,157.7976005,
68372,157.5029228,
68373,157.1932688,
68374,156.8164287,
68375,156.7924378,
68376,156.592946,
68377,156.4572611,
68378,156.1786959,
68379,155.4333078,
68380,154.7653376,
68381,154.1432143,
68382,153.3882166,
68383,152.2690694,
68384,151.7798963,
68385,151.4415062,
68386,150.77525,
68387,149.6108893,
68388,148.6915273,
68389,148.2011907,
68390,147.2432499,
68391,145.5903782,
68392,144.1601193,
68393,143.3261858,
68394,142.9924493,
68395,141.4040739,
68396,140.1852206,
68397,139.7454922,
68398,138.7184335,
68399,136.9247391,
68400,135.7920096,
68401,135.4680765,
68402,134.7895818,
68403,134.0708936,
68404,133.0884815,
68405,133.165306,
68406,132.2096359,
68407,130.8452444,
68408,129.7186182,
68409,129.1702835,
68410,128.628409,
68411,128.1067848,
68412,126.9901672,
68413,126.6102902,
68414,125.9340683,
68415,125.3323615,
68416,124.0980962,
68417,123.3759386,
68418,123.657227,
68419,123.0045335,
68420,122.1857282,
68421,121.5771434,
68422,121.6026511,
68423,121.6611841,
68424,121.098323,
68425,120.5942493,
68426,120.1233191,
68427,119.8421881,
68428,119.1536591,
68429,117.8004058,
68430,117.1189304,
68431,116.0284663,
68432,115.5218506,
68433,114.6009461,
68434,112.8538536,
68435,111.1551209,
68436,111.0004764,
68437,109.9028068,
68438,109.2097118,
68439,108.2095963,
68440,107.630977,
68441,107.4987858,
68442,106.6175528,
68443,105.8935118,
68444,105.4988294,
68445,104.4099052,
68446,102.7151655,
68447,102.1426332,
68448,100.606635,
68449,100.7452088,
68450,100.4148994,
68451,98.85896733,
68452,97.56374992,
68453,97.03285702,
68454,96.61423818,
68455,95.38960574,
68456,93.99672271,
68457,92.51933264,
68458,90.28685993,
68459,89.59908231,
68460,87.16836348,
68461,84.55068791,
68462,84.18513469,
68463,82.1000392,
68464,78.45802194,
68465,76.90096732,
68466,76.17643783,
68467,73.74030864,
68468,70.66792698,
68469,70.0034202,
68470,68.77463801,
68471,66.03117598,
68472,63.85558523,
68473,63.30666498,
68474,60.40757541,
68475,58.37293425,
68476,57.71095454,
68477,56.91238189,
68478,53.60376985,
68479,51.62245393,
68480,51.08476033,
68481,51.13099693,
68482,49.40652173,
68483,47.71855882,
68484,45.26986308,
68485,44.84621743,
68486,43.40565633,
68487,41.08464298,
68488,40.0886828,
68489,39.42043105,
68490,38.20648193,
68491,36.51425029,
68492,35.35640365,
68493,34.50915043,
68494,33.78317594,
68495,31.54004065,
68496,30.44463577,
68497,28.33434227,
68498,27.4000381,
68499,27.99269268,
68500,24.73858378,
68501,22.99486099,
68502,22.30701498,
68503,22.53495074,
68504,23.45951143,
68505,21.89536537,
68506,21.28911893,
68507,21.07893806,
68508,20.68362872,
68509,20.72462325,
68510,20.43848891,
68511,18.26493019,
68512,16.99955109,
68513,16.24706043,
68514,15.87835383,
68515,15.70011796,
68516,15.74528197,
68517,15.27501406,
68518,15.70749641,
68519,15.64995455,
68520,16.21606501,
68521,16.26316421,
68522,16.43738919,
68523,16.60429401,
68524,17.40362349,
68525,17.90958561,
68526,18.02448733,
68527,18.44052838,
68528,18.7105144,
68529,19.31332032,
68530,19.92975796,
68531,20.53094295,
68532,20.91122286,
68533,21.60468504,
68534,22.72495922,
68535,23.56880435,
68536,24.41774322,
68537,24.54982326,
68538,26.72428437,
68539,28.24612677,
68540,29.90804122,
68541,30.32280582,
68542,31.71142377,
68543,33.43256789,
68544,35.46209729,
68545,36.4151525,
68546,37.41674311,
68547,39.30667597,
68548,41.22731774,
68549,42.1893713,
68550,42.30195374,
68551,43.57276677,
68552,44.70203729,
68553,45.52734488,
68554,47.80342917,
68555,49.5774765,
68556,50.41881892,
68557,51.19916541,
68558,52.653323,
68559,54.12347637,
68560,55.85637977,
68561,56.55513995,
68562,57.91194157,
68563,58.9253223,
68564,59.9133886,
68565,60.39085796,
68566,61.15409043,
68567,61.51029343,
68568,61.42308368,
68569,61.42585242,
68570,62.66043798,
68571,63.34585362,
68572,61.98670823,
68573,62.09062293,
68574,63.46171482,
68575,63.87036872,
68576,63.80873392,
68577,63.50974954,
68578,63.57786826,
68579,63.9615181,
68580,62.82750648,
68581,62.3149974,
68582,62.20312679,
68583,62.78026181,
68584,62.12217877,
68585,62.69500331,
68586,62.95077558,
68587,62.32013261,
68588,63.13916829,
68589,62.47123198,
68590,62.21829462,
68591,62.51266968,
68592,62.5683033,
68593,61.67625864,
68594,61.75703281,
68595,61.93715074,
68596,62.11406447,
68597,62.37422369,
68598,62.11068922,
68599,62.0890977,
68600,62.5612587,
68601,62.72147178,
68602,63.23280825,
68603,63.52485291,
68604,64.12817085,
68605,64.63102456,
68606,64.78561359,
68607,65.20663465,
68608,65.3608312,
68609,66.16354536,
68610,66.90478729,
68611,67.46457562,
68612,68.11182194,
68613,68.79158598,
68614,69.20987729,
68615,70.10828787,
68616,71.139889,
68617,71.33809902,
68618,71.88211553,
68619,71.82193966,
68620,71.58441559,
68621,71.41176448,
68622,70.98485167,
68623,71.39892586,
68624,71.61367612,
68625,71.58989085,
68626,72.00940497,
68627,72.29695312,
68628,72.45513538,
68629,72.47563712,
68630,72.21349721,
68631,72.32677254,
68632,72.08378067,
68633,71.81974045,
68634,71.16007749,
68635,70.83576343,
68636,70.18007183,
68637,69.62349768,
68638,69.36922547,
68639,68.1710503,
68640,67.84542709,
68641,67.47926504,
68642,67.15584263,
68643,66.58742653,
68644,66.24693979,
68645,65.79497274,
68646,65.3057162,
68647,65.1777446,
68648,64.88668118,
68649,64.88851789,
68650,64.90091152,
68651,64.69839905,
68652,64.7291106,
68653,64.66235903,
68654,64.83269591,
68655,64.92842301,
68656,65.25155026,
68657,65.54496546,
68658,65.78305831,
68659,65.51450783,
68660,66.33525342,
68661,66.73230809,
68662,67.31352651,
68663,68.02246505,
68664,68.89285949,
68665,69.5092975,
68666,69.75655859,
68667,69.98732074,
68668,71.21452824,
68669,72.21672703,
68670,72.16178525,
68671,72.59409525,
68672,74.58517347,
68673,75.85373838,
68674,76.61194554,
68675,76.62267044,
68676,78.58741086,
68677,80.61354324,
68678,82.02391322,
68679,82.55745349,
68680,83.35355536,
68681,84.79271354,
68682,86.75638047,
68683,87.95647971,
68684,88.38061598,
68685,91.15518483,
68686,93.13375266,
68687,93.74674512,
68688,94.8682165,
68689,96.76761871,
68690,99.4069469,
68691,99.99139478,
68692,100.8361571,
68693,102.1150876,
68694,102.7442025,
68695,103.3981521,
68696,104.1160977,
68697,105.4729613,
68698,107.7501049,
68699,108.6356963,
68700,109.100039,
68701,109.8641493,
68702,110.3580317,
68703,110.7744525,
68704,111.06125,
68705,111.1111943,
68706,112.1078464,
68707,113.3019779,
68708,114.0505359,
68709,115.0390646,
68710,116.6770478,
68711,117.5209529,
68712,117.8045126,
68713,117.9762608,
68714,119.6076828,
68715,121.0393927,
68716,121.614906,
68717,123.3754259,
68718,124.5513911,
68719,125.1920999,
68720,125.4287073,
68721,127.2011277,
68722,128.6061464,
68723,129.6228074,
68724,130.3001874,
68725,132.0562057,
68726,132.9140667,
68727,134.1664208,
68728,134.6771399,
68729,135.3799456,
68730,136.5447903,
68731,137.3832696,
68732,137.3229166,
68733,137.8457927,
68734,138.6369289,
68735,139.5263995,
68736,139.980489,
68737,139.6586165,
68738,140.1232801,
68739,140.757939,
68740,141.3649903,
68741,141.3820156,
68742,141.4760188,
68743,141.7552458,
68744,141.6706733,
68745,141.6280288,
68746,141.6367446,
68747,141.7932268,
68748,142.3244786,
68749,142.2379648,
68750,142.4507716,
68751,142.6597548,
68752,143.3077869,
68753,143.2799174,
68754,143.2186293,
68755,143.6747603,
68756,144.0059029,
68757,144.2523219,
68758,145.2113656,
68759,145.9153921,
68760,146.3228833,
68761,146.3693516,
68762,147.1064951,
68763,148.0160655,
68764,148.375432,
68765,148.2598062,
68766,148.53522,
68767,148.9293718,
68768,149.1239403,
68769,148.9661484,
68770,148.5625596,
68771,148.5303654,
68772,148.3989428,
68773,148.4241154,
68774,148.3110608,
68775,148.2088642,
68776,147.8221086,
68777,146.9289763,
68778,146.3342451,
68779,145.2634973,
68780,144.997631,
68781,144.468625,
68782,143.1181907,
68783,142.3100571,
68784,142.0187609,
68785,140.4052342,
68786,139.0026131,
68787,137.6047923,
68788,136.8664525,
68789,136.459129,
68790,135.3475147,
68791,134.6026799,
68792,133.3920856,
68793,132.9063884,
68794,132.0395034,
68795,131.0589454,
68796,130.2545724,
68797,130.2505501,
68798,129.6236474,
68799,129.0686487,
68800,128.7987732,
68801,129.2960697,
68802,129.0834037,
68803,128.6524551,
68804,128.2553612,
68805,128.7530132,
68806,128.7798934,
68807,128.5790123,
68808,128.52353,
68809,128.5589652,
68810,128.8939378,
68811,129.1084704,
68812,129.2765041,
68813,129.7824471,
68814,130.0104793,
68815,130.4441259,
68816,130.668477,
68817,130.69959,
68818,131.0191664,
68819,131.7626935,
68820,131.9257025,
68821,131.9409811,
68822,131.4514402,
68823,131.1648706,
68824,130.6805014,
68825,129.8415936,
68826,129.9030587,
68827,129.2832947,
68828,128.7601907,
68829,128.1729967,
68830,127.5144974,
68831,127.2497474,
68832,127.4085629,
68833,126.7990489,
68834,125.9386591,
68835,126.1588624,
68836,125.7778237,
68837,125.3490575,
68838,125.2604119,
68839,125.3882322,
68840,125.2264304,
68841,125.1873541,
68842,125.2486054,
68843,125.7902172,
68844,125.4458654,
68845,126.4613096,
68846,125.6998063,
68847,125.2735892,
68848,125.9373078,
68849,125.8646828,
68850,125.7675378,
68851,124.5933167,
68852,124.673419,
68853,125.2284007,
68854,124.6590256,
68855,123.6844858,
68856,122.5319309,
68857,122.1625157,
68858,122.0407564,
68859,122.2560647,
68860,121.9340399,
68861,120.8066133,
68862,120.3306109,
68863,119.0887232,
68864,118.329896,
68865,116.4495935,
68866,115.4808691,
68867,114.5176643,
68868,114.4687312,
68869,112.8312684,
68870,110.7600821,
68871,110.0507709,
68872,109.6846834,
68873,108.8280848,
68874,107.8022944,
68875,107.4610122,
68876,107.9876744,
68877,107.9100634,
68878,108.1249048,
68879,107.3546476,
68880,107.772659,
68881,107.7613208,
68882,107.5401367,
68883,106.9648501,
68884,106.8502113,
68885,106.7870501,
68886,106.9832889,
68887,107.4485925,
68888,108.0432717,
68889,108.5464615,
68890,109.0495246,
68891,110.0331496,
68892,110.1701561,
68893,111.2596595,
68894,111.1156484,
68895,111.7792538,
68896,112.7542928,
68897,113.2145729,
68898,113.6330814,
68899,114.4383666,
68900,114.5421456,
68901,115.898158,
68902,116.7525634,
68903,117.7271726,
68904,117.7116602,
68905,118.1754594,
68906,120.1783026,
68907,121.541331,
68908,122.3218903,
68909,122.6928617,
68910,122.7651648,
68911,124.3161507,
68912,124.8967299,
68913,125.6438837,
68914,126.5800515,
68915,127.4440715,
68916,129.6623529,
68917,131.2574584,
68918,131.3433195,
68919,132.8437417,
68920,133.0781124,
68921,135.2189296,
68922,138.2840674,
68923,137.0215562,
68924,138.8794448,
68925,140.7386388,
68926,142.7907463,
68927,144.0360274,
68928,145.6933769,
68929,147.0912099,
68930,148.8810035,
68931,149.6112029,
68932,150.5602782,
68933,153.0687526,
68934,155.3304761,
68935,155.9443519,
68936,156.0509547,
68937,158.0352273,
68938,160.3655636,
68939,160.883231,
68940,160.5608811,
68941,163.1075869,
68942,165.1382562,
68943,166.7718286,
68944,166.7025732,
68945,167.8820493,
68946,169.5019313,
68947,170.420975,
68948,171.2105003,
68949,172.9868565,
68950,173.7450794,
68951,176.6691948,
68952,178.5910606,
68953,179.3568655,
68954,181.1631153,
68955,183.1830223,
68956,184.6009875,
68957,185.1634849,
68958,186.3285262,
68959,188.5679726,
68960,188.7942151,
68961,190.0104524,
68962,190.9902155,
68963,191.5978176,
68964,193.8452112,
68965,194.8058593,
68966,195.5290496,
68967,195.855693,
68968,198.1204569,
68969,200.3791511,
68970,200.165479,
68971,202.2132422,
68972,203.3628289,
68973,205.3604058,
68974,206.8267932,
68975,207.2496192,
68976,209.220448,
68977,210.5132509,
68978,211.9987071,
68979,212.8236162,
68980,214.4521864,
68981,216.3523268,
68982,217.6983912,
68983,217.9927047,
68984,220.1237782,
68985,221.8143859,
68986,223.2867735,
68987,224.1392677,
68988,224.6711245,
68989,226.2267246,
68990,227.5492407,
68991,227.9889807,
68992,228.7465388,
68993,229.8996105,
68994,231.1202924,
68995,230.5945396,
68996,230.387183,
68997,230.2204025,
68998,230.0861254,
68999,230.2601274,
69000,230.4910961,
69001,230.6390914,
69002,230.8702052,
69003,230.5443121,
69004,231.2370741,
69005,231.5113088,
69006,231.3650748,
69007,231.6132634,
69008,230.7541125,
69009,230.703143,
69010,230.0418179,
69011,229.921323,
69012,229.3584109,
69013,229.015605,
69014,229.0030254,
69015,228.876453,
69016,228.5311129,
69017,229.0546541,
69018,228.6125613,
69019,227.8357473,
69020,227.9848772,
69021,227.5890492,
69022,227.3688022,
69023,227.0629975,
69024,226.7929367,
69025,226.8919862,
69026,227.118393,
69027,227.0053874,
69028,226.6891895,
69029,226.3935293,
69030,226.4364033,
69031,225.9399301,
69032,225.7168297,
69033,225.3914229,
69034,224.6810215,
69035,224.0327931,
69036,223.6396506,
69037,223.4158687,
69038,222.5145196,
69039,221.4124824,
69040,220.9994565,
69041,220.1904572,
69042,219.749662,
69043,218.8158052,
69044,217.1835793,
69045,216.6456365,
69046,216.3867848,
69047,215.3981875,
69048,213.9431187,
69049,213.200408,
69050,212.3780169,
69051,211.3887228,
69052,210.026597,
69053,208.3488909,
69054,207.6833085,
69055,205.9072155,
69056,204.7148355,
69057,202.5643098,
69058,202.0200731,
69059,201.4486102,
69060,200.6712386,
69061,197.579535,
69062,196.9248618,
69063,196.2951534,
69064,193.9982957,
69065,192.1502525,
69066,191.8737597,
69067,190.7306414,
69068,189.0614867,
69069,187.2887715,
69070,186.2234649,
69071,185.9882648,
69072,185.4324832,
69073,183.0660282,
69074,181.3725446,
69075,180.553325,
69076,179.6168287,
69077,177.6762522,
69078,176.0920334,
69079,176.0558013,
69080,174.7754578,
69081,172.6109621,
69082,170.6945275,
69083,170.071782,
69084,168.6677379,
69085,167.9566342,
69086,165.8866794,
69087,165.2298435,
69088,164.8686269,
69089,163.7112442,
69090,162.8671015,
69091,161.9411381,
69092,162.2365758,
69093,160.8958931,
69094,160.8226131,
69095,159.3602882,
69096,158.9096019,
69097,158.1805342,
69098,157.2555016,
69099,157.9261217,
69100,157.2462574,
69101,157.75264,
69102,157.9737344,
69103,157.9040909,
69104,157.0050891,
69105,157.0196754,
69106,156.9355286,
69107,156.5960451,
69108,156.6426786,
69109,156.5311003,
69110,156.1182085,
69111,156.1473716,
69112,156.2127961,
69113,155.6829122,
69114,155.5239122,
69115,155.7831879,
69116,156.3287223,
69117,156.6172555,
69118,156.9518848,
69119,157.0897692,
69120,157.5032664,
69121,157.7686198,
69122,158.2104184,
69123,158.4691402,
69124,158.3525878,
69125,158.3848391,
69126,158.9151818,
69127,159.1899697,
69128,159.2069241,
69129,159.2377904,
69130,159.1987075,
69131,158.6961229,
69132,158.5635376,
69133,158.4704071,
69134,158.070123,
69135,157.9440124,
69136,157.5764013,
69137,157.3443734,
69138,157.1902207,
69139,156.8904699,
69140,156.1231204,
69141,155.8426216,
69142,155.5909755,
69143,154.6184636,
69144,153.762521,
69145,153.2217546,
69146,153.0563671,
69147,152.4447352,
69148,152.2377245,
69149,151.8492461,
69150,151.299636,
69151,150.5810421,
69152,149.7753306,
69153,149.43396,
69154,148.4438983,
69155,147.392099,
69156,146.7453156,
69157,146.5788168,
69158,146.1549134,
69159,145.8140606,
69160,145.6448096,
69161,145.7550244,
69162,145.7138344,
69163,145.1860812,
69164,145.0236031,
69165,144.4845849,
69166,143.8161759,
69167,143.3889708,
69168,143.4052647,
69169,143.5365599,
69170,142.9939016,
69171,142.3375733,
69172,142.1146835,
69173,141.1170952,
69174,140.6737188,
69175,140.5483068,
69176,140.4126545,
69177,140.2017327,
69178,140.4148936,
69179,140.6947478,
69180,140.7572527,
69181,141.5260077,
69182,141.8122617,
69183,142.7459633,
69184,143.6038161,
69185,144.5420515,
69186,145.1318415,
69187,145.9727486,
69188,147.5533472,
69189,148.1549487,
69190,148.7959622,
69191,150.5031106,
69192,152.0872335,
69193,152.6095937,
69194,153.6689673,
69195,154.4749187,
69196,155.2267247,
69197,156.1699976,
69198,156.8975118,
69199,157.495138,
69200,158.0972987,
69201,159.0445539,
69202,159.9110963,
69203,159.9237877,
69204,161.0259523,
69205,161.7095264,
69206,162.6837943,
69207,163.0324008,
69208,163.217622,
69209,164.0172523,
69210,165.0500973,
69211,165.3302839,
69212,165.7683173,
69213,166.4777799,
69214,166.5239754,
69215,168.0048746,
69216,167.8066709,
69217,168.6178647,
69218,169.3342258,
69219,171.268305,
69220,171.5752112,
69221,172.9148359,
69222,173.1739508,
69223,173.4485222,
69224,174.3997178,
69225,174.2394303,
69226,174.9272336,
69227,176.3017873,
69228,176.9889029,
69229,177.5578846,
69230,178.97382,
69231,179.4865743,
69232,180.286144,
69233,180.611056,
69234,181.7398441,
69235,182.3759345,
69236,182.6162271,
69237,183.1116235,
69238,183.2619498,
69239,183.6371431,
69240,183.4408073,
69241,183.5665899,
69242,183.5001659,
69243,183.7979904,
69244,183.9026594,
69245,184.2866603,
69246,184.8229561,
69247,185.4951738,
69248,185.9723787,
69249,186.6481279,
69250,186.6779513,
69251,187.4212412,
69252,188.1288574,
69253,188.1638551,
69254,188.5657469,
69255,188.7886067,
69256,189.5107204,
69257,189.7119438,
69258,189.5910721,
69259,189.4187501,
69260,189.5873983,
69261,189.5132232,
69262,189.5166099,
69263,189.2383028,
69264,188.9682181,
69265,188.9207782,
69266,188.8819038,
69267,188.563054,
69268,188.2655258,
69269,188.2113409,
69270,188.5544466,
69271,188.6050934,
69272,188.5871346,
69273,188.6387079,
69274,188.3096713,
69275,187.8404802,
69276,187.5482453,
69277,187.41668,
69278,187.8333872,
69279,188.2890301,
69280,188.2663689,
69281,188.0334427,
69282,188.0039698,
69283,188.1605218,
69284,187.9957819,
69285,188.2837539,
69286,188.7022037,
69287,188.9053998,
69288,189.209945,
69289,189.090072,
69290,188.9322449,
69291,188.4924166,
69292,188.6254534,
69293,188.6598276,
69294,188.6510128,
69295,189.1093822,
69296,189.1805653,
69297,189.0370664,
69298,188.6132626,
69299,188.2473288,
69300,187.4408075,
69301,186.4932655,
69302,185.8442685,
69303,185.2915174,
69304,184.2342841,
69305,183.045514,
69306,182.5155015,
69307,181.7523662,
69308,180.4857054,
69309,178.8788391,
69310,178.0506888,
69311,177.0797522,
69312,175.5474995,
69313,173.8037733,
69314,173.0890082,
69315,172.3685387,
69316,170.1335177,
69317,168.4061298,
69318,167.8583903,
69319,165.9264326,
69320,163.758456,
69321,162.8986925,
69322,162.3819866,
69323,161.1688117,
69324,159.4831314,
69325,158.5628061,
69326,157.0593577,
69327,156.2799236,
69328,155.3274097,
69329,154.1610633,
69330,154.0021696,
69331,152.8597662,
69332,150.9883793,
69333,149.4660695,
69334,148.4556187,
69335,147.0071707,
69336,145.340338,
69337,143.7287388,
69338,142.4734644,
69339,140.7539261,
69340,138.4354718,
69341,137.3063708,
69342,135.9824321,
69343,133.6210598,
69344,131.5306707,
69345,131.069325,
69346,128.8473166,
69347,126.2337621,
69348,125.4381293,
69349,124.4986617,
69350,122.2376929,
69351,119.742399,
69352,118.9924096,
69353,117.7097097,
69354,116.5335943,
69355,114.6511619,
69356,114.2725475,
69357,113.1314974,
69358,111.3908038,
69359,110.2167327,
69360,109.1372009,
69361,108.8498285,
69362,108.1111342,
69363,106.1321758,
69364,105.3747912,
69365,104.3706238,
69366,103.4760144,
69367,102.7190055,
69368,102.8092386,
69369,102.1887162,
69370,101.2470171,
69371,100.6945763,
69372,100.1664156,
69373,99.78493234,
69374,99.51718643,
69375,99.52205765,
69376,98.63702769,
69377,98.09074382,
69378,98.3363652,
69379,98.58395543,
69380,98.77442227,
69381,99.32030125,
69382,99.88340388,
69383,100.8012492,
69384,101.5920185,
69385,101.891,
69386,102.7378485,
69387,104.1971108,
69388,105.0072751,
69389,105.4772329,
69390,107.1869533,
69391,109.101672,
69392,109.8330907,
69393,110.8151859,
69394,112.7374718,
69395,114.7217341,
69396,115.4019122,
69397,116.3952364,
69398,118.6880785,
69399,119.9350008,
69400,121.0929488,
69401,122.9161028,
69402,124.0769838,
69403,125.3583079,
69404,125.961386,
69405,128.9246287,
69406,130.8859938,
69407,132.1896307,
69408,134.6144586,
69409,137.208888,
69410,138.0722866,
69411,141.0835034,
69412,143.8704803,
69413,144.6707749,
69414,145.6403267,
69415,148.0735048,
69416,150.6350038,
69417,152.0617807,
69418,154.0974863,
69419,157.3857538,
69420,158.7183257,
69421,159.4263781,
69422,161.7873341,
69423,164.6379488,
69424,165.183566,
69425,167.382204,
69426,170.2981711,
69427,171.6110277,
69428,173.2147267,
69429,174.986832,
69430,177.2877326,
69431,177.9676751,
69432,178.8976201,
69433,180.8330445,
69434,182.9407069,
69435,183.7440029,
69436,186.5101694,
69437,188.0624927,
69438,188.4008236,
69439,190.202483,
69440,192.5015529,
69441,193.2305462,
69442,194.7830052,
69443,196.3956841,
69444,197.7110946,
69445,198.0770747,
69446,199.5996905,
69447,201.0858369,
69448,201.4931143,
69449,202.8188269,
69450,204.3446819,
69451,205.2870155,
69452,205.2100086,
69453,205.9691303,
69454,207.5728531,
69455,208.0388147,
69456,208.6195322,
69457,209.3754871,
69458,210.1336437,
69459,210.6239208,
69460,210.7988129,
69461,211.4953309,
69462,211.6801547,
69463,211.729831,
69464,212.2093242,
69465,212.5125203,
69466,212.8098024,
69467,212.6015482,
69468,212.4306779,
69469,212.7877445,
69470,212.7208724,
69471,212.8029747,
69472,212.6570075,
69473,211.8866124,
69474,211.5175646,
69475,210.8376184,
69476,210.0499619,
69477,209.5129337,
69478,208.3979861,
69479,207.5217264,
69480,206.5481103,
69481,206.0874541,
69482,205.0618198,
69483,203.7053063,
69484,202.8302642,
69485,202.5715115,
69486,200.7249833,
69487,198.608794,
69488,198.0600634,
69489,197.1145949,
69490,195.389868,
69491,193.8706616,
69492,193.7360346,
69493,192.0686051,
69494,190.3825517,
69495,188.4396137,
69496,188.2043365,
69497,186.684183,
69498,183.9315731,
69499,182.4634509,
69500,182.146808,
69501,180.2306134,
69502,178.9622591,
69503,177.5447613,
69504,176.6822502,
69505,174.2322533,
69506,172.0631873,
69507,171.3621242,
69508,170.6507218,
69509,169.1749271,
69510,167.7047713,
69511,166.1556157,
69512,165.1650778,
69513,163.6180825,
69514,161.0031825,
69515,159.8691522,
69516,159.2188633,
69517,157.6390306,
69518,156.0540566,
69519,154.5685339,
69520,154.8264875,
69521,153.9714288,
69522,152.6038447,
69523,151.1825378,
69524,151.3883743,
69525,150.9763132,
69526,149.1262046,
69527,148.5432743,
69528,147.9876626,
69529,146.0974644,
69530,144.4871876,
69531,144.2843019,
69532,143.5335319,
69533,142.3652822,
69534,140.5295556,
69535,139.5525228,
69536,138.936166,
69537,137.5106539,
69538,135.621459,
69539,134.4047006,
69540,133.9868847,
69541,132.7088833,
69542,131.6674057,
69543,130.7358517,
69544,130.3024777,
69545,129.836151,
69546,128.1767079,
69547,127.6479689,
69548,127.1432826,
69549,127.0148932,
69550,126.3599286,
69551,125.7214481,
69552,125.0910047,
69553,124.737561,
69554,123.6775126,
69555,123.2337082,
69556,122.8378331,
69557,122.1832841,
69558,120.8772421,
69559,120.2402995,
69560,120.0218019,
69561,119.2189045,
69562,117.9765188,
69563,116.2415589,
69564,116.234299,
69565,115.9615877,
69566,115.6779861,
69567,114.9490215,
69568,114.9316912,
69569,115.0426191,
69570,113.8061638,
69571,113.4371173,
69572,113.1058741,
69573,112.7770423,
69574,112.3197948,
69575,112.3383252,
69576,112.2924939,
69577,111.7031441,
69578,111.45517,
69579,111.476677,
69580,111.3629742,
69581,111.552909,
69582,112.1605051,
69583,112.8968621,
69584,114.492935,
69585,114.7788611,
69586,115.081047,
69587,115.1529469,
69588,116.5414197,
69589,117.2340789,
69590,117.8775584,
69591,119.939461,
69592,121.4324117,
69593,122.0290572,
69594,122.9665114,
69595,124.4106442,
69596,125.7987974,
69597,125.9259101,
69598,127.6566604,
69599,130.506671,
69600,131.8319659,
69601,132.6028543,
69602,134.5332459,
69603,136.705052,
69604,137.6520007,
69605,139.203657,
69606,141.7110734,
69607,144.2241221,
69608,144.7845459,
69609,146.6553993,
69610,149.5640409,
69611,151.3566865,
69612,152.8501731,
69613,156.1860641,
69614,158.9651393,
69615,159.4886162,
69616,161.904155,
69617,164.9453717,
69618,166.374834,
69619,168.0094284,
69620,170.4947781,
69621,172.8947451,
69622,174.4313534,
69623,177.5198346,
69624,178.735802,
69625,179.4600145,
69626,181.3608678,
69627,184.5908036,
69628,185.4010475,
69629,186.9379234,
69630,188.818119,
69631,190.598747,
69632,192.0137598,
69633,192.7320172,
69634,195.9812749,
69635,198.5583459,
69636,198.8514635,
69637,200.6914172,
69638,202.740392,
69639,203.3144621,
69640,203.7279661,
69641,206.5002087,
69642,207.6825035,
69643,208.2444799,
69644,210.1320421,
69645,211.7351254,
69646,212.2044849,
69647,212.0805544,
69648,213.9712919,
69649,215.3617866,
69650,215.94887,
69651,216.4933103,
69652,216.6819704,
69653,217.5957906,
69654,217.9011526,
69655,217.786671,
69656,218.3450048,
69657,218.6340319,
69658,218.9718889,
69659,219.6519105,
69660,219.4775292,
69661,219.9590589,
69662,220.145031,
69663,220.3624541,
69664,220.2585206,
69665,219.9653002,
69666,219.8008096,
69667,219.7710958,
69668,220.009205,
69669,219.7904658,
69670,219.3722311,
69671,219.1395418,
69672,218.5583111,
69673,218.1675475,
69674,217.5304436,
69675,216.3865714,
69676,216.0570771,
69677,215.3332674,
69678,214.4375246,
69679,213.7680385,
69680,213.4291559,
69681,212.9726161,
69682,211.9669688,
69683,210.5330909,
69684,209.4965508,
69685,209.3037888,
69686,209.0560904,
69687,208.1643089,
69688,207.6801955,
69689,207.3619935,
69690,207.1398787,
69691,206.0738685,
69692,206.0004844,
69693,206.2553548,
69694,206.1736078,
69695,205.6981377,
69696,205.7317992,
69697,205.6077238,
69698,205.3564062,
69699,204.6883502,
69700,204.7109589,
69701,204.9281011,
69702,204.7147155,
69703,204.9276678,
69704,204.8064723,
69705,204.6231411,
69706,204.4207771,
69707,204.2568625,
69708,203.6310428,
69709,203.464888,
69710,203.1133085,
69711,203.0234879,
69712,202.2300059,
69713,201.5370459,
69714,200.6307351,
69715,199.1351492,
69716,198.9324881,
69717,198.2772833,
69718,197.4233554,
69719,195.730224,
69720,195.7199379,
69721,194.0827994,
69722,192.2373512,
69723,191.8283503,
69724,190.5835081,
69725,188.9235934,
69726,187.3930864,
69727,186.6707134,
69728,185.3449972,
69729,183.414461,
69730,180.9379522,
69731,180.7320894,
69732,179.4374984,
69733,176.8912168,
69734,174.890767,
69735,173.9336998,
69736,171.6097006,
69737,168.639183,
69738,168.3952512,
69739,167.773942,
69740,166.9433229,
69741,166.9951543,
69742,165.4943907,
69743,164.1615406,
69744,163.8230631,
69745,162.724087,
69746,159.9450973,
69747,157.7691571,
69748,157.4133762,
69749,155.7110539,
69750,152.1709178,
69751,150.5617655,
69752,149.8722931,
69753,147.7742928,
69754,144.7750832,
69755,143.072035,
69756,142.1343085,
69757,140.1797881,
69758,138.4039521,
69759,136.4492163,
69760,135.6902203,
69761,133.7337267,
69762,130.783003,
69763,130.101712,
69764,128.540928,
69765,126.5492071,
69766,125.6602304,
69767,125.7450286,
69768,125.0716368,
69769,123.5816163,
69770,122.0648648,
69771,120.8721202,
69772,120.0135436,
69773,118.584444,
69774,117.4597777,
69775,116.8879428,
69776,116.6217142,
69777,115.3104015,
69778,114.4584907,
69779,114.0582409,
69780,113.9063962,
69781,113.2553745,
69782,112.3436722,
69783,111.6080504,
69784,111.6410372,
69785,110.8516327,
69786,109.9140324,
69787,109.7337371,
69788,109.3496479,
69789,108.3120343,
69790,107.6385412,
69791,107.5636432,
69792,107.5432983,
69793,107.0769038,
69794,107.1226181,
69795,106.9427626,
69796,107.0149614,
69797,107.1379174,
69798,107.3924341,
69799,107.6252461,
69800,107.790686,
69801,108.3530021,
69802,108.7125873,
69803,109.9328825,
69804,110.6854368,
69805,111.4932623,
69806,112.5791217,
69807,114.1958102,
69808,114.4955165,
69809,115.3020788,
69810,116.729346,
69811,118.1205569,
69812,118.5892692,
69813,120.9069516,
69814,123.1566595,
69815,124.0923116,
69816,125.6467374,
69817,127.4021473,
69818,129.2251658,
69819,130.5368168,
69820,133.4056819,
69821,135.8136111,
69822,136.6213629,
69823,138.2825924,
69824,141.296008,
69825,143.0336303,
69826,144.1948587,
69827,147.5734697,
69828,149.9554465,
69829,151.4496992,
69830,153.8617143,
69831,156.5539246,
69832,158.1036346,
69833,159.5631875,
69834,162.7562237,
69835,165.8038529,
69836,166.0443646,
69837,168.8748557,
69838,172.2057484,
69839,173.1473174,
69840,174.1342967,
69841,176.8773131,
69842,180.2465485,
69843,180.1607485,
69844,182.2576117,
69845,184.625127,
69846,185.659039,
69847,186.843196,
69848,189.4427,
69849,192.2496352,
69850,192.81721,
69851,195.2902499,
69852,197.8476494,
69853,199.8130917,
69854,200.7820132,
69855,203.8949554,
69856,205.1101567,
69857,207.0099438,
69858,208.9905692,
69859,210.2979624,
69860,212.5046646,
69861,212.2940632,
69862,214.1574511,
69863,216.4035926,
69864,218.6383877,
69865,219.1871902,
69866,221.515452,
69867,222.5370514,
69868,223.484804,
69869,224.1293844,
69870,225.6121036,
69871,226.1961202,
69872,227.3385816,
69873,228.1127098,
69874,228.5669088,
69875,229.7359715,
69876,230.4791194,
69877,230.49033,
69878,230.6609886,
69879,231.6269983,
69880,232.1211109,
69881,232.0658396,
69882,232.4543242,
69883,232.9156527,
69884,232.9724633,
69885,233.0341543,
69886,233.0776423,
69887,233.7891847,
69888,234.023994,
69889,233.946795,
69890,234.4901802,
69891,234.8990688,
69892,234.6560273,
69893,234.7182862,
69894,234.7853711,
69895,234.8500687,
69896,235.4201956,
69897,235.6566023,
69898,235.9997841,
69899,236.6296381,
69900,237.233964,
69901,238.0365994,
69902,238.283356,
69903,238.6884056,
69904,239.2930299,
69905,240.3133306,
69906,240.2624539,
69907,240.5210852,
69908,241.1220795,
69909,241.9329808,
69910,242.7237217,
69911,243.7947913,
69912,244.5455332,
69913,245.1087656,
69914,245.0804805,
69915,245.456674,
69916,245.7709788,
69917,245.9328735,
69918,245.9287866,
69919,245.7750843,
69920,245.7671681,
69921,245.5451626,
69922,245.1928254,
69923,244.8360079,
69924,244.3272716,
69925,243.7217067,
69926,243.4209816,
69927,242.4805031,
69928,241.9112012,
69929,241.0773845,
69930,240.7435348,
69931,240.4104088,
69932,239.2998283,
69933,237.8954297,
69934,237.0975631,
69935,236.5678372,
69936,235.4239372,
69937,234.3453929,
69938,233.3612946,
69939,232.4534408,
69940,232.4876726,
69941,230.7534543,
69942,228.5072951,
69943,227.5995207,
69944,227.4814047,
69945,226.4443317,
69946,224.7568608,
69947,222.7499245,
69948,222.0723172,
69949,220.6646494,
69950,218.838956,
69951,217.535431,
69952,217.0684697,
69953,215.6132567,
69954,213.4607857,
69955,212.2371065,
69956,210.6513419,
69957,208.4912779,
69958,206.3741038,
69959,206.3033228,
69960,205.1681481,
69961,202.7257436,
69962,202.0976869,
69963,201.0778099,
69964,198.9268772,
69965,197.1084293,
69966,196.4652599,
69967,195.1321952,
69968,193.2143913,
69969,191.4320069,
69970,191.2111127,
69971,189.2550134,
69972,187.0712896,
69973,186.0433545,
69974,185.0197687,
69975,183.5757459,
69976,181.616792,
69977,179.9334162,
69978,179.1825892,
69979,176.1920168,
69980,173.3744208,
69981,173.1951649,
69982,172.4537471,
69983,170.0546656,
69984,167.9554796,
69985,166.8993281,
69986,165.8585646,
69987,163.853101,
69988,161.0780046,
69989,160.0112519,
69990,158.748831,
69991,156.4503158,
69992,154.5584999,
69993,154.014114,
69994,152.4550129,
69995,148.9310034,
69996,147.6402792,
69997,146.4874035,
69998,143.6773256,
69999,140.6940259,
70000,140.1237076,
70001,138.8554944,
70002,135.1427513,
70003,133.8151753,
70004,132.7098571,
70005,130.1923032,
70006,126.6943733,
70007,126.5067086,
70008,123.8342078,
70009,121.2306078,
70010,120.9064111,
70011,119.5764807,
70012,117.3092884,
70013,115.6798888,
70014,115.4099098,
70015,114.1426782,
70016,111.7219177,
70017,110.7595989,
70018,109.7938396,
70019,107.9701647,
70020,106.2751459,
70021,105.9862173,
70022,104.2434094,
70023,102.8858165,
70024,102.547939,
70025,102.0855184,
70026,100.7601045,
70027,99.46479156,
70028,99.50419942,
70029,99.10345036,
70030,98.31939725,
70031,97.66258708,
70032,97.44015114,
70033,97.83723821,
70034,97.83328047,
70035,97.98130282,
70036,98.95981286,
70037,99.83159976,
70038,99.8977022,
70039,100.4660436,
70040,101.7467306,
70041,103.0377987,
70042,103.1931561,
70043,104.3482576,
70044,106.4215998,
70045,107.2362668,
70046,108.1545643,
70047,110.6637709,
70048,111.9361063,
70049,112.7600271,
70050,114.7020868,
70051,116.7542007,
70052,118.0638275,
70053,118.4642189,
70054,120.185449,
70055,121.8489461,
70056,123.3830058,
70057,124.6286704,
70058,125.3666971,
70059,127.6070869,
70060,130.7175495,
70061,132.3414725,
70062,132.5120722,
70063,134.5630011,
70064,138.2070517,
70065,139.4630693,
70066,140.8705249,
70067,143.8942891,
70068,145.2792653,
70069,146.494091,
70070,149.1516648,
70071,152.2349649,
70072,152.9716877,
70073,154.6415784,
70074,158.3382968,
70075,160.7789364,
70076,161.8483839,
70077,163.6854316,
70078,166.5079319,
70079,168.375274,
70080,169.555912,
70081,171.9779872,
70082,174.5120514,
70083,175.3905634,
70084,178.3670635,
70085,180.918673,
70086,181.5944428,
70087,182.4802476,
70088,184.5459688,
70089,185.836511,
70090,187.3730473,
70091,189.6703856,
70092,191.5469413,
70093,193.4753061,
70094,194.1146407,
70095,196.1506099,
70096,199.1841553,
70097,199.8989781,
70098,202.083729,
70099,204.8011014,
70100,205.4492463,
70101,205.6572795,
70102,207.118002,
70103,209.9716423,
70104,210.5684722,
70105,212.2657852,
70106,213.1418696,
70107,215.2276464,
70108,216.1034078,
70109,215.7117016,
70110,216.4373006,
70111,217.6408855,
70112,218.2457969,
70113,218.7905012,
70114,219.5414921,
70115,219.928584,
70116,219.8124982,
70117,219.6951367,
70118,219.9589364,
70119,220.5339865,
70120,220.7610102,
70121,221.1556865,
70122,221.5573928,
70123,221.9607512,
70124,222.1046534,
70125,221.8720537,
70126,221.736826,
70127,221.2477866,
70128,221.6396264,
70129,221.0404586,
70130,220.9076417,
70131,220.8339771,
70132,221.1916808,
70133,221.5073787,
70134,221.3461033,
70135,221.1320721,
70136,220.7465087,
70137,220.4949695,
70138,220.0825838,
70139,219.3706507,
70140,219.494259,
70141,218.2873751,
70142,217.72323,
70143,216.4136683,
70144,214.9518716,
70145,213.6106566,
70146,213.8107195,
70147,212.8760342,
70148,212.063547,
70149,210.8704737,
70150,210.4697798,
70151,209.6985668,
70152,207.9129191,
70153,206.8129693,
70154,206.2018423,
70155,206.8187737,
70156,206.4927117,
70157,205.9513255,
70158,205.3457897,
70159,205.3643466,
70160,204.6924092,
70161,204.0933326,
70162,204.8790377,
70163,205.1255437,
70164,205.2161402,
70165,205.2758073,
70166,205.1262701,
70167,204.987091,
70168,204.9046201,
70169,205.1711034,
70170,205.5627665,
70171,206.2998686,
70172,207.092415,
70173,207.1639499,
70174,207.5417207,
70175,207.9634632,
70176,208.2090909,
70177,208.1419072,
70178,208.5134012,
70179,208.80096,
70180,208.6624153,
70181,208.407427,
70182,208.1357561,
70183,207.7862364,
70184,208.1140213,
70185,208.2744076,
70186,208.1945783,
70187,208.1407737,
70188,207.4405433,
70189,206.7500964,
70190,206.0417457,
70191,205.1897013,
70192,204.1739642,
70193,203.3383204,
70194,202.6165568,
70195,201.8020792,
70196,200.5913669,
70197,199.6905271,
70198,199.3844424,
70199,198.0413745,
70200,196.7178801,
70201,194.9793699,
70202,194.4261726,
70203,193.8338014,
70204,192.961145,
70205,191.4243762,
70206,190.7824385,
70207,190.6514057,
70208,189.205264,
70209,187.8138695,
70210,187.0578245,
70211,186.6472711,
70212,186.4605245,
70213,185.693045,
70214,185.0990757,
70215,184.2037057,
70216,182.8352735,
70217,182.2569965,
70218,182.0974418,
70219,181.8888759,
70220,181.0330117,
70221,180.5372183,
70222,180.3949006,
70223,180.2372023,
70224,179.8270991,
70225,180.4028822,
70226,179.8818891,
70227,180.1559816,
70228,180.1072938,
70229,179.7217518,
70230,179.0540624,
70231,178.1757055,
70232,177.3993789,
70233,177.1497558,
70234,176.8601572,
70235,176.5757739,
70236,176.0880536,
70237,175.7675375,
70238,174.5272989,
70239,174.6825768,
70240,173.8603333,
70241,173.7417578,
70242,173.0468424,
70243,172.8787347,
70244,172.5048391,
70245,171.2657977,
70246,170.4260326,
70247,169.3954657,
70248,169.719654,
70249,169.2368008,
70250,168.273234,
70251,167.8096011,
70252,167.2468259,
70253,166.1434388,
70254,165.8032337,
70255,165.9285559,
70256,166.7655411,
70257,166.2594086,
70258,166.1121338,
70259,166.246816,
70260,166.2804072,
70261,165.4263684,
70262,165.8540826,
70263,165.335278,
70264,165.2877263,
70265,165.8587967,
70266,166.0884479,
70267,165.4805002,
70268,165.6774689,
70269,166.6097477,
70270,165.893841,
70271,166.8784963,
70272,167.2575939,
70273,168.3932291,
70274,168.2694038,
70275,167.615522,
70276,168.7160316,
70277,169.2275214,
70278,168.6275898,
70279,168.260976,
70280,169.2759462,
70281,169.4990286,
70282,169.7348495,
70283,169.8985252,
70284,170.187714,
70285,170.4336678,
70286,170.6582137,
70287,170.9759479,
70288,171.0338564,
70289,171.2411917,
70290,171.5093242,
70291,171.5340568,
70292,171.9887237,
70293,172.3317731,
70294,173.1482232,
70295,173.3724694,
70296,172.9492659,
70297,172.8547893,
70298,172.9138493,
70299,172.5968723,
70300,172.1337599,
70301,172.2478103,
70302,172.2466135,
70303,172.2345734,
70304,171.4163419,
70305,171.7496936,
70306,171.724238,
70307,171.7004932,
70308,171.5490494,
70309,171.8279066,
70310,171.4387365,
70311,172.0177669,
70312,172.2799566,
70313,172.4055864,
70314,172.6219976,
70315,172.9193837,
70316,172.8919561,
70317,172.7481662,
70318,172.6485946,
70319,172.4700947,
70320,172.3741528,
70321,172.021594,
70322,171.6874288,
70323,171.5543862,
70324,171.5714697,
70325,171.344507,
70326,171.1288637,
70327,170.9796373,
70328,170.7465262,
70329,170.4118418,
70330,170.0375198,
70331,169.9850699,
70332,169.5618275,
70333,169.4741873,
70334,169.8947233,
70335,170.2100783,
70336,170.7125373,
70337,171.073305,
70338,171.544898,
70339,171.6395986,
70340,171.681663,
70341,172.1912992,
70342,172.5855119,
70343,172.8679369,
70344,173.0739678,
70345,173.1225635,
70346,172.9709349,
70347,173.1042712,
70348,173.944264,
70349,174.2211499,
70350,174.5483963,
70351,174.8811809,
70352,175.455467,
70353,176.1941122,
70354,175.7633547,
70355,175.9456751,
70356,176.0225853,
70357,176.3291045,
70358,178.0041548,
70359,178.1990779,
70360,178.497381,
70361,178.4683861,
70362,179.5648179,
70363,180.6125481,
70364,181.1798693,
70365,181.394302,
70366,182.8331261,
70367,183.9117596,
70368,185.1687974,
70369,185.3753528,
70370,185.7962078,
70371,187.1554764,
70372,188.2676013,
70373,189.3465408,
70374,190.2677145,
70375,190.5221151,
70376,191.6660112,
70377,194.0520457,
70378,195.5507878,
70379,195.8340088,
70380,196.5177099,
70381,197.9777585,
70382,198.3866302,
70383,199.6192435,
70384,200.3822777,
70385,200.9281814,
70386,202.3158193,
70387,205.3156109,
70388,206.7225238,
70389,207.137272,
70390,208.5251079,
70391,208.0799615,
70392,210.1515315,
70393,210.9588093,
70394,211.2525611,
70395,212.5250616,
70396,213.0223298,
70397,214.1265242,
70398,216.2331838,
70399,218.0388857,
70400,219.1232072,
70401,219.0496348,
70402,220.9467913,
70403,222.7845888,
70404,223.9009072,
70405,224.8930151,
70406,225.8502629,
70407,226.6012457,
70408,226.7350752,
70409,227.3093704,
70410,229.5527549,
70411,231.0322376,
70412,232.0213027,
70413,232.5600153,
70414,232.9426947,
70415,234.5472565,
70416,235.3224527,
70417,235.4700442,
70418,236.1514795,
70419,236.8482008,
70420,237.4748336,
70421,238.4885062,
70422,239.1899646,
70423,239.6672798,
70424,239.3678569,
70425,239.9465088,
70426,240.3320357,
70427,240.3412584,
70428,240.1298388,
70429,240.3541424,
70430,241.6919571,
70431,243.7489431,
70432,243.4975536,
70433,245.1609189,
70434,245.8603243,
70435,246.9869703,
70436,247.8035474,
70437,248.4879798,
70438,249.1114171,
70439,249.7441126,
70440,249.6221065,
70441,251.309904,
70442,251.9366864,
70443,254.4284705,
70444,256.1954433,
70445,258.0152391,
70446,258.6668599,
70447,260.979048,
70448,261.4201889,
70449,261.7197023,
70450,263.7498634,
70451,263.8490571,
70452,265.1784761,
70453,267.6848657,
70454,269.2897809,
70455,270.6244891,
70456,270.8111854,
70457,273.2010413,
70458,275.3833867,
70459,276.1238257,
70460,275.8732787,
70461,277.3514713,
70462,279.0019762,
70463,281.4710155,
70464,282.3171496,
70465,283.2366805,
70466,286.5572771,
70467,288.0731553,
70468,288.8608607,
70469,289.3746948,
70470,291.9419842,
70471,294.231129,
70472,295.548161,
70473,296.7953496,
70474,299.2761438,
70475,301.630054,
70476,303.131565,
70477,304.5089926,
70478,306.6324727,
70479,308.6314817,
70480,309.0641495,
70481,309.6047941,
70482,311.273369,
70483,313.2503269,
70484,314.017684,
70485,314.3076888,
70486,316.6499446,
70487,317.7589461,
70488,319.1601225,
70489,320.4264093,
70490,320.7282487,
70491,323.0383169,
70492,324.7104648,
70493,326.3392504,
70494,326.8719453,
70495,327.064405,
70496,327.9264138,
70497,329.0372527,
70498,330.594224,
70499,331.670733,
70500,332.4764536,
70501,333.4681056,
70502,334.4984201,
70503,336.7685833,
70504,336.9388641,
70505,337.3152266,
70506,337.8940215,
70507,338.9832781,
70508,340.3622294,
70509,340.9974309,
70510,340.9096785,
70511,342.4007765,
70512,343.3865914,
70513,345.0700797,
70514,345.9535451,
70515,346.3659664,
70516,346.8891314,
70517,347.7275772,
70518,348.254174,
70519,349.3252291,
70520,349.9570631,
70521,350.1100441,
70522,351.1069138,
70523,352.7649433,
70524,353.4549192,
70525,354.3762899,
70526,355.6485939,
70527,356.6465774,
70528,357.8167697,
70529,358.2522852,
70530,359.0768117,
70531,359.8689341,
70532,360.8109789,
70533,362.1168289,
70534,362.549356,
70535,363.3311361,
70536,364.2616575,
70537,364.6148357,
70538,364.7874425,
70539,365.0290676,
70540,365.9919249,
70541,366.5359577,
70542,366.6779289,
70543,367.736577,
70544,368.3836603,
70545,368.6087579,
70546,368.8967134,
70547,369.2870836,
70548,368.9955464,
70549,369.1211708,
70550,369.1949542,
70551,369.2587557,
70552,369.3390456,
70553,369.5394312,
70554,369.0964084,
70555,368.8533219,
70556,368.9979957,
70557,368.5011412,
70558,368.4034245,
70559,368.1589862,
70560,367.9569135,
70561,367.2201921,
70562,367.161888,
70563,366.4821093,
70564,365.9342134,
70565,365.7120848,
70566,365.0060402,
70567,364.0349418,
70568,362.9714746,
70569,362.287174,
70570,361.5118001,
70571,361.0037068,
70572,359.909805,
70573,358.5948295,
70574,357.9324453,
70575,357.3826821,
70576,356.1817288,
70577,354.9351669,
70578,353.753165,
70579,353.0211725,
70580,352.4139639,
70581,351.3550144,
70582,349.8679553,
70583,348.4552706,
70584,348.1124485,
70585,347.254113,
70586,345.5125984,
70587,344.6076767,
70588,343.6693423,
70589,342.1368035,
70590,340.935551,
70591,340.9849568,
70592,340.3834197,
70593,340.3637067,
70594,339.6826062,
70595,338.926988,
70596,338.8079967,
70597,338.3801495,
70598,337.7329677,
70599,337.1616962,
70600,336.7567021,
70601,336.4433522,
70602,335.9616194,
70603,335.107109,
70604,334.1395689,
70605,333.4837494,
70606,332.6152375,
70607,331.3301973,
70608,329.5587055,
70609,328.8952702,
70610,328.1678313,
70611,327.3149164,
70612,326.5572077,
70613,325.3471943,
70614,324.7522432,
70615,324.3234898,
70616,324.1051857,
70617,323.3207056,
70618,322.6372505,
70619,321.8842913,
70620,322.5915599,
70621,321.8254898,
70622,320.6991653,
70623,319.9524889,
70624,318.8332719,
70625,318.2642856,
70626,318.1004309,
70627,317.7288647,
70628,317.4050259,
70629,316.4066726,
70630,314.9029322,
70631,314.5967115,
70632,313.7865458,
70633,312.3369327,
70634,311.2915848,
70635,310.4229913,
70636,310.2494238,
70637,309.5838463,
70638,308.8399124,
70639,308.035758,
70640,307.8148339,
70641,307.5703214,
70642,306.6176051,
70643,306.2402327,
70644,305.4530938,
70645,304.7986332,
70646,304.5375132,
70647,303.1768696,
70648,302.2119865,
70649,300.9449562,
70650,300.2209977,
70651,299.5400777,
70652,298.609837,
70653,297.6387786,
70654,296.5905581,
70655,296.1519387,
70656,295.2035987,
70657,294.8734643,
70658,293.1139343,
70659,292.465158,
70660,292.3742127,
70661,292.2543085,
70662,291.1210509,
70663,290.1761642,
70664,289.3695144,
70665,288.8615658,
70666,287.0901217,
70667,285.9270513,
70668,284.6468598,
70669,283.9043408,
70670,282.8453495,
70671,281.2942983,
70672,279.2411007,
70673,278.576865,
70674,276.7960022,
70675,275.4765248,
70676,273.3442617,
70677,272.5921241,
70678,271.9316346,
70679,269.8094251,
70680,268.0381147,
70681,267.5163013,
70682,266.3003297,
70683,264.2066374,
70684,263.1931252,
70685,261.5099645,
70686,260.9972019,
70687,259.7998455,
70688,258.058388,
70689,256.2680967,
70690,255.000707,
70691,254.3021912,
70692,253.4556919,
70693,252.0104408,
70694,250.3012749,
70695,250.7437164,
70696,249.3166366,
70697,247.6945897,
70698,247.431477,
70699,246.618549,
70700,246.4063399,
70701,246.0650818,
70702,246.5331553,
70703,245.905685,
70704,246.0241861,
70705,247.1319317,
70706,245.6487322,
70707,245.3128303,
70708,245.1427825,
70709,244.4228546,
70710,243.4550856,
70711,243.029636,
70712,241.9611512,
70713,241.3281112,
70714,240.4817134,
70715,240.4414779,
70716,239.5583511,
70717,238.7285022,
70718,237.2057893,
70719,235.2913139,
70720,235.1232123,
70721,234.3349555,
70722,233.0783003,
70723,231.8168245,
70724,231.0161366,
70725,229.9777484,
70726,227.7702292,
70727,226.3611701,
70728,226.0011547,
70729,224.6692361,
70730,223.24904,
70731,221.4105776,
70732,220.631317,
70733,218.86803,
70734,217.0682645,
70735,216.4635824,
70736,215.8821513,
70737,214.8924197,
70738,213.9043008,
70739,212.223712,
70740,211.3104004,
70741,209.1564498,
70742,206.8708532,
70743,206.1861676,
70744,204.9394631,
70745,203.5343264,
70746,201.7225358,
70747,201.0354239,
70748,200.4140968,
70749,198.713938,
70750,196.9044933,
70751,195.9133547,
70752,195.4635622,
70753,193.7444328,
70754,191.9792648,
70755,191.5954234,
70756,189.8264893,
70757,188.4876433,
70758,187.2282565,
70759,186.914103,
70760,185.5309048,
70761,184.373925,
70762,184.1540656,
70763,183.3543288,
70764,182.1730663,
70765,181.5321594,
70766,181.6193501,
70767,180.7915434,
70768,180.3891074,
70769,180.4601202,
70770,180.7773925,
70771,181.0147669,
70772,181.2537982,
70773,181.2583768,
70774,181.888512,
70775,182.7320322,
70776,183.2059444,
70777,183.4234105,
70778,183.6438863,
70779,184.8317069,
70780,185.2302503,
70781,185.1696567,
70782,185.8958259,
70783,185.9540013,
70784,186.5137466,
70785,186.7501786,
70786,187.2846923,
70787,187.9153683,
70788,189.1837949,
70789,189.7696692,
70790,190.6407014,
70791,191.495367,
70792,191.8554447,
70793,192.8715598,
70794,193.1965699,
70795,194.2802526,
70796,195.8989791,
70797,197.1637898,
70798,197.5974031,
70799,198.975182,
70800,200.0214973,
70801,200.6592353,
70802,200.8089152,
70803,201.1938857,
70804,201.6874007,
70805,202.5015554,
70806,203.1604303,
70807,202.7622908,
70808,202.5699681,
70809,202.523103,
70810,202.7008896,
70811,201.6388366,
70812,202.0894044,
70813,201.6555027,
70814,202.0468491,
70815,201.636626,
70816,201.6577334,
70817,201.6630919,
70818,203.0011352,
70819,202.0311933,
70820,202.0350311,
70821,201.8055185,
70822,201.5389301,
70823,201.6375662,
70824,201.7883716,
70825,201.0736265,
70826,200.7149042,
70827,200.7655102,
70828,199.9852662,
70829,199.8628845,
70830,199.2685577,
70831,198.7918338,
70832,198.2224806,
70833,198.4971618,
70834,198.1203666,
70835,197.704818,
70836,197.90822,
70837,198.2807657,
70838,198.4276282,
70839,198.2028574,
70840,198.6269095,
70841,198.4849497,
70842,198.7672594,
70843,198.9828016,
70844,198.5937008,
70845,198.3900675,
70846,198.3409274,
70847,198.4636673,
70848,198.486646,
70849,198.9984641,
70850,199.5068134,
70851,200.1109298,
70852,200.4089467,
70853,200.5400085,
70854,200.7906222,
70855,200.841258,
70856,200.767329,
70857,200.8057822,
70858,200.9818408,
70859,201.42359,
70860,201.6738443,
70861,201.9703223,
70862,202.0530442,
70863,201.9981939,
70864,202.2000179,
70865,202.5295942,
70866,202.3998747,
70867,202.2931612,
70868,201.892575,
70869,201.5647576,
70870,201.2494203,
70871,201.1123564,
70872,200.9851498,
70873,200.5679304,
70874,200.1815423,
70875,200.1534954,
70876,199.7970145,
70877,199.3370226,
70878,198.7812935,
70879,198.6908371,
70880,198.2709185,
70881,197.5677317,
70882,197.5276805,
70883,196.8440343,
70884,196.1586385,
70885,196.0072657,
70886,195.6101471,
70887,194.9300869,
70888,195.2459381,
70889,195.2654001,
70890,195.2019054,
70891,194.3383083,
70892,193.6871358,
70893,194.2271069,
70894,193.3781598,
70895,193.6745877,
70896,193.2487897,
70897,192.6171312,
70898,191.9371328,
70899,192.3363928,
70900,191.6171487,
70901,191.3528984,
70902,190.6581042,
70903,189.5442807,
70904,188.490927,
70905,187.7768664,
70906,187.3708331,
70907,187.2594335,
70908,186.0701236,
70909,184.3973472,
70910,183.1284198,
70911,182.7496596,
70912,182.6505538,
70913,182.3594476,
70914,180.8526279,
70915,179.8321508,
70916,178.3841391,
70917,178.0668122,
70918,178.0244874,
70919,177.8655465,
70920,177.5084693,
70921,175.8718106,
70922,173.8478164,
70923,172.894426,
70924,172.0869478,
70925,171.5849013,
70926,169.0223441,
70927,167.1274312,
70928,165.5025813,
70929,165.5875774,
70930,164.2989969,
70931,161.8769756,
70932,159.9195953,
70933,159.1115028,
70934,158.6150704,
70935,157.9834692,
70936,156.6363991,
70937,155.7092187,
70938,155.6635368,
70939,155.3806421,
70940,155.3702594,
70941,154.0341692,
70942,153.3676777,
70943,153.1329513,
70944,152.6972815,
70945,152.2552645,
70946,152.1951516,
70947,151.7136124,
70948,151.5606391,
70949,151.4178869,
70950,152.4820725,
70951,152.1216934,
70952,153.2347516,
70953,153.4322093,
70954,152.3015375,
70955,152.7291729,
70956,153.1991955,
70957,153.1651233,
70958,154.1467273,
70959,155.3733284,
70960,156.5371661,
70961,156.6882061,
70962,155.7726933,
70963,156.052095,
70964,157.8037746,
70965,157.6613837,
70966,158.2169245,
70967,158.9220517,
70968,159.3834119,
70969,159.5288384,
70970,159.4095848,
70971,159.3931608,
70972,159.8545255,
70973,159.9331954,
70974,160.3242314,
70975,160.5583542,
70976,160.3378861,
70977,160.3318769,
70978,160.1471818,
70979,160.082052,
70980,160.4583487,
70981,160.830576,
70982,161.3818796,
70983,161.1868083,
70984,161.2351345,
70985,161.46932,
70986,161.7221644,
70987,161.9348131,
70988,161.8057208,
70989,161.8593403,
70990,161.9220216,
70991,162.3917015,
70992,162.8695932,
70993,163.3522921,
70994,163.4705197,
70995,163.4348404,
70996,163.8624688,
70997,164.360676,
70998,164.4652963,
70999,164.5342145,
71000,164.999434,
71001,165.5734582,
71002,166.0810756,
71003,166.7669106,
71004,167.0476939,
71005,167.6680541,
71006,168.4761142,
71007,168.7480057,
71008,168.9391876,
71009,169.688453,
71010,170.9335614,
71011,171.5472846,
71012,172.0923883,
71013,172.4773489,
71014,174.3240768,
71015,174.2443941,
71016,174.6446635,
71017,174.9289543,
71018,176.2810225,
71019,177.1150092,
71020,177.7645663,
71021,178.0759413,
71022,179.6390273,
71023,180.2541579,
71024,181.4619341,
71025,181.7543668,
71026,182.8796009,
71027,183.5269492,
71028,184.9407634,
71029,185.579673,
71030,185.9163844,
71031,187.5836676,
71032,188.402168,
71033,188.4514198,
71034,190.5181694,
71035,190.4299369,
71036,190.5045853,
71037,192.8826662,
71038,194.0062239,
71039,194.1788324,
71040,194.228977,
71041,195.3419793,
71042,196.2163704,
71043,196.9762396,
71044,197.0052875,
71045,197.3558577,
71046,198.1659518,
71047,199.4502036,
71048,199.818787,
71049,200.1238113,
71050,200.7236962,
71051,201.4404755,
71052,202.70943,
71053,203.7979893,
71054,204.2405258,
71055,204.2575328,
71056,206.2674359,
71057,207.8048382,
71058,208.7354314,
71059,209.5644508,
71060,210.1635524,
71061,211.2186385,
71062,212.9313273,
71063,213.4778586,
71064,214.5380387,
71065,216.4392204,
71066,218.0895266,
71067,218.9466025,
71068,220.3521395,
71069,221.7148826,
71070,223.015505,
71071,223.7744689,
71072,224.9942749,
71073,225.6872511,
71074,226.560718,
71075,227.2122634,
71076,228.597017,
71077,229.7648913,
71078,230.1408519,
71079,230.0327192,
71080,231.5377214,
71081,231.6319358,
71082,232.2484686,
71083,232.6504403,
71084,232.6359532,
71085,232.4700276,
71086,232.1211658,
71087,231.4429302,
71088,231.4973595,
71089,231.3222533,
71090,230.9140292,
71091,231.0257623,
71092,230.6714828,
71093,230.4355964,
71094,230.0649882,
71095,229.7545713,
71096,229.3313709,
71097,229.0980969,
71098,228.8221355,
71099,228.077564,
71100,226.9994679,
71101,226.6124315,
71102,225.9051313,
71103,225.5860999,
71104,225.2070104,
71105,224.5574257,
71106,224.0758054,
71107,223.9825999,
71108,222.4660519,
71109,221.4084096,
71110,220.6125365,
71111,220.7912821,
71112,220.5792753,
71113,219.1521346,
71114,218.6144843,
71115,218.19266,
71116,217.5457553,
71117,217.0070926,
71118,216.3127213,
71119,216.1174618,
71120,215.5364034,
71121,214.6505131,
71122,213.3591972,
71123,212.9409857,
71124,213.0113547,
71125,211.3393465,
71126,211.0806514,
71127,211.1040289,
71128,210.333567,
71129,209.0077678,
71130,207.7267632,
71131,207.2925841,
71132,205.9726594,
71133,204.9405479,
71134,203.7252916,
71135,204.1232529,
71136,202.9704271,
71137,201.4984955,
71138,200.6672551,
71139,200.0097465,
71140,199.2410575,
71141,198.3446252,
71142,196.7670147,
71143,196.6904657,
71144,195.6795934,
71145,195.6135541,
71146,193.0355376,
71147,192.4061204,
71148,191.1589664,
71149,189.3935261,
71150,187.8851432,
71151,187.0062105,
71152,186.1678466,
71153,184.9421339,
71154,183.1708479,
71155,182.5688201,
71156,182.8240457,
71157,182.2812887,
71158,181.3648522,
71159,179.4131676,
71160,179.5073854,
71161,178.3650474,
71162,177.7207327,
71163,175.806676,
71164,174.4258322,
71165,172.2431934,
71166,170.1450876,
71167,167.8347652,
71168,166.7654742,
71169,165.8265241,
71170,163.7289035,
71171,161.6531745,
71172,161.2404425,
71173,160.7497594,
71174,157.6888129,
71175,155.8323038,
71176,155.8947923,
71177,154.2747212,
71178,152.5901965,
71179,150.601962,
71180,149.8634555,
71181,147.4501327,
71182,145.1176253,
71183,144.4702491,
71184,143.5067492,
71185,141.1068147,
71186,140.0351859,
71187,139.5867204,
71188,138.5945355,
71189,136.6872175,
71190,135.6062578,
71191,134.6503443,
71192,133.9122587,
71193,132.3139482,
71194,130.9642475,
71195,129.6105807,
71196,127.7143824,
71197,126.1132957,
71198,124.5437234,
71199,124.1016398,
71200,122.5205383,
71201,120.7658592,
71202,118.6415229,
71203,117.9022168,
71204,116.1482198,
71205,115.1676599,
71206,113.9925282,
71207,114.0044556,
71208,113.957004,
71209,113.6889567,
71210,113.5239098,
71211,112.2107949,
71212,111.7419984,
71213,112.4207054,
71214,111.4485658,
71215,110.7704677,
71216,109.9460077,
71217,110.9705683,
71218,110.6762359,
71219,110.281245,
71220,111.2282672,
71221,111.2149226,
71222,110.8768136,
71223,111.3600939,
71224,111.9816932,
71225,111.9521144,
71226,111.9632908,
71227,114.121334,
71228,113.7661007,
71229,113.4217623,
71230,113.637347,
71231,114.2362451,
71232,115.2616364,
71233,115.076652,
71234,116.0594027,
71235,116.2710011,
71236,116.4379052,
71237,116.9952168,
71238,117.4537646,
71239,117.7138927,
71240,117.9295248,
71241,118.228731,
71242,119.1932442,
71243,119.6525254,
71244,119.9110624,
71245,120.8192618,
71246,120.5731845,
71247,120.6831089,
71248,120.349937,
71249,120.3038879,
71250,120.2243707,
71251,120.8433994,
71252,121.0264912,
71253,121.1718244,
71254,121.4687166,
71255,121.871992,
71256,122.1710058,
71257,122.4236434,
71258,123.0385736,
71259,123.9605959,
71260,124.0427907,
71261,124.6055595,
71262,124.8484849,
71263,125.2617202,
71264,125.3954973,
71265,125.6294027,
71266,126.0202895,
71267,126.664173,
71268,128.3522097,
71269,128.4947073,
71270,128.7485033,
71271,129.2395981,
71272,130.1090139,
71273,130.8459801,
71274,131.9431994,
71275,133.2150208,
71276,135.3185414,
71277,135.4167823,
71278,136.8207547,
71279,138.2195562,
71280,137.9695768,
71281,139.0783486,
71282,139.517074,
71283,139.6562625,
71284,139.3553006,
71285,141.9542934,
71286,143.1645629,
71287,145.2277299,
71288,145.4926367,
71289,146.0888224,
71290,148.0723565,
71291,149.3683331,
71292,149.8703305,
71293,150.5159742,
71294,150.4138278,
71295,150.6509922,
71296,151.9323135,
71297,154.3141082,
71298,155.3317095,
71299,156.8515379,
71300,158.4027764,
71301,159.9819336,
71302,160.8649976,
71303,161.195486,
71304,163.3843058,
71305,165.492673,
71306,166.9098362,
71307,168.0775032,
71308,169.5776527,
71309,171.1702354,
71310,173.1036324,
71311,173.6226098,
71312,174.3113403,
71313,174.5590542,
71314,173.8480709,
71315,174.0531065,
71316,175.8357652,
71317,176.8850651,
71318,176.8896148,
71319,176.3751176,
71320,176.8049255,
71321,179.2931398,
71322,180.3786327,
71323,180.6268017,
71324,180.7270877,
71325,180.4969206,
71326,180.2929293,
71327,180.6729456,
71328,180.7106788,
71329,180.0336268,
71330,180.9875951,
71331,181.7172491,
71332,182.1324584,
71333,182.5123251,
71334,181.9046679,
71335,182.5083682,
71336,182.8740484,
71337,183.9951335,
71338,183.7879539,
71339,183.8484996,
71340,182.7216258,
71341,183.0209939,
71342,183.2672689,
71343,182.9242676,
71344,183.2564325,
71345,182.8885878,
71346,182.8924152,
71347,183.1745338,
71348,183.1526591,
71349,183.2601086,
71350,183.6858076,
71351,184.2383027,
71352,184.4698649,
71353,184.5315915,
71354,184.3138125,
71355,184.198801,
71356,184.2704413,
71357,184.4477544,
71358,184.6147092,
71359,184.6803963,
71360,184.635308,
71361,184.7922118,
71362,185.0559779,
71363,185.1706229,
71364,185.1793878,
71365,184.9707308,
71366,184.9456077,
71367,184.8803051,
71368,184.6355597,
71369,184.7805373,
71370,184.5943175,
71371,184.5742186,
71372,184.6786015,
71373,184.5464229,
71374,184.6332606,
71375,184.481768,
71376,184.0637337,
71377,183.7332986,
71378,183.3640893,
71379,182.818403,
71380,182.2484338,
71381,181.7770195,
71382,181.8669632,
71383,181.5294895,
71384,181.3828981,
71385,180.5462929,
71386,180.2469484,
71387,180.066747,
71388,180.0828268,
71389,180.1210848,
71390,180.4688142,
71391,180.6797586,
71392,180.6952389,
71393,180.8596678,
71394,181.3964239,
71395,181.8873678,
71396,182.5178716,
71397,182.9400231,
71398,183.8532938,
71399,184.3154058,
71400,184.9707985,
71401,185.4561094,
71402,186.2021352,
71403,187.3711302,
71404,188.2591543,
71405,188.6094316,
71406,189.6452357,
71407,190.6514504,
71408,191.4729384,
71409,192.2647893,
71410,192.6916633,
71411,193.594733,
71412,195.346483,
71413,195.5518156,
71414,196.1043261,
71415,197.0153109,
71416,197.4704613,
71417,197.7498054,
71418,198.1894085,
71419,197.9562753,
71420,198.1577247,
71421,198.251349,
71422,198.306179,
71423,198.4979063,
71424,198.5381708,
71425,198.3625504,
71426,198.0607204,
71427,197.6844637,
71428,197.1032761,
71429,196.5424105,
71430,196.1483821,
71431,195.8232684,
71432,195.1090035,
71433,193.8514511,
71434,193.6084794,
71435,192.8119717,
71436,191.2769651,
71437,190.594547,
71438,190.0723903,
71439,189.2779468,
71440,188.4925229,
71441,187.6023879,
71442,186.9299758,
71443,185.861329,
71444,185.2848461,
71445,183.9339764,
71446,181.5494789,
71447,180.1528627,
71448,179.8690163,
71449,178.1147916,
71450,176.7499584,
71451,174.716885,
71452,174.3521945,
71453,172.3746896,
71454,171.0348035,
71455,169.8397954,
71456,168.9462256,
71457,167.488431,
71458,166.6234397,
71459,164.6040092,
71460,162.9649549,
71461,162.5327662,
71462,160.7752239,
71463,158.8873066,
71464,157.1027027,
71465,156.1878575,
71466,154.6866128,
71467,153.4694817,
71468,151.9842994,
71469,151.3901214,
71470,150.4505362,
71471,148.9168115,
71472,147.0192919,
71473,145.6702258,
71474,145.2863207,
71475,144.2552748,
71476,141.9962199,
71477,139.7140538,
71478,139.4705118,
71479,138.5927228,
71480,136.9255186,
71481,135.9829657,
71482,135.3820737,
71483,133.6058995,
71484,132.3525121,
71485,130.268862,
71486,129.0969421,
71487,129.5790615,
71488,128.0453111,
71489,126.0298195,
71490,126.4894246,
71491,127.5648718,
71492,127.2352322,
71493,127.3618582,
71494,125.4829241,
71495,125.5766887,
71496,125.7446186,
71497,125.5699067,
71498,124.8814025,
71499,125.1252277,
71500,124.8691881,
71501,124.9795016,
71502,125.2047859,
71503,125.1493769,
71504,124.9801832,
71505,124.7553257,
71506,124.996697,
71507,124.8880697,
71508,124.8614756,
71509,124.4498403,
71510,124.3074838,
71511,124.2865738,
71512,123.9462981,
71513,123.8016145,
71514,123.8859915,
71515,124.2244898,
71516,124.5353744,
71517,124.6867257,
71518,124.9359274,
71519,124.964446,
71520,124.8262592,
71521,124.5479768,
71522,124.3106346,
71523,124.0783398,
71524,123.6108478,
71525,123.4366232,
71526,123.2263049,
71527,122.3802116,
71528,122.044457,
71529,121.6645659,
71530,121.5824993,
71531,121.6605492,
71532,121.236914,
71533,120.6076507,
71534,120.1163714,
71535,119.9295138,
71536,119.8190124,
71537,118.9137546,
71538,118.5241587,
71539,118.1287698,
71540,117.0585589,
71541,116.7323503,
71542,116.3699114,
71543,115.4311638,
71544,114.8329182,
71545,114.4419112,
71546,114.1680705,
71547,113.7379754,
71548,113.5779079,
71549,113.494034,
71550,113.5931097,
71551,113.3364445,
71552,112.8683349,
71553,112.2511585,
71554,112.3512478,
71555,112.2197626,
71556,112.2937231,
71557,112.448675,
71558,112.5967117,
71559,113.180917,
71560,112.904141,
71561,113.336244,
71562,113.6685448,
71563,113.9583629,
71564,114.4316516,
71565,114.7649375,
71566,115.5433744,
71567,116.5016446,
71568,116.6603339,
71569,117.5808916,
71570,118.4099944,
71571,118.492783,
71572,119.6808622,
71573,119.7756668,
71574,120.2094422,
71575,120.4717601,
71576,120.788069,
71577,120.798893,
71578,121.4827676,
71579,121.6743991,
71580,122.2869654,
71581,122.1042253,
71582,121.958717,
71583,122.1437597,
71584,121.5103544,
71585,122.284817,
71586,122.1689422,
71587,122.4598851,
71588,122.5751052,
71589,122.2069751,
71590,123.1131491,
71591,122.9632098,
71592,123.7872252,
71593,123.9819018,
71594,123.8319732,
71595,124.507642,
71596,124.1407865,
71597,123.7940137,
71598,124.1098144,
71599,124.2018278,
71600,123.818232,
71601,124.313134,
71602,123.841855,
71603,124.614985,
71604,124.3495052,
71605,124.3232212,
71606,124.8572083,
71607,124.0726655,
71608,123.9064067,
71609,124.2864248,
71610,123.9229751,
71611,123.9644324,
71612,124.1429675,
71613,124.3741245,
71614,124.4744639,
71615,124.4361462,
71616,124.5186426,
71617,124.3621708,
71618,124.3232196,
71619,124.3961195,
71620,124.3296682,
71621,124.5606916,
71622,124.5278183,
71623,124.5236343,
71624,124.6823049,
71625,125.146203,
71626,125.8510013,
71627,126.5856618,
71628,126.5988887,
71629,127.306069,
71630,128.2811081,
71631,128.7024506,
71632,129.2120567,
71633,129.6977062,
71634,130.7956501,
71635,131.2548384,
71636,131.6677345,
71637,131.7527897,
71638,132.6650296,
71639,133.8421824,
71640,134.1514845,
71641,134.7198957,
71642,135.9192074,
71643,136.9160005,
71644,137.6761894,
71645,138.6845197,
71646,140.0708622,
71647,141.9133426,
71648,142.2007062,
71649,142.9902286,
71650,144.4964201,
71651,146.4645402,
71652,147.4210424,
71653,148.0238176,
71654,149.2137258,
71655,150.6332126,
71656,150.2850096,
71657,150.3591886,
71658,150.4473524,
71659,151.2322555,
71660,152.1322306,
71661,152.8220154,
71662,153.7508931,
71663,154.4422802,
71664,155.1586331,
71665,155.1138446,
71666,155.898145,
71667,156.3942106,
71668,157.1760007,
71669,156.9554835,
71670,156.9933681,
71671,157.8518331,
71672,157.7295867,
71673,157.7357726,
71674,157.6237125,
71675,156.7467823,
71676,156.5956677,
71677,156.34367,
71678,156.1099602,
71679,155.7401045,
71680,155.4632167,
71681,155.2758743,
71682,155.2933787,
71683,155.5190361,
71684,155.2253827,
71685,154.968853,
71686,154.7137994,
71687,154.3167921,
71688,153.7379123,
71689,152.9832228,
71690,152.0314875,
71691,151.5198413,
71692,151.1382992,
71693,151.1225032,
71694,150.379935,
71695,150.2125771,
71696,149.5970912,
71697,149.1023342,
71698,149.1117524,
71699,148.8794586,
71700,149.3183116,
71701,149.0977837,
71702,148.6776695,
71703,148.0665478,
71704,148.1420216,
71705,147.2298492,
71706,146.9833182,
71707,146.7374211,
71708,145.9192811,
71709,145.8446628,
71710,145.1508409,
71711,145.1293573,
71712,144.5622352,
71713,144.6883923,
71714,144.3242146,
71715,144.3146195,
71716,144.4066851,
71717,144.3613145,
71718,145.1796797,
71719,144.5716065,
71720,144.2106177,
71721,144.5252481,
71722,145.1172962,
71723,144.7142887,
71724,145.3001016,
71725,144.9847914,
71726,144.5755202,
71727,144.7859347,
71728,144.6890001,
71729,144.0538878,
71730,143.5560743,
71731,143.142774,
71732,142.7129152,
71733,142.3781043,
71734,142.3088857,
71735,141.3154871,
71736,140.9533491,
71737,140.4372689,
71738,140.1760364,
71739,139.7074614,
71740,138.9159089,
71741,138.4270511,
71742,137.7434633,
71743,136.7353286,
71744,136.5020182,
71745,135.0922845,
71746,134.7095947,
71747,134.199202,
71748,133.2504307,
71749,132.3674729,
71750,131.5120045,
71751,131.7963014,
71752,131.7089048,
71753,131.8087322,
71754,131.1943736,
71755,130.7667455,
71756,130.4449499,
71757,130.6669007,
71758,129.2094959,
71759,127.567959,
71760,127.2307293,
71761,127.3705623,
71762,127.7836801,
71763,127.6913351,
71764,127.2385435,
71765,126.4719693,
71766,126.1176274,
71767,126.4117223,
71768,126.1475275,
71769,125.7906775,
71770,126.5074612,
71771,126.5346402,
71772,127.3115848,
71773,127.4367469,
71774,128.1436912,
71775,129.2045465,
71776,129.8709395,
71777,130.3166904,
71778,130.5314597,
71779,131.8271616,
71780,132.3458643,
71781,132.5237923,
71782,133.3094406,
71783,133.8235715,
71784,134.714902,
71785,134.7232595,
71786,135.2575365,
71787,135.5983843,
71788,136.727482,
71789,137.1697914,
71790,137.3596152,
71791,137.6819236,
71792,138.8400734,
71793,139.1207226,
71794,139.329173,
71795,140.333893,
71796,140.925473,
71797,141.225321,
71798,141.3642668,
71799,141.6233531,
71800,142.1337961,
71801,142.6232642,
71802,143.3368886,
71803,143.9438399,
71804,144.7312408,
71805,145.6396448,
71806,147.0531066,
71807,148.4498273,
71808,148.990052,
71809,150.3997038,
71810,151.3679624,
71811,152.0191098,
71812,152.2623283,
71813,152.9543417,
71814,153.3332193,
71815,155.3200692,
71816,156.5726795,
71817,157.5458785,
71818,157.7777553,
71819,159.0507508,
71820,160.5993575,
71821,161.0665967,
71822,162.5170975,
71823,163.4026357,
71824,164.9272692,
71825,166.0405743,
71826,166.4959588,
71827,167.0327036,
71828,167.4805667,
71829,168.1347956,
71830,169.4228391,
71831,169.5184808,
71832,170.004225,
71833,171.8191154,
71834,172.8088608,
71835,172.9311071,
71836,174.5189105,
71837,175.5689041,
71838,177.2780087,
71839,178.0289283,
71840,178.5075119,
71841,179.3621936,
71842,181.1355354,
71843,181.9495,
71844,182.8021124,
71845,183.7078923,
71846,185.7551416,
71847,187.1691122,
71848,187.5644071,
71849,188.5437153,
71850,189.9761658,
71851,192.0874216,
71852,192.7155993,
71853,194.0894723,
71854,195.6092232,
71855,196.907267,
71856,197.345624,
71857,197.6268034,
71858,199.4876451,
71859,200.3995059,
71860,200.2763173,
71861,201.4151962,
71862,203.0300244,
71863,205.3982028,
71864,205.681504,
71865,206.6199652,
71866,208.4613035,
71867,209.3693195,
71868,210.2957199,
71869,210.0769725,
71870,209.6922471,
71871,211.2183128,
71872,213.4996599,
71873,214.1813115,
71874,214.1124759,
71875,213.9809739,
71876,214.6718537,
71877,217.0548336,
71878,218.3596042,
71879,219.0770281,
71880,220.1178135,
71881,220.639131,
71882,222.4062607,
71883,222.9737844,
71884,223.0702116,
71885,223.727254,
71886,223.5598758,
71887,225.3883836,
71888,226.5246419,
71889,227.826417,
71890,227.9771564,
71891,229.5116939,
71892,231.3690285,
71893,232.2394843,
71894,232.9162411,
71895,232.7976619,
71896,234.0650529,
71897,234.5796026,
71898,236.4785388,
71899,237.3933729,
71900,237.3822633,
71901,237.9602258,
71902,239.1476027,
71903,239.643164,
71904,240.401257,
71905,240.5623764,
71906,240.4198556,
71907,239.7385415,
71908,240.7238995,
71909,241.0276927,
71910,241.0906795,
71911,241.7505168,
71912,242.4506558,
71913,243.2221046,
71914,242.7023793,
71915,242.9842463,
71916,243.50106,
71917,243.2694692,
71918,243.4474179,
71919,243.6594842,
71920,243.3300742,
71921,243.6169136,
71922,244.0845584,
71923,244.5055871,
71924,245.385176,
71925,245.7620155,
71926,245.7488232,
71927,246.4561934,
71928,247.2928751,
71929,247.6611285,
71930,248.3260058,
71931,248.9442224,
71932,250.3645183,
71933,251.2351863,
71934,251.4441896,
71935,251.951921,
71936,253.1358448,
71937,253.9450825,
71938,254.8259204,
71939,255.1600754,
71940,255.5026639,
71941,255.79349,
71942,257.1530123,
71943,257.6586049,
71944,258.2539447,
71945,258.6072743,
71946,259.4176873,
71947,259.3369913,
71948,260.1886303,
71949,259.4073558,
71950,260.0063124,
71951,260.574011,
71952,261.4517244,
71953,261.3190741,
71954,261.5350031,
71955,261.9507357,
71956,262.4580265,
71957,263.4697668,
71958,263.5808824,
71959,263.658627,
71960,263.6737911,
71961,263.9601059,
71962,264.1939904,
71963,264.713382,
71964,264.843855,
71965,264.8015554,
71966,264.9857117,
71967,265.0667412,
71968,265.1865037,
71969,265.2184684,
71970,264.9299117,
71971,264.808872,
71972,264.3544421,
71973,264.1336944,
71974,264.2365242,
71975,264.4706882,
71976,264.4085757,
71977,264.4623809,
71978,264.3592057,
71979,264.3240573,
71980,263.9721292,
71981,263.5399322,
71982,263.1698713,
71983,263.1492425,
71984,262.9045616,
71985,263.218772,
71986,263.082379,
71987,262.9687517,
71988,262.7503251,
71989,263.0097998,
71990,262.9785805,
71991,262.3136383,
71992,261.9496047,
71993,261.8136639,
71994,261.903271,
71995,261.398897,
71996,261.0006674,
71997,260.5828508,
71998,260.555643,
71999,259.8922209,
72000,259.2776585,
72001,258.3026425,
72002,257.2868841,
72003,257.1658427,
72004,256.296317,
72005,255.3037164,
72006,254.6122666,
72007,253.5696788,
72008,252.993247,
72009,251.9125423,
72010,250.4931497,
72011,248.8222142,
72012,248.368256,
72013,246.7642991,
72014,245.3558701,
72015,244.0364208,
72016,243.1947463,
72017,242.3802281,
72018,240.0602683,
72019,238.6646185,
72020,238.4834198,
72021,236.9181151,
72022,235.2518236,
72023,233.3034956,
72024,232.8692634,
72025,231.094669,
72026,228.0948045,
72027,226.1485405,
72028,225.6709561,
72029,224.3637694,
72030,222.445222,
72031,220.959726,
72032,219.9560216,
72033,218.3974408,
72034,217.0148592,
72035,215.6020203,
72036,214.9222628,
72037,213.829494,
72038,211.8217176,
72039,209.8697771,
72040,208.869243,
72041,207.6255863,
72042,206.0053173,
72043,204.3542764,
72044,204.53755,
72045,203.0355279,
72046,200.900543,
72047,199.8020954,
72048,198.9701151,
72049,199.189504,
72050,198.0576664,
72051,195.7792975,
72052,193.974538,
72053,193.490545,
72054,193.1835436,
72055,192.0007568,
72056,191.3860238,
72057,190.6185421,
72058,190.4631671,
72059,190.3664016,
72060,189.5178748,
72061,188.6656505,
72062,188.5525243,
72063,188.5317406,
72064,188.8026825,
72065,188.6281669,
72066,188.5444362,
72067,188.1126856,
72068,188.1891495,
72069,187.1071478,
72070,186.5030357,
72071,186.3635752,
72072,186.1146474,
72073,185.5876316,
72074,184.5939932,
72075,184.2707056,
72076,183.9503028,
72077,182.9499981,
72078,182.3820762,
72079,182.0086642,
72080,181.4269413,
72081,180.7296228,
72082,179.7597053,
72083,178.5555492,
72084,178.3247064,
72085,177.4410038,
72086,175.5821828,
72087,174.7477068,
72088,173.2963978,
72089,171.9177419,
72090,170.5163113,
72091,168.4172605,
72092,167.6746584,
72093,167.1000071,
72094,165.5408914,
72095,164.1519616,
72096,162.8120409,
72097,162.3491554,
72098,159.8814741,
72099,158.262582,
72100,155.817444,
72101,156.1658973,
72102,154.7459274,
72103,152.7068607,
72104,151.8970967,
72105,151.5841225,
72106,151.4061833,
72107,150.7616382,
72108,149.350206,
72109,148.0919279,
72110,148.1376654,
72111,147.1969545,
72112,146.9562088,
72113,146.0842906,
72114,146.6259248,
72115,146.738341,
72116,147.061718,
72117,147.497318,
72118,147.0402547,
72119,146.380971,
72120,146.2410979,
72121,146.5630532,
72122,147.4077536,
72123,147.830936,
72124,147.7164226,
72125,148.0647946,
72126,147.8648884,
72127,147.50568,
72128,147.3621921,
72129,147.2425651,
72130,147.1841413,
72131,147.6196794,
72132,147.8187649,
72133,148.2435622,
72134,148.8608381,
72135,149.542413,
72136,149.2848276,
72137,149.7544674,
72138,149.9058405,
72139,150.1052249,
72140,150.5790726,
72141,151.1004911,
72142,151.6828932,
72143,152.3734636,
72144,152.7744978,
72145,152.9658554,
72146,153.0706088,
72147,153.4314889,
72148,154.2007398,
72149,154.6429349,
72150,154.9043662,
72151,155.0887814,
72152,155.6725123,
72153,156.0787226,
72154,156.5909129,
72155,156.9150576,
72156,157.7042561,
72157,158.9590278,
72158,159.9087329,
72159,160.523063,
72160,161.4221933,
72161,163.2961694,
72162,164.6261442,
72163,165.0862037,
72164,166.4904955,
72165,166.9452174,
72166,167.7351641,
72167,168.5057452,
72168,168.7407832,
72169,169.5947635,
72170,168.8752752,
72171,169.353444,
72172,170.1579877,
72173,170.835897,
72174,172.6597783,
72175,172.6570166,
72176,174.0521326,
72177,175.260115,
72178,175.5349765,
72179,175.3260713,
72180,175.7049616,
72181,176.7048959,
72182,177.871291,
72183,178.850924,
72184,178.7384105,
72185,179.0708523,
72186,180.7042614,
72187,181.9616648,
72188,183.3485149,
72189,184.1543369,
72190,185.5639757,
72191,187.9880475,
72192,189.6391265,
72193,190.7012531,
72194,191.5832528,
72195,193.8534017,
72196,195.5909681,
72197,196.3325533,
72198,198.9672714,
72199,200.6033999,
72200,201.8134196,
72201,203.0788812,
72202,205.0841585,
72203,206.5099717,
72204,208.3951522,
72205,208.8510201,
72206,209.9225497,
72207,211.9505246,
72208,213.6021437,
72209,213.9707739,
72210,214.8280745,
72211,216.4347198,
72212,216.7935947,
72213,219.4300036,
72214,220.0591363,
72215,221.5019336,
72216,222.8559611,
72217,223.765276,
72218,225.1218599,
72219,225.5976718,
72220,226.1104267,
72221,227.5661582,
72222,228.6391485,
72223,230.2556107,
72224,230.5960401,
72225,231.2255944,
72226,231.7943549,
72227,232.1500987,
72228,232.6013979,
72229,233.3734329,
72230,233.7034094,
72231,234.2425845,
72232,235.0108591,
72233,235.9372297,
72234,235.6159574,
72235,236.587599,
72236,236.4999535,
72237,238.9154194,
72238,239.8515444,
72239,241.0689588,
72240,242.1951574,
72241,242.7971292,
72242,243.4407583,
72243,244.8062476,
72244,246.9309382,
72245,248.3976665,
72246,248.9356379,
72247,249.5255725,
72248,250.5493106,
72249,251.4387552,
72250,252.6421813,
72251,252.5829693,
72252,252.8848195,
72253,254.9312951,
72254,255.5475403,
72255,256.2298038,
72256,256.6297796,
72257,258.1889986,
72258,259.4749601,
72259,259.6773041,
72260,259.9478891,
72261,261.2881915,
72262,262.708533,
72263,263.7348049,
72264,264.4092056,
72265,265.9104177,
72266,267.5869841,
72267,268.9849756,
72268,269.670913,
72269,270.8256985,
72270,272.5878031,
72271,273.6566237,
72272,274.0195648,
72273,275.1589034,
72274,276.1175737,
72275,277.5276927,
72276,278.9315251,
72277,279.667952,
72278,281.338175,
72279,282.6901759,
72280,283.8305419,
72281,284.0659291,
72282,284.7834425,
72283,285.7255347,
72284,286.8671517,
72285,287.5168351,
72286,287.9109442,
72287,288.2575071,
72288,289.4764989,
72289,289.9225367,
72290,290.0179616,
72291,290.1069984,
72292,290.8449696,
72293,291.427863,
72294,291.9200793,
72295,291.5500835,
72296,291.5030352,
72297,291.2360094,
72298,290.9672856,
72299,290.7600181,
72300,289.7134209,
72301,289.1991429,
72302,288.2529747,
72303,287.7420161,
72304,287.2324224,
72305,286.5605652,
72306,285.4857943,
72307,284.8294063,
72308,284.3160622,
72309,283.4055637,
72310,282.0502772,
72311,281.3290022,
72312,280.6637706,
72313,279.3641346,
72314,278.4213304,
72315,277.7002161,
72316,278.0027623,
72317,277.0488142,
72318,275.6664578,
72319,273.4919821,
72320,272.6368473,
72321,271.7439821,
72322,270.4758445,
72323,268.8477729,
72324,266.9883193,
72325,266.1524921,
72326,265.4544619,
72327,263.1485644,
72328,261.2454707,
72329,260.713334,
72330,259.5090304,
72331,258.5390522,
72332,257.1478597,
72333,255.7037272,
72334,254.5029128,
72335,252.8764821,
72336,251.0444132,
72337,248.879642,
72338,248.2485416,
72339,246.395307,
72340,244.4946546,
72341,243.5227611,
72342,243.3549698,
72343,242.0653072,
72344,239.7277362,
72345,237.5557741,
72346,236.4853725,
72347,234.526068,
72348,232.7102909,
72349,231.3032324,
72350,230.6069915,
72351,229.3516847,
72352,227.9318065,
72353,227.0905396,
72354,226.0549906,
72355,224.6229837,
72356,222.8868243,
72357,222.000628,
72358,221.0269608,
72359,218.3959134,
72360,215.8218919,
72361,214.9659992,
72362,213.564317,
72363,211.114344,
72364,209.344059,
72365,208.7783448,
72366,207.2335818,
72367,205.1422606,
72368,203.7497368,
72369,202.6753995,
72370,201.2479237,
72371,200.6289103,
72372,200.6783125,
72373,199.7858715,
72374,199.2691888,
72375,199.1232691,
72376,197.7761615,
72377,195.8282544,
72378,194.8521666,
72379,193.8952566,
72380,192.108282,
72381,190.8240917,
72382,190.0632711,
72383,189.9120632,
72384,188.0523544,
72385,187.9533627,
72386,188.4969638,
72387,187.7981881,
72388,187.4552013,
72389,187.2237614,
72390,187.3830825,
72391,187.5201583,
72392,187.9186515,
72393,187.9409632,
72394,187.5965243,
72395,187.4059832,
72396,187.699499,
72397,187.9965713,
72398,188.2679228,
72399,188.4342527,
72400,189.2259053,
72401,189.2203293,
72402,189.2798311,
72403,189.1265335,
72404,189.4418742,
72405,189.9270697,
72406,189.8998768,
72407,190.7826365,
72408,191.7669728,
72409,192.032166,
72410,192.2279769,
72411,193.3685199,
72412,194.4873009,
72413,195.182029,
72414,196.8751801,
72415,197.9621239,
72416,198.2454833,
72417,199.9770027,
72418,201.779784,
72419,202.2991457,
72420,203.7270397,
72421,206.0417759,
72422,207.5623008,
72423,208.6355152,
72424,211.2566584,
72425,213.4179043,
72426,213.7861075,
72427,216.3502955,
72428,218.8450854,
72429,219.3715065,
72430,220.8752459,
72431,221.8305651,
72432,223.3941655,
72433,224.0759894,
72434,225.1802144,
72435,227.6535587,
72436,230.0821298,
72437,231.4745539,
72438,232.8348934,
72439,236.0937715,
72440,238.2606038,
72441,239.3354084,
72442,241.6381731,
72443,244.1969269,
72444,245.4917594,
72445,247.3252124,
72446,249.4543579,
72447,251.6493563,
72448,252.9232866,
72449,254.6541918,
72450,257.521414,
72451,258.449782,
72452,258.9522373,
72453,261.1274333,
72454,264.2569696,
72455,265.4489692,
72456,266.3873239,
72457,267.9009006,
72458,269.8278239,
72459,270.7657679,
72460,271.8522687,
72461,273.6904261,
72462,275.6772398,
72463,276.3765155,
72464,277.4557743,
72465,280.4804546,
72466,281.5407767,
72467,282.4573161,
72468,284.7209278,
72469,286.4777311,
72470,287.4892326,
72471,288.2134535,
72472,290.1896538,
72473,292.9007282,
72474,293.8188496,
72475,294.7927137,
72476,295.9290777,
72477,296.5257189,
72478,297.5640939,
72479,297.6589535,
72480,298.3904522,
72481,299.5061784,
72482,300.9124652,
72483,301.3938957,
72484,301.9962847,
72485,303.2809525,
72486,304.5180869,
72487,305.6123416,
72488,305.8254096,
72489,306.8298667,
72490,308.2589123,
72491,309.7646202,
72492,309.8421546,
72493,310.1731287,
72494,311.1194465,
72495,311.8772686,
72496,312.358861,
72497,312.1118358,
72498,312.0413572,
72499,312.7472194,
72500,313.6724773,
72501,313.9668967,
72502,314.3045548,
72503,314.9425076,
72504,315.4685463,
72505,316.3147312,
72506,317.2464041,
72507,317.6160416,
72508,318.1973417,
72509,318.8008463,
72510,319.5182791,
72511,320.2806708,
72512,320.3461364,
72513,320.0551476,
72514,319.8771567,
72515,319.8360428,
72516,319.802978,
72517,319.5287526,
72518,319.4816391,
72519,319.1318185,
72520,318.5857695,
72521,318.5041065,
72522,318.3295207,
72523,317.9633588,
72524,317.7421252,
72525,317.2162871,
72526,316.6251782,
72527,316.1874561,
72528,315.5987949,
72529,315.2370599,
72530,314.8904277,
72531,314.4150516,
72532,313.9021676,
72533,313.2686777,
72534,312.6608162,
72535,312.7238634,
72536,312.6702507,
72537,311.8205294,
72538,311.0695232,
72539,310.7620094,
72540,310.7189233,
72541,310.2229535,
72542,309.8944609,
72543,309.3829777,
72544,309.5345156,
72545,309.4369269,
72546,308.9196356,
72547,308.937674,
72548,309.1709235,
72549,309.3976746,
72550,309.5240303,
72551,309.5196002,
72552,309.5846411,
72553,309.5175461,
72554,310.0205304,
72555,310.2944935,
72556,310.3617945,
72557,310.0688682,
72558,309.6989775,
72559,309.888197,
72560,309.562112,
72561,309.184955,
72562,309.1718969,
72563,308.6361434,
72564,308.0651114,
72565,307.5804531,
72566,307.3490995,
72567,307.1102235,
72568,306.6051974,
72569,305.9301903,
72570,305.4078192,
72571,304.7246967,
72572,303.8032553,
72573,302.9405278,
72574,302.5020124,
72575,301.7033282,
72576,300.5980816,
72577,299.370351,
72578,298.850127,
72579,298.148506,
72580,297.6874019,
72581,297.4580621,
72582,297.040841,
72583,296.1434459,
72584,295.5275181,
72585,295.2622158,
72586,294.6445562,
72587,291.8951138,
72588,291.0206225,
72589,290.070524,
72590,288.8850109,
72591,287.3018144,
72592,285.8537324,
72593,284.9210655,
72594,283.3491926,
72595,281.0694175,
72596,279.0611931,
72597,278.5027564,
72598,276.4921648,
72599,274.2700207,
72600,273.3207223,
72601,272.6272052,
72602,270.1510446,
72603,267.367345,
72604,266.8156324,
72605,266.1372109,
72606,265.2321547,
72607,264.5664491,
72608,264.3256095,
72609,263.8417961,
72610,262.4555071,
72611,260.6749561,
72612,260.222033,
72613,260.142551,
72614,259.6404686,
72615,258.4131736,
72616,257.9460686,
72617,257.7718075,
72618,257.3543122,
72619,255.9849105,
72620,255.2951365,
72621,255.0208564,
72622,254.8630931,
72623,254.8319237,
72624,254.9183216,
72625,254.9019384,
72626,255.5077499,
72627,255.6692621,
72628,255.5467527,
72629,255.4572078,
72630,255.8375547,
72631,256.199882,
72632,256.1787299,
72633,255.5937215,
72634,255.6185832,
72635,255.8407075,
72636,255.8719561,
72637,255.480841,
72638,255.2615816,
72639,254.536634,
72640,254.169926,
72641,253.7766717,
72642,253.4827277,
72643,252.7277351,
72644,251.6591845,
72645,251.3163851,
72646,250.4691907,
72647,249.2405478,
72648,248.1085819,
72649,247.8602091,
72650,246.4578009,
72651,245.1292521,
72652,244.1302341,
72653,243.6074004,
72654,242.1620815,
72655,240.7879436,
72656,239.8741813,
72657,239.1328344,
72658,237.1759134,
72659,235.6854669,
72660,235.6413077,
72661,234.9707824,
72662,233.6335975,
72663,232.2562327,
72664,231.8581648,
72665,231.5048742,
72666,230.7284191,
72667,228.6674135,
72668,228.3091958,
72669,228.0604002,
72670,226.9355668,
72671,225.1572171,
72672,224.4046934,
72673,223.6885674,
72674,222.2462278,
72675,220.7627251,
72676,219.7818226,
72677,218.742519,
72678,218.2135471,
72679,217.2957631,
72680,216.9419676,
72681,216.9216829,
72682,215.998992,
72683,215.0951937,
72684,215.0035632,
72685,215.176714,
72686,215.1054079,
72687,214.7479301,
72688,215.1998016,
72689,215.5216261,
72690,215.1486091,
72691,215.3802783,
72692,215.5538943,
72693,216.0263515,
72694,216.471705,
72695,216.6504826,
72696,217.386103,
72697,217.8809568,
72698,217.937163,
72699,218.2562939,
72700,219.2009058,
72701,219.7521534,
72702,220.4726034,
72703,221.270266,
72704,221.9580613,
72705,221.9849994,
72706,222.5956552,
72707,222.7102795,
72708,223.5710224,
72709,224.8802216,
72710,226.5387568,
72711,227.6550191,
72712,227.9601501,
72713,229.057484,
72714,230.243252,
72715,232.0001141,
72716,232.6415605,
72717,234.3363076,
72718,236.9587237,
72719,237.4125906,
72720,238.85811,
72721,241.5954056,
72722,242.7160667,
72723,244.3528877,
72724,247.8234324,
72725,249.7575491,
72726,250.18033,
72727,252.6836186,
72728,255.9447336,
72729,257.2074977,
72730,258.5948833,
72731,261.5207749,
72732,263.3422179,
72733,264.4238351,
72734,266.7519122,
72735,270.2636035,
72736,271.8390721,
72737,272.5020621,
72738,275.7468601,
72739,278.8291378,
72740,279.6083609,
72741,281.685776,
72742,284.3488034,
72743,286.0780021,
72744,286.8210578,
72745,289.7158557,
72746,291.4201252,
72747,292.457195,
72748,293.8452949,
72749,295.2895266,
72750,296.6967105,
72751,296.5684812,
72752,297.4458226,
72753,298.5584578,
72754,299.9701113,
72755,300.6033433,
72756,301.0079063,
72757,301.8444412,
72758,301.6134205,
72759,301.7220038,
72760,302.2646403,
72761,304.1541395,
72762,304.7689695,
72763,305.2415014,
72764,306.6830811,
72765,307.7196298,
72766,307.5221025,
72767,308.2356048,
72768,309.6954539,
72769,310.8312262,
72770,312.1060775,
72771,313.4556745,
72772,314.5986546,
72773,314.8659795,
72774,315.63484,
72775,317.4607587,
72776,318.5281033,
72777,319.3359116,
72778,320.6759237,
72779,322.2090699,
72780,322.7670046,
72781,322.9236186,
72782,324.7991711,
72783,326.0595926,
72784,326.6575022,
72785,328.5133252,
72786,329.6183016,
72787,329.9013308,
72788,330.8901708,
72789,333.4426347,
72790,334.1683086,
72791,335.4341093,
72792,336.9264492,
72793,337.5152278,
72794,337.8237172,
72795,338.7048243,
72796,339.694123,
72797,340.0824233,
72798,340.4905156,
72799,341.472509,
72800,342.7367283,
72801,342.8975257,
72802,342.618476,
72803,342.3367217,
72804,342.4989243,
72805,342.7386649,
72806,342.6133812,
72807,342.7704922,
72808,342.9413466,
72809,342.5497281,
72810,342.0680704,
72811,340.8140244,
72812,340.2420662,
72813,340.4395817,
72814,340.1116862,
72815,339.162537,
72816,338.261578,
72817,337.925453,
72818,337.2785608,
72819,336.2440168,
72820,334.9554749,
72821,334.1010395,
72822,333.9694314,
72823,333.5016023,
72824,332.7382591,
72825,331.9058383,
72826,331.1005893,
72827,330.1474282,
72828,329.859717,
72829,329.7160804,
72830,328.9417708,
72831,328.2337565,
72832,327.5586992,
72833,326.9243767,
72834,326.0412605,
72835,325.4408249,
72836,325.2773248,
72837,324.948673,
72838,324.5677877,
72839,323.314374,
72840,321.8275265,
72841,321.2429099,
72842,319.7176002,
72843,318.3252634,
72844,317.27096,
72845,315.9456436,
72846,316.0153645,
72847,315.0353765,
72848,313.5871623,
72849,312.4279217,
72850,312.2487493,
72851,311.3441013,
72852,309.8584046,
72853,308.6241876,
72854,307.120804,
72855,306.709585,
72856,305.7993649,
72857,304.0182913,
72858,303.1332436,
72859,301.8712109,
72860,301.6934988,
72861,299.9125531,
72862,297.8716385,
72863,296.8379663,
72864,296.6351236,
72865,295.3952409,
72866,294.1652844,
72867,293.0188989,
72868,292.670475,
72869,292.5637197,
72870,292.0736571,
72871,290.4571905,
72872,289.6939981,
72873,289.1950682,
72874,289.0292883,
72875,288.1262958,
72876,286.7837395,
72877,285.5264985,
72878,284.7148511,
72879,284.2374928,
72880,283.2805294,
72881,280.0318919,
72882,278.6435458,
72883,277.7122909,
72884,277.1057314,
72885,275.3399101,
72886,273.2004243,
72887,271.2606261,
72888,270.619861,
72889,268.571524,
72890,266.0476044,
72891,264.8615544,
72892,263.4552674,
72893,261.9527954,
72894,260.1810915,
72895,259.2662649,
72896,258.3703674,
72897,255.9735212,
72898,253.3103968,
72899,252.4774175,
72900,250.3698742,
72901,248.4039678,
72902,247.2074256,
72903,247.153285,
72904,245.4775013,
72905,243.2751878,
72906,242.5048119,
72907,241.7741725,
72908,240.7412822,
72909,239.0043127,
72910,238.4350635,
72911,237.9719487,
72912,236.4672024,
72913,234.9764231,
72914,233.7508531,
72915,232.9396618,
72916,230.7922779,
72917,229.280578,
72918,229.0529392,
72919,227.5249984,
72920,225.9881363,
72921,225.4218671,
72922,224.820474,
72923,223.0314707,
72924,222.1014202,
72925,221.8377637,
72926,220.9231974,
72927,219.9564318,
72928,219.6016897,
72929,219.3758922,
72930,218.8510421,
72931,218.6060884,
72932,218.4089213,
72933,218.706555,
72934,218.6123609,
72935,218.3071578,
72936,218.41961,
72937,218.3695301,
72938,218.7002674,
72939,218.5981257,
72940,219.0059668,
72941,219.8398264,
72942,220.3859642,
72943,220.4380025,
72944,221.0178313,
72945,221.9824673,
72946,222.2782043,
72947,223.0587362,
72948,224.5412951,
72949,225.7945446,
72950,226.2640069,
72951,227.5249137,
72952,229.5164234,
72953,230.0756334,
72954,231.1274986,
72955,233.4472074,
72956,235.3583543,
72957,235.4439523,
72958,236.7930184,
72959,239.0137318,
72960,240.5775778,
72961,241.374892,
72962,243.9308367,
72963,245.6094102,
72964,246.3231662,
72965,247.7652323,
72966,250.4219776,
72967,252.3795065,
72968,252.7711367,
72969,255.0182194,
72970,257.8399543,
72971,259.2463674,
72972,259.8793122,
72973,262.6137406,
72974,265.8665887,
72975,266.3904333,
72976,268.4258934,
72977,272.059553,
72978,274.2465157,
72979,275.7599196,
72980,278.5393843,
72981,281.2701649,
72982,282.2388445,
72983,285.153649,
72984,288.8222656,
72985,289.3788079,
72986,290.7086091,
72987,293.5568725,
72988,295.5791924,
72989,297.2907028,
72990,300.0285575,
72991,302.5026497,
72992,303.47141,
72993,305.2377069,
72994,307.5479227,
72995,308.8646104,
72996,309.7380596,
72997,312.1125573,
72998,313.9521007,
72999,313.8777831,
73000,314.9385116,
73001,316.0034719,
73002,316.9018911,
73003,317.0812639,
73004,317.497972,
73005,318.8070378,
73006,320.6090787,
73007,321.4500641,
73008,322.8617755,
73009,324.2014974,
73010,325.4397925,
73011,325.5721197,
73012,326.9055287,
73013,328.8592665,
73014,329.5589486,
73015,331.0266376,
73016,332.9856174,
73017,333.980445,
73018,334.5447992,
73019,336.2949383,
73020,338.0620535,
73021,338.661836,
73022,339.914477,
73023,340.6602195,
73024,341.5073197,
73025,341.882631,
73026,342.1540503,
73027,343.0353543,
73028,344.0678154,
73029,344.3777876,
73030,344.9254052,
73031,346.1651696,
73032,346.5973562,
73033,346.676165,
73034,346.4554258,
73035,346.8276371,
73036,346.7448291,
73037,346.6020269,
73038,346.5804802,
73039,346.4204551,
73040,346.6045936,
73041,346.381161,
73042,346.2511133,
73043,346.4018004,
73044,346.3119357,
73045,346.5389706,
73046,346.8978928,
73047,346.6955883,
73048,346.0788179,
73049,345.6201954,
73050,345.500064,
73051,344.9338123,
73052,344.2196935,
73053,343.8296356,
73054,343.2907536,
73055,342.7017952,
73056,342.3064739,
73057,341.4505465,
73058,340.0528473,
73059,339.0069546,
73060,338.1363357,
73061,337.7018695,
73062,337.2456402,
73063,336.4549481,
73064,335.1482154,
73065,334.0519235,
73066,333.9171568,
73067,332.8193815,
73068,332.2777222,
73069,331.9303944,
73070,331.4857174,
73071,330.8237105,
73072,329.8150632,
73073,329.4732552,
73074,328.9329943,
73075,327.5300038,
73076,326.1601719,
73077,324.8083177,
73078,324.7448013,
73079,323.6931129,
73080,322.7138587,
73081,321.0420999,
73082,320.6605512,
73083,320.3015291,
73084,319.2497697,
73085,317.4184093,
73086,315.2586754,
73087,314.6916514,
73088,314.3185676,
73089,313.151084,
73090,312.7483031,
73091,312.8643852,
73092,312.2984478,
73093,311.9183599,
73094,311.8453965,
73095,310.4801519,
73096,309.9670574,
73097,308.312315,
73098,307.0111491,
73099,304.8683785,
73100,303.6585565,
73101,303.2649003,
73102,301.0560331,
73103,299.1924672,
73104,298.0827873,
73105,296.9020128,
73106,295.1321513,
73107,293.126432,
73108,292.1124967,
73109,291.6411488,
73110,290.9040476,
73111,289.1743825,
73112,287.7297339,
73113,286.245927,
73114,286.0877908,
73115,284.0957701,
73116,282.0559726,
73117,280.3463005,
73118,279.912714,
73119,279.0716597,
73120,278.651617,
73121,277.9522676,
73122,277.8235025,
73123,276.2198407,
73124,275.500503,
73125,274.2743014,
73126,273.7860227,
73127,272.1165231,
73128,271.3864909,
73129,271.2024898,
73130,270.0634095,
73131,269.2258075,
73132,268.3556035,
73133,267.6925059,
73134,267.3867156,
73135,266.0634532,
73136,265.0907547,
73137,264.2831239,
73138,263.878311,
73139,264.0024622,
73140,264.2638932,
73141,264.5185169,
73142,264.4056664,
73143,265.0177038,
73144,264.9501863,
73145,264.6445525,
73146,264.1412564,
73147,263.9161764,
73148,264.0982716,
73149,264.2002419,
73150,264.0351917,
73151,263.3266877,
73152,263.3633155,
73153,263.2802638,
73154,262.834041,
73155,262.4236174,
73156,262.2322212,
73157,261.9407765,
73158,261.5466202,
73159,261.3471913,
73160,261.4461339,
73161,261.6562329,
73162,261.7864943,
73163,261.6986375,
73164,261.5763502,
73165,261.4900921,
73166,261.5424443,
73167,261.1311074,
73168,261.0853518,
73169,260.8651697,
73170,260.2894048,
73171,259.6242338,
73172,259.1917586,
73173,258.4845451,
73174,257.2669304,
73175,255.9316411,
73176,255.1738773,
73177,254.5431759,
73178,253.5873131,
73179,252.9399045,
73180,251.6753916,
73181,251.1418088,
73182,249.4352832,
73183,247.8788674,
73184,247.3304013,
73185,246.9571271,
73186,246.3584446,
73187,245.8775295,
73188,245.3383293,
73189,245.4406917,
73190,244.5390884,
73191,243.3490505,
73192,242.7323218,
73193,242.5503445,
73194,241.7772738,
73195,240.8742809,
73196,241.0672728,
73197,240.9804378,
73198,240.6022779,
73199,240.4156264,
73200,240.5729393,
73201,240.8093082,
73202,240.679717,
73203,240.5683358,
73204,240.2935738,
73205,240.772026,
73206,241.1979484,
73207,241.5604819,
73208,242.1977519,
73209,242.8872393,
73210,243.4644462,
73211,244.3473916,
73212,245.5172131,
73213,246.6609693,
73214,247.4772974,
73215,248.6096214,
73216,249.7737441,
73217,250.8340189,
73218,251.4414667,
73219,252.5179896,
73220,253.5888514,
73221,254.7867814,
73222,255.1475529,
73223,256.2670968,
73224,258.1926135,
73225,259.0524816,
73226,259.3742688,
73227,259.2657252,
73228,259.1248895,
73229,259.2902456,
73230,259.8741852,
73231,260.4323365,
73232,261.005425,
73233,262.7092285,
73234,264.3180754,
73235,265.5718648,
73236,266.8933182,
73237,269.0090107,
73238,270.5169886,
73239,271.2015945,
73240,273.2945777,
73241,275.1188506,
73242,276.3886335,
73243,277.3635032,
73244,280.4096038,
73245,281.7460314,
73246,282.8610243,
73247,284.9911451,
73248,287.2584533,
73249,288.6751029,
73250,290.9713203,
73251,293.1221258,
73252,294.5682043,
73253,295.4591917,
73254,298.336932,
73255,300.5083359,
73256,301.9600429,
73257,303.1579123,
73258,305.7199343,
73259,307.8763459,
73260,308.5798231,
73261,310.7234362,
73262,313.8770194,
73263,314.9013114,
73264,316.4952946,
73265,319.5298569,
73266,321.7694581,
73267,322.41826,
73268,324.228765,
73269,327.4940707,
73270,329.4295331,
73271,329.965468,
73272,332.1798335,
73273,335.5725188,
73274,336.5909006,
73275,338.8890321,
73276,341.7971399,
73277,343.6949886,
73278,344.9170923,
73279,348.0138392,
73280,350.216339,
73281,351.1893023,
73282,352.9927399,
73283,355.6500254,
73284,357.3991754,
73285,358.2796125,
73286,359.6892061,
73287,361.3757325,
73288,362.8278811,
73289,363.4977563,
73290,364.4645809,
73291,366.7788626,
73292,368.1193594,
73293,368.7928404,
73294,370.0040236,
73295,371.5006887,
73296,372.0840606,
73297,372.5290729,
73298,373.1071756,
73299,374.4305057,
73300,374.8836852,
73301,375.4460881,
73302,376.243052,
73303,376.3589577,
73304,376.6720366,
73305,377.4798546,
73306,378.444612,
73307,378.6296232,
73308,378.9124632,
73309,380.294119,
73310,380.8596036,
73311,381.2414749,
73312,382.0290346,
73313,382.6733295,
73314,383.1993826,
73315,383.4765798,
73316,383.449029,
73317,383.9548868,
73318,385.0260355,
73319,385.6660549,
73320,385.6073841,
73321,385.3568916,
73322,385.6039221,
73323,385.7226638,
73324,385.8457037,
73325,385.9266526,
73326,386.1546604,
73327,386.3732859,
73328,386.3597899,
73329,386.3592868,
73330,386.3948007,
73331,386.162606,
73332,385.9325028,
73333,385.8038371,
73334,385.5850152,
73335,385.3163599,
73336,385.11067,
73337,385.1725147,
73338,385.0010962,
73339,384.9453822,
73340,384.381336,
73341,384.3269647,
73342,384.0520938,
73343,383.8868626,
73344,383.6138174,
73345,383.3578955,
73346,383.1060434,
73347,382.6915085,
73348,382.1817117,
73349,381.5223442,
73350,380.9784939,
73351,380.749826,
73352,380.387254,
73353,380.0338221,
73354,379.4171898,
73355,378.8710993,
73356,378.5005606,
73357,378.2089431,
73358,377.8574053,
73359,377.030194,
73360,376.3578165,
73361,375.7921687,
73362,375.0001576,
73363,374.68826,
73364,374.2089843,
73365,373.2920867,
73366,372.8611506,
73367,372.1744524,
73368,371.6087109,
73369,371.1607073,
73370,370.585306,
73371,369.3907494,
73372,368.4134223,
73373,367.9282722,
73374,367.0545248,
73375,366.833543,
73376,366.7237961,
73377,366.0481144,
73378,365.2460981,
73379,364.8865509,
73380,364.2349217,
73381,363.4727002,
73382,362.8787628,
73383,362.1212018,
73384,361.4737182,
73385,360.7225592,
73386,359.3957474,
73387,358.4196591,
73388,358.5369788,
73389,358.527154,
73390,358.6500002,
73391,358.7124427,
73392,358.5227612,
73393,358.1709495,
73394,357.7213353,
73395,357.0567036,
73396,356.6719869,
73397,355.9427296,
73398,355.4638657,
73399,354.7925761,
73400,354.3255454,
73401,353.7248724,
73402,354.0022209,
73403,353.6908435,
73404,352.6647031,
73405,351.7313724,
73406,351.0892805,
73407,350.7492282,
73408,350.0376411,
73409,348.9680139,
73410,347.8490574,
73411,347.2405779,
73412,346.3920246,
73413,345.683242,
73414,344.2522079,
73415,343.2357577,
73416,342.3716546,
73417,341.0293246,
73418,338.9226337,
73419,338.1886181,
73420,337.6497736,
73421,336.2028229,
73422,334.5254138,
73423,333.3898574,
73424,333.047111,
73425,332.6579215,
73426,331.6080572,
73427,330.3426728,
73428,329.2399086,
73429,328.8741395,
73430,327.9782083,
73431,327.4385766,
73432,326.8259543,
73433,326.3272149,
73434,325.8389236,
73435,325.1599694,
73436,324.7099347,
73437,323.9288238,
73438,322.877281,
73439,322.5901443,
73440,322.6998917,
73441,322.2301997,
73442,321.4941664,
73443,320.4722141,
73444,320.0473725,
73445,319.4340674,
73446,318.0958622,
73447,317.5424576,
73448,316.8774419,
73449,316.5447014,
73450,315.7783393,
73451,315.2205671,
73452,313.3295214,
73453,311.6837041,
73454,311.1596165,
73455,310.1757171,
73456,308.5761422,
73457,307.4001334,
73458,306.0448897,
73459,305.1087892,
73460,303.6502913,
73461,301.8053474,
73462,300.0226455,
73463,299.4052308,
73464,297.8733643,
73465,295.4696146,
73466,293.7218284,
73467,292.7130087,
73468,290.5667183,
73469,288.4389984,
73470,287.1586324,
73471,286.6930462,
73472,284.6233772,
73473,282.9230934,
73474,282.1713891,
73475,281.1990717,
73476,279.1422942,
73477,277.0388648,
73478,276.1849628,
73479,275.1975858,
73480,273.221379,
73481,270.974887,
73482,270.4813451,
73483,269.9477002,
73484,268.2087683,
73485,266.5599273,
73486,265.1393217,
73487,264.1390256,
73488,261.9068754,
73489,259.5391015,
73490,258.9128082,
73491,257.3032387,
73492,256.3338647,
73493,255.4890521,
73494,255.3546405,
73495,253.8983146,
73496,252.0249124,
73497,251.036046,
73498,250.686615,
73499,249.51584,
73500,248.6930553,
73501,248.2836169,
73502,247.7595757,
73503,246.8135539,
73504,246.2236691,
73505,245.9248454,
73506,245.5011214,
73507,245.073877,
73508,244.6015228,
73509,244.6153423,
73510,243.8949021,
73511,243.3905942,
73512,243.3876302,
73513,242.9828141,
73514,242.5970939,
73515,242.3667584,
73516,242.3515247,
73517,241.8759515,
73518,241.9062019,
73519,241.8980932,
73520,241.8408734,
73521,242.2380918,
73522,242.4335137,
73523,242.7938083,
73524,243.4214868,
73525,243.9568389,
73526,244.2634772,
73527,244.6621639,
73528,245.2982599,
73529,245.9843923,
73530,246.8223952,
73531,247.7716653,
73532,248.9515683,
73533,249.6271903,
73534,250.6243127,
73535,251.8786535,
73536,252.6193114,
73537,253.6489743,
73538,255.9141343,
73539,257.5794234,
73540,258.086191,
73541,259.669785,
73542,261.1385176,
73543,262.1293269,
73544,264.7631676,
73545,266.6088816,
73546,267.824861,
73547,269.1081466,
73548,272.0074495,
73549,273.7544585,
73550,274.328834,
73551,275.8977052,
73552,278.6720298,
73553,280.6249965,
73554,281.2388995,
73555,283.1154818,
73556,285.506357,
73557,286.7280263,
73558,287.8313388,
73559,288.8930859,
73560,291.7556542,
73561,292.6770136,
73562,292.9439602,
73563,294.655791,
73564,296.7935788,
73565,298.3075178,
73566,299.7995585,
73567,301.2409006,
73568,304.5943177,
73569,307.2134935,
73570,308.20488,
73571,310.3425668,
73572,312.1190004,
73573,313.55409,
73574,314.8607162,
73575,318.0400535,
73576,320.2675698,
73577,321.3132251,
73578,323.409961,
73579,325.4997036,
73580,327.0803,
73581,328.1033575,
73582,330.2744195,
73583,332.6430813,
73584,333.5810975,
73585,335.4722816,
73586,337.9632489,
73587,340.3222618,
73588,340.8753601,
73589,341.3295005,
73590,343.8808547,
73591,346.0768097,
73592,347.1378425,
73593,348.3554274,
73594,349.637926,
73595,351.9454917,
73596,352.8945437,
73597,353.4859284,
73598,354.6706524,
73599,356.5661657,
73600,358.1377125,
73601,358.6471754,
73602,359.7830332,
73603,360.449151,
73604,361.1583398,
73605,361.4188956,
73606,361.7951954,
73607,362.4512968,
73608,362.9312907,
73609,363.098973,
73610,363.3115685,
73611,363.2989116,
73612,363.1776418,
73613,362.9359282,
73614,362.3008997,
73615,362.2419476,
73616,362.3675175,
73617,362.5874401,
73618,362.6249944,
73619,362.5172684,
73620,362.2449474,
73621,362.0271945,
73622,361.4937365,
73623,361.2372997,
73624,360.5350491,
73625,360.3597546,
73626,360.0477114,
73627,359.9177879,
73628,359.4079255,
73629,359.1084741,
73630,358.5072426,
73631,358.0607527,
73632,357.4642873,
73633,357.239288,
73634,357.1014777,
73635,356.1806216,
73636,355.5797086,
73637,355.0548964,
73638,354.3954659,
73639,353.6936891,
73640,352.7712546,
73641,352.4563801,
73642,351.85059,
73643,350.8556535,
73644,350.1297057,
73645,349.1706003,
73646,348.5517298,
73647,347.9265675,
73648,348.0904465,
73649,347.2294585,
73650,346.1874435,
73651,345.7477719,
73652,345.1552027,
73653,344.0758046,
73654,342.9583893,
73655,342.2389405,
73656,341.4759044,
73657,340.6485523,
73658,338.8936152,
73659,338.3223804,
73660,337.2735621,
73661,336.3378824,
73662,334.6869203,
73663,334.2027266,
73664,333.2974122,
73665,331.7947169,
73666,330.325807,
73667,329.4148213,
73668,328.5428169,
73669,327.1895049,
73670,325.4059826,
73671,324.1352302,
73672,323.7293273,
73673,322.5924534,
73674,321.6586211,
73675,319.7786432,
73676,318.2732514,
73677,317.6744418,
73678,316.014739,
73679,313.2296539,
73680,311.2801929,
73681,310.9237246,
73682,309.9660751,
73683,307.7586888,
73684,305.1655393,
73685,304.2497758,
73686,303.1196303,
73687,300.7259851,
73688,299.5785851,
73689,298.2360406,
73690,297.5037938,
73691,295.8862404,
73692,293.9443167,
73693,291.9236778,
73694,290.9867651,
73695,289.5261484,
73696,287.1861656,
73697,284.8758799,
73698,284.687108,
73699,283.3889439,
73700,281.5233447,
73701,278.9922529,
73702,278.469082,
73703,277.3226664,
73704,275.47736,
73705,273.1044731,
73706,271.9695857,
73707,270.5606565,
73708,268.7896877,
73709,266.4946281,
73710,265.2006489,
73711,264.2633714,
73712,262.2760533,
73713,260.7289515,
73714,259.5202019,
73715,257.860744,
73716,255.4551562,
73717,254.6297017,
73718,253.6533452,
73719,252.2118758,
73720,250.1706508,
73721,249.5578299,
73722,249.1635355,
73723,247.512162,
73724,246.2343043,
73725,245.0718383,
73726,245.3870703,
73727,244.202133,
73728,242.9427457,
73729,241.9632476,
73730,240.3073341,
73731,239.5259605,
73732,238.061457,
73733,236.2531293,
73734,235.5068193,
73735,233.8204243,
73736,232.0372724,
73737,231.2017749,
73738,230.2279304,
73739,229.0452192,
73740,227.9748384,
73741,227.7008348,
73742,227.2891638,
73743,226.102561,
73744,224.7009312,
73745,224.3578133,
73746,223.4567382,
73747,222.3906484,
73748,221.9649817,
73749,221.2999952,
73750,220.8543008,
73751,219.9100086,
73752,218.2545759,
73753,218.0573515,
73754,217.5920784,
73755,216.9078265,
73756,216.4578407,
73757,216.2766313,
73758,216.3514094,
73759,215.3550239,
73760,214.7598575,
73761,214.4868908,
73762,213.6166604,
73763,213.0537201,
73764,212.8843572,
73765,213.3889331,
73766,213.2218105,
73767,212.4146823,
73768,212.0195356,
73769,211.6264022,
73770,210.853917,
73771,209.8953467,
73772,209.6644678,
73773,209.2896106,
73774,209.0393362,
73775,208.9106439,
73776,208.3883392,
73777,207.456608,
73778,206.9955315,
73779,206.6993589,
73780,206.4165337,
73781,206.1328065,
73782,205.5922623,
73783,204.9275418,
73784,204.6686242,
73785,204.645778,
73786,204.3193034,
73787,203.4917176,
73788,202.5703733,
73789,202.1855509,
73790,202.1241767,
73791,201.9486125,
73792,201.7504745,
73793,201.5506815,
73794,200.966457,
73795,200.4747959,
73796,200.0524,
73797,199.6862501,
73798,199.2163377,
73799,199.2918543,
73800,198.886813,
73801,198.5001728,
73802,198.4020981,
73803,197.93784,
73804,197.4305718,
73805,197.4491819,
73806,197.2166406,
73807,196.6994697,
73808,196.424621,
73809,196.0824135,
73810,195.9697158,
73811,195.6034793,
73812,195.8873636,
73813,196.2260104,
73814,196.4033076,
73815,196.966355,
73816,197.2820589,
73817,197.5946299,
73818,197.6227631,
73819,197.8891109,
73820,198.0606466,
73821,198.5621946,
73822,198.8160748,
73823,199.0125701,
73824,199.257953,
73825,199.6401129,
73826,200.1662374,
73827,200.8475556,
73828,201.3717014,
73829,201.8382011,
73830,201.8746917,
73831,202.3567194,
73832,203.2475279,
73833,202.9383807,
73834,203.1936568,
73835,203.4231626,
73836,203.4109319,
73837,203.9402421,
73838,204.0243048,
73839,204.2685587,
73840,204.3724906,
73841,204.5116869,
73842,204.5777873,
73843,205.0952233,
73844,205.2091817,
73845,205.2589118,
73846,205.3247951,
73847,205.1554416,
73848,205.2288933,
73849,205.4715874,
73850,204.8922675,
73851,204.7270417,
73852,204.7581553,
73853,203.766593,
73854,203.9398808,
73855,203.0439126,
73856,203.6858484,
73857,202.7971856,
73858,202.5353393,
73859,202.3264785,
73860,200.939537,
73861,201.5121024,
73862,201.0134811,
73863,200.9753665,
73864,201.0770569,
73865,199.9347901,
73866,199.8907962,
73867,199.3719909,
73868,198.9693711,
73869,198.297467,
73870,198.016739,
73871,197.9282092,
73872,198.1443092,
73873,197.7897997,
73874,197.7363735,
73875,197.4286719,
73876,197.1584245,
73877,196.7512914,
73878,196.6227432,
73879,196.5567809,
73880,196.7791422,
73881,197.2553976,
73882,197.1937371,
73883,197.1989649,
73884,197.5834389,
73885,197.8338794,
73886,198.387641,
73887,198.9467847,
73888,199.420267,
73889,200.2404034,
73890,200.0785234,
73891,199.9524355,
73892,200.2068412,
73893,200.2828739,
73894,200.5477706,
73895,200.8861184,
73896,201.3055694,
73897,201.6205445,
73898,201.7231362,
73899,201.7581811,
73900,201.7877611,
73901,202.0005679,
73902,202.4821,
73903,202.9264123,
73904,203.0633826,
73905,203.8902933,
73906,204.1561677,
73907,204.5401562,
73908,204.7693503,
73909,205.6330293,
73910,206.4205848,
73911,206.6714456,
73912,206.7035854,
73913,207.5233854,
73914,208.7939921,
73915,209.6428529,
73916,210.2661164,
73917,210.9654173,
73918,212.1161903,
73919,213.3270375,
73920,213.3728451,
73921,214.8712518,
73922,216.3646884,
73923,217.7583436,
73924,218.6175121,
73925,219.830201,
73926,221.1039437,
73927,222.2474297,
73928,222.9475634,
73929,225.3870237,
73930,227.1781845,
73931,227.8411269,
73932,228.8395961,
73933,230.7088828,
73934,231.7683666,
73935,233.2368487,
73936,234.8985263,
73937,236.4550754,
73938,238.1648108,
73939,238.3226973,
73940,239.1965917,
73941,240.6683809,
73942,242.4772254,
73943,243.6102981,
73944,244.8757785,
73945,246.5593763,
73946,249.200218,
73947,250.5694823,
73948,250.7994966,
73949,252.5535061,
73950,255.0319953,
73951,257.113326,
73952,257.7669041,
73953,259.4157966,
73954,262.2726755,
73955,264.1336533,
73956,264.6503485,
73957,266.5871413,
73958,268.423992,
73959,270.1919562,
73960,270.7134229,
73961,272.7127608,
73962,274.4800927,
73963,275.3768254,
73964,275.80081,
73965,277.1500091,
73966,278.2174752,
73967,279.7457335,
73968,280.6063417,
73969,280.8224517,
73970,281.5423886,
73971,282.5678248,
73972,283.5708624,
73973,284.1584155,
73974,284.700434,
73975,285.3362923,
73976,285.4193275,
73977,284.9276627,
73978,284.9560974,
73979,284.9484707,
73980,285.1129793,
73981,285.137079,
73982,286.0693591,
73983,286.8472333,
73984,287.5306846,
73985,288.0822118,
73986,289.158488,
73987,289.9772275,
73988,290.4072782,
73989,291.8410251,
73990,293.0321452,
73991,294.0639277,
73992,294.473734,
73993,295.4426682,
73994,296.7553032,
73995,298.1601836,
73996,298.8284184,
73997,299.5193081,
73998,301.0642506,
73999,302.754123,
74000,303.6914437,
74001,305.1925944,
74002,308.0493677,
74003,309.6226709,
74004,309.6731816,
74005,311.0846552,
74006,313.4594442,
74007,314.698742,
74008,315.2755147,
74009,316.7305373,
74010,318.4384193,
74011,319.9409206,
74012,320.2884268,
74013,321.0225738,
74014,322.9950982,
74015,324.1056324,
74016,324.9025598,
74017,325.3162745,
74018,326.5953081,
74019,328.0312684,
74020,328.3728662,
74021,328.4107868,
74022,330.5397511,
74023,331.171787,
74024,331.9375898,
74025,333.1531815,
74026,334.0595661,
74027,334.9526991,
74028,335.4674713,
74029,335.9316516,
74030,336.9411927,
74031,338.5419793,
74032,339.4714333,
74033,339.9463189,
74034,340.8781223,
74035,341.3715424,
74036,341.7232998,
74037,341.6340669,
74038,342.3701913,
74039,342.9457871,
74040,343.0990776,
74041,344.177786,
74042,344.727085,
74043,345.3991701,
74044,345.3743056,
74045,345.7879003,
74046,346.7646016,
74047,347.6449483,
74048,348.3760086,
74049,348.8422141,
74050,349.5368032,
74051,349.6994244,
74052,349.8817341,
74053,349.6985183,
74054,349.6030088,
74055,349.9069397,
74056,350.2964257,
74057,350.3684445,
74058,350.7186333,
74059,350.4192198,
74060,350.0311716,
74061,349.6954945,
74062,348.9607106,
74063,348.5997136,
74064,348.2441981,
74065,348.0716632,
74066,347.3915055,
74067,346.6331331,
74068,345.9633853,
74069,345.2147842,
74070,344.4469304,
74071,343.4159237,
74072,342.6590971,
74073,342.1830162,
74074,342.0404721,
74075,341.1459104,
74076,340.1526357,
74077,338.7785251,
74078,338.2207892,
74079,337.6317059,
74080,336.7021216,
74081,335.0391401,
74082,334.0415718,
74083,333.2609159,
74084,333.2923691,
74085,331.9330778,
74086,330.8082896,
74087,329.6679785,
74088,329.6332352,
74089,328.6404035,
74090,327.1200483,
74091,326.3233772,
74092,326.0611689,
74093,325.3896939,
74094,324.3806016,
74095,323.8115138,
74096,323.4779596,
74097,321.9589963,
74098,320.499252,
74099,319.8998937,
74100,318.9932742,
74101,318.1973765,
74102,316.1383434,
74103,315.5501261,
74104,314.5576,
74105,312.8926235,
74106,310.5855984,
74107,309.6274324,
74108,309.2219244,
74109,308.0179334,
74110,306.2700902,
74111,304.8508227,
74112,304.0148787,
74113,301.3338036,
74114,299.2259972,
74115,298.6649884,
74116,297.6656081,
74117,295.6066747,
74118,293.7659673,
74119,292.8621111,
74120,291.6058135,
74121,289.0775663,
74122,286.3262218,
74123,285.9764633,
74124,284.2973157,
74125,281.2588956,
74126,279.7991965,
74127,279.0941301,
74128,277.2905297,
74129,275.1665163,
74130,273.2429078,
74131,272.5443279,
74132,271.2480998,
74133,268.9946287,
74134,267.6856047,
74135,267.0932832,
74136,266.0622638,
74137,264.7493704,
74138,262.1879659,
74139,260.9468342,
74140,259.292171,
74141,257.8392445,
74142,256.2273302,
74143,255.5231107,
74144,254.031673,
74145,251.5734059,
74146,250.6041872,
74147,249.4848979,
74148,247.7420414,
74149,245.7288283,
74150,244.300308,
74151,244.1982161,
74152,241.8176857,
74153,239.354955,
74154,238.0844127,
74155,237.2401656,
74156,235.4869076,
74157,233.4218849,
74158,231.8205768,
74159,231.4034264,
74160,229.982321,
74161,227.7913512,
74162,226.0379596,
74163,226.0695991,
74164,224.6093656,
74165,222.6862183,
74166,221.865837,
74167,221.5458379,
74168,220.6035358,
74169,219.0899102,
74170,218.0525887,
74171,217.7153377,
74172,216.9815181,
74173,215.9910344,
74174,214.2229202,
74175,213.350449,
74176,212.4227843,
74177,209.866928,
74178,208.5237156,
74179,207.8342857,
74180,206.4863766,
74181,205.4186941,
74182,204.9687608,
74183,204.6221986,
74184,203.2381995,
74185,202.1322489,
74186,201.9193444,
74187,201.3523048,
74188,201.2210324,
74189,200.7853408,
74190,200.6246992,
74191,200.8279055,
74192,199.950948,
74193,199.5206245,
74194,199.2374265,
74195,198.9612592,
74196,198.5759204,
74197,198.3750609,
74198,198.2203631,
74199,198.3405044,
74200,197.9858781,
74201,197.4854707,
74202,197.3408871,
74203,197.0577757,
74204,197.150553,
74205,197.1710846,
74206,197.4104388,
74207,197.3833044,
74208,197.0801812,
74209,196.9513457,
74210,197.0037484,
74211,196.7244152,
74212,196.30974,
74213,195.9657949,
74214,196.1394649,
74215,196.0367376,
74216,195.8943194,
74217,195.6099361,
74218,195.5539541,
74219,195.5986954,
74220,195.7876301,
74221,195.908884,
74222,196.1924773,
74223,196.9369798,
74224,197.6638124,
74225,197.9525617,
74226,198.3723993,
74227,199.340024,
74228,200.3857189,
74229,200.948152,
74230,201.4768062,
74231,202.3870131,
74232,203.4547449,
74233,204.2241377,
74234,205.2610239,
74235,206.5146204,
74236,207.9130407,
74237,209.4956853,
74238,210.1275598,
74239,211.8337337,
74240,214.1746054,
74241,214.8072948,
74242,215.4075473,
74243,217.5502372,
74244,219.7619701,
74245,220.6822638,
74246,221.493937,
74247,223.3406288,
74248,225.3640919,
74249,225.9439859,
74250,226.9000696,
74251,227.2331673,
74252,229.0379784,
74253,230.5233573,
74254,230.9422407,
74255,232.2996018,
74256,234.4157666,
74257,235.8270561,
74258,236.6512255,
74259,237.924437,
74260,239.0587502,
74261,240.3889092,
74262,242.6067576,
74263,242.4164323,
74264,243.0643399,
74265,243.6633247,
74266,244.465531,
74267,246.7094747,
74268,248.5531183,
74269,248.7851084,
74270,250.2899782,
74271,251.1888869,
74272,252.1262969,
74273,252.7144246,
74274,253.4676248,
74275,255.1896367,
74276,257.745305,
74277,258.1490793,
74278,259.0682637,
74279,259.1977367,
74280,260.1993621,
74281,262.018505,
74282,262.8922914,
74283,264.0909585,
74284,266.1602623,
74285,267.0577683,
74286,267.7657728,
74287,268.6781465,
74288,270.6639073,
74289,272.1597669,
74290,272.472977,
74291,274.92942,
74292,276.2234722,
74293,276.6269359,
74294,277.3073582,
74295,279.1165317,
74296,280.7505613,
74297,281.6623577,
74298,281.5640509,
74299,283.6907131,
74300,284.9623189,
74301,285.1490254,
74302,285.7006013,
74303,285.8963654,
74304,286.1036046,
74305,286.3778023,
74306,286.3919862,
74307,286.3983033,
74308,286.8310397,
74309,287.1128631,
74310,287.2833568,
74311,287.3487718,
74312,287.2314243,
74313,287.1583326,
74314,286.7489555,
74315,286.8596261,
74316,286.4364351,
74317,286.5173827,
74318,286.5661282,
74319,286.2649096,
74320,286.0154737,
74321,285.8517764,
74322,285.8048546,
74323,285.5730852,
74324,285.237585,
74325,285.292775,
74326,285.2313053,
74327,284.8210779,
74328,284.3944938,
74329,283.674263,
74330,283.1796125,
74331,282.9549025,
74332,282.8836856,
74333,282.5661725,
74334,281.8249749,
74335,281.5563406,
74336,280.9071815,
74337,279.9251821,
74338,279.006006,
74339,278.6670282,
74340,277.5814522,
74341,276.9214372,
74342,276.0449714,
74343,274.5411773,
74344,273.3285077,
74345,272.4014909,
74346,271.8865735,
74347,271.1561695,
74348,269.4893096,
74349,268.8080816,
74350,266.7852696,
74351,264.6976812,
74352,263.9786047,
74353,263.2825111,
74354,261.7166821,
74355,259.7282959,
74356,259.3067204,
74357,257.5746789,
74358,255.6463392,
74359,254.7148334,
74360,254.4797216,
74361,252.9063428,
74362,251.205452,
74363,250.3971485,
74364,249.9991119,
74365,246.9565374,
74366,245.453293,
74367,245.1651629,
74368,243.3992489,
74369,241.7655485,
74370,240.7471753,
74371,238.9922454,
74372,236.6786919,
74373,235.2656605,
74374,234.5487309,
74375,232.734752,
74376,230.9640313,
74377,229.9124617,
74378,228.1439126,
74379,225.0737018,
74380,224.1296811,
74381,222.2619838,
74382,219.2774637,
74383,218.6984473,
74384,217.7267734,
74385,214.4541989,
74386,212.1491123,
74387,211.5106189,
74388,209.7303229,
74389,206.8737336,
74390,206.2501986,
74391,205.2373757,
74392,201.9393056,
74393,199.0721349,
74394,198.0109102,
74395,195.4099219,
74396,191.7691941,
74397,190.4738621,
74398,188.7287847,
74399,185.3433063,
74400,182.365723,
74401,181.7541722,
74402,179.0356233,
74403,175.907335,
74404,174.3771904,
74405,172.4471905,
74406,169.0569594,
74407,167.6336047,
74408,166.5892638,
74409,163.7349311,
74410,160.031895,
74411,159.0724167,
74412,156.4387361,
74413,152.7430626,
74414,151.572042,
74415,151.1072374,
74416,147.8994331,
74417,145.4117451,
74418,144.9799031,
74419,142.8326255,
74420,140.7324421,
74421,140.0896014,
74422,139.0810133,
74423,136.9350774,
74424,134.7027509,
74425,133.2231134,
74426,131.440665,
74427,129.0859261,
74428,127.3909036,
74429,126.7527031,
74430,124.5114565,
74431,122.786564,
74432,121.9979624,
74433,121.6292316,
74434,120.2749707,
74435,117.9964074,
74436,117.6453352,
74437,116.9755262,
74438,115.2400446,
74439,114.6755829,
74440,113.527612,
74441,112.0753214,
74442,111.4642264,
74443,111.1066004,
74444,110.2069587,
74445,109.6372928,
74446,110.0808951,
74447,109.1269935,
74448,108.5653177,
74449,108.3755628,
74450,108.1840483,
74451,108.3737201,
74452,108.6797935,
74453,109.0687918,
74454,109.8085323,
74455,110.0991019,
74456,110.104054,
74457,111.4674991,
74458,112.7474377,
74459,113.3818159,
74460,114.0554681,
74461,116.0533141,
74462,116.6030649,
74463,117.6709995,
74464,118.8756641,
74465,121.0288875,
74466,122.0100745,
74467,122.4418695,
74468,124.6726612,
74469,126.9505106,
74470,127.4645299,
74471,129.7144017,
74472,132.3502893,
74473,132.970456,
74474,133.9688854,
74475,135.2455778,
74476,137.9686099,
74477,139.0406902,
74478,139.6264925,
74479,142.249539,
74480,144.4856982,
74481,145.9740654,
74482,146.7833924,
74483,149.7886665,
74484,151.6119471,
74485,152.302585,
74486,153.8970777,
74487,155.5938304,
74488,157.6420253,
74489,159.7625503,
74490,160.6152355,
74491,162.5983029,
74492,165.4580773,
74493,166.2912676,
74494,167.1876204,
74495,170.348437,
74496,172.6072688,
74497,172.9644842,
74498,174.8897259,
74499,177.1985564,
74500,179.0056334,
74501,180.1444998,
74502,181.2193185,
74503,183.6798912,
74504,185.861422,
74505,186.9820341,
74506,189.4799341,
74507,192.3786612,
74508,194.0123649,
74509,195.0604356,
74510,197.1937527,
74511,199.6934173,
74512,200.5708686,
74513,201.1486235,
74514,204.4222951,
74515,206.4024047,
74516,207.3153112,
74517,209.2435127,
74518,212.3433513,
74519,213.0505336,
74520,213.2719217,
74521,213.9245329,
74522,215.6348208,
74523,217.1009114,
74524,217.4390667,
74525,218.1928544,
74526,219.0041897,
74527,220.9857771,
74528,222.1294511,
74529,222.1984044,
74530,223.2558344,
74531,224.7763833,
74532,226.2522107,
74533,226.6300939,
74534,228.1768871,
74535,230.2670406,
74536,230.4358248,
74537,231.1617968,
74538,232.0818233,
74539,233.6996579,
74540,233.8766147,
74541,235.4232118,
74542,236.955397,
74543,237.3555781,
74544,237.656951,
74545,238.1761752,
74546,239.2285818,
74547,240.3261015,
74548,240.855074,
74549,240.9582544,
74550,242.1570524,
74551,244.1979359,
74552,244.5619837,
74553,244.7388256,
74554,246.1590699,
74555,247.0217989,
74556,247.3839875,
74557,248.2516056,
74558,248.8251203,
74559,250.0843455,
74560,249.9098766,
74561,250.4627791,
74562,251.2634784,
74563,251.5426255,
74564,251.6683879,
74565,252.1096808,
74566,252.2069618,
74567,251.9576793,
74568,251.6907713,
74569,251.5138535,
74570,251.5706294,
74571,251.393697,
74572,251.7533058,
74573,252.3096884,
74574,252.3002225,
74575,252.2000102,
74576,251.9917817,
74577,251.8471744,
74578,251.5733958,
74579,251.0784054,
74580,250.9976193,
74581,251.1729625,
74582,251.1624981,
74583,250.8664933,
74584,250.3488572,
74585,249.0574955,
74586,247.7386672,
74587,247.0713852,
74588,247.1494305,
74589,246.5331908,
74590,245.5659288,
74591,244.1572971,
74592,243.2478683,
74593,242.1707375,
74594,240.0744455,
74595,239.5438286,
74596,238.8284744,
74597,238.7505525,
74598,237.8886928,
74599,235.8377187,
74600,234.148219,
74601,233.4623992,
74602,231.8407487,
74603,228.9219992,
74604,227.5529944,
74605,226.845732,
74606,225.9001809,
74607,223.7718534,
74608,222.2322034,
74609,221.6328242,
74610,219.4336941,
74611,217.9407145,
74612,215.8215538,
74613,215.5856597,
74614,213.3842502,
74615,210.6575534,
74616,209.0585858,
74617,208.3658203,
74618,206.6208262,
74619,203.7914932,
74620,201.5691013,
74621,201.0171261,
74622,199.1896432,
74623,196.5238017,
74624,195.2309443,
74625,193.5646692,
74626,191.2007578,
74627,188.9381936,
74628,187.9862309,
74629,187.5601685,
74630,185.871055,
74631,183.1056972,
74632,181.9645241,
74633,180.71889,
74634,177.5901458,
74635,175.1118219,
74636,174.21089,
74637,172.5190942,
74638,169.8654872,
74639,167.3707916,
74640,167.4770554,
74641,163.8572694,
74642,160.3179487,
74643,160.2193456,
74644,157.8440285,
74645,155.0715451,
74646,154.060257,
74647,152.1245275,
74648,148.7512397,
74649,147.4950453,
74650,147.092037,
74651,145.5118264,
74652,143.4244843,
74653,141.7940435,
74654,139.2254524,
74655,136.5387502,
74656,135.0829116,
74657,133.7963561,
74658,131.9471266,
74659,129.7316953,
74660,128.49291,
74661,127.1441807,
74662,123.6790743,
74663,121.7402098,
74664,121.0191361,
74665,118.6228545,
74666,116.1039382,
74667,115.5104807,
74668,114.8303662,
74669,112.4627678,
74670,109.9471291,
74671,109.1365497,
74672,107.102494,
74673,105.784523,
74674,105.3344545,
74675,104.5319605,
74676,105.0337457,
74677,103.3602789,
74678,101.290018,
74679,100.2904063,
74680,99.9964182,
74681,99.15039104,
74682,97.80394298,
74683,96.1135401,
74684,95.931719,
74685,94.13455282,
74686,91.95625812,
74687,91.2379871,
74688,90.30116846,
74689,88.61550633,
74690,87.43009586,
74691,87.25818015,
74692,86.27502641,
74693,85.26986851,
74694,83.63083557,
74695,82.35479572,
74696,81.74661701,
74697,80.03624198,
74698,78.81507403,
74699,77.7438555,
74700,76.97220079,
74701,75.76598836,
74702,73.90996068,
74703,72.94927399,
74704,72.28803524,
74705,71.13585564,
74706,70.8761961,
74707,70.04649587,
74708,69.40231553,
74709,68.87008947,
74710,67.99471288,
74711,67.63004856,
74712,67.66326976,
74713,67.50186589,
74714,67.253918,
74715,66.91755952,
74716,67.02986144,
74717,66.7381685,
74718,66.89421553,
74719,66.99320266,
74720,67.63014518,
74721,68.03387733,
74722,68.39614727,
74723,69.64004849,
74724,70.89977682,
74725,71.53870706,
74726,72.72523732,
74727,74.34126499,
74728,75.42456446,
74729,76.23770707,
74730,78.26157292,
74731,80.91796956,
74732,81.20814876,
74733,82.87403314,
74734,84.89710394,
74735,86.75261254,
74736,87.45779062,
74737,88.09064719,
74738,89.73243476,
74739,91.41745014,
74740,93.09322702,
74741,94.40172312,
74742,96.18023635,
74743,98.69427907,
74744,100.5470709,
74745,101.129875,
74746,103.9326923,
74747,106.6429098,
74748,107.6197548,
74749,107.9760366,
74750,110.4367639,
74751,112.8793291,
74752,114.3180735,
74753,116.2424057,
74754,119.0411418,
74755,121.4397809,
74756,121.8909423,
74757,124.321702,
74758,126.9107198,
74759,129.2553473,
74760,129.8235009,
74761,132.8226893,
74762,135.5155702,
74763,137.2383862,
74764,139.2735745,
74765,141.4430941,
74766,143.6588744,
74767,144.4634328,
74768,145.6475085,
74769,147.8645451,
74770,150.490176,
74771,151.2016908,
74772,153.1882429,
74773,156.0166932,
74774,158.7147424,
74775,157.6913612,
74776,160.3633577,
74777,163.3765843,
74778,164.3320517,
74779,165.0549406,
74780,166.3667978,
74781,167.3767417,
74782,168.3166306,
74783,168.0516563,
74784,170.2226647,
74785,171.621527,
74786,171.7534632,
74787,172.1530909,
74788,173.8574418,
74789,175.1621454,
74790,175.8334727,
74791,177.1654115,
74792,178.8372724,
74793,179.2693375,
74794,180.4594942,
74795,181.5868214,
74796,182.9272941,
74797,182.9818482,
74798,183.8803488,
74799,185.7187737,
74800,185.6248846,
74801,187.0153098,
74802,188.4381394,
74803,188.9271578,
74804,189.0189956,
74805,190.0666151,
74806,191.779352,
74807,192.7112737,
74808,194.4162771,
74809,196.0183813,
74810,196.588992,
74811,196.9735673,
74812,198.7247054,
74813,199.5700823,
74814,200.1274995,
74815,201.2051827,
74816,202.5808179,
74817,203.2453798,
74818,203.3058303,
74819,204.3010785,
74820,205.0378182,
74821,206.0548627,
74822,207.3586315,
74823,208.7814922,
74824,209.8549363,
74825,209.9051682,
74826,210.2757521,
74827,211.2014117,
74828,212.1129407,
74829,212.4454932,
74830,213.0587343,
74831,213.1563481,
74832,213.3042144,
74833,212.9770082,
74834,213.0771317,
74835,213.1708404,
74836,213.3883494,
74837,213.5224631,
74838,213.5507649,
74839,213.8996946,
74840,213.794753,
74841,213.3450994,
74842,213.3902695,
74843,213.2539116,
74844,213.4138373,
74845,213.82248,
74846,213.7792086,
74847,213.9116704,
74848,213.6061236,
74849,212.9991724,
74850,212.224033,
74851,211.6115371,
74852,211.4041586,
74853,211.2043193,
74854,210.7372897,
74855,210.1849906,
74856,208.8407153,
74857,208.0514438,
74858,207.0515781,
74859,205.900282,
74860,205.1691642,
74861,204.5841558,
74862,204.128212,
74863,203.9718077,
74864,203.4757582,
74865,202.3871293,
74866,202.3904905,
74867,201.3177653,
74868,200.7825975,
74869,200.7631331,
74870,199.7274328,
74871,199.7325776,
74872,199.4233739,
74873,198.6856752,
74874,198.952648,
74875,198.9800513,
74876,198.5943819,
74877,197.980109,
74878,197.8798797,
74879,197.0497043,
74880,196.1949236,
74881,195.7647719,
74882,195.537414,
74883,194.496325,
74884,193.5907716,
74885,192.9019658,
74886,192.3758022,
74887,191.3462189,
74888,190.4231261,
74889,190.1829828,
74890,189.8686633,
74891,188.7413971,
74892,188.650012,
74893,188.5388514,
74894,187.4174464,
74895,186.0508173,
74896,185.7511152,
74897,185.5584492,
74898,185.4799932,
74899,184.9857243,
74900,183.7852025,
74901,183.2383274,
74902,182.2461561,
74903,180.6868301,
74904,179.5646187,
74905,179.0736348,
74906,177.9046815,
74907,176.8021083,
74908,175.5231532,
74909,175.1720868,
74910,174.1502785,
74911,172.16402,
74912,170.5284643,
74913,170.1369937,
74914,168.6604758,
74915,167.1860664,
74916,166.3870788,
74917,165.8732167,
74918,165.1223248,
74919,162.7296378,
74920,160.9049418,
74921,160.3829788,
74922,159.4440985,
74923,157.5063424,
74924,155.5824671,
74925,154.5631472,
74926,152.8267578,
74927,150.1819181,
74928,148.5326966,
74929,148.1286884,
74930,147.0193518,
74931,144.6400647,
74932,142.3234769,
74933,140.7800981,
74934,139.7926947,
74935,136.7123417,
74936,133.7951621,
74937,133.3102435,
74938,131.6932041,
74939,129.2307171,
74940,127.5204437,
74941,127.1398689,
74942,125.9963569,
74943,124.610461,
74944,122.4927249,
74945,122.0572389,
74946,120.5579923,
74947,118.8270577,
74948,116.9165312,
74949,116.3440773,
74950,116.0146007,
74951,114.6052067,
74952,113.0713463,
74953,111.6908861,
74954,111.692628,
74955,110.2394948,
74956,108.7104918,
74957,108.5114712,
74958,107.8987354,
74959,107.9678055,
74960,106.8241224,
74961,106.6452054,
74962,105.2457773,
74963,104.8863649,
74964,104.9184286,
74965,104.6658438,
74966,104.7024152,
74967,103.793762,
74968,104.0888191,
74969,104.2334675,
74970,103.7457998,
74971,102.7827206,
74972,103.0527973,
74973,103.2361721,
74974,103.7632996,
74975,103.6608126,
74976,104.0008922,
74977,104.3786701,
74978,104.4350398,
74979,104.6231112,
74980,104.493186,
74981,105.137456,
74982,104.9570206,
74983,104.887404,
74984,105.0814718,
74985,105.2286389,
74986,105.4554227,
74987,105.5475045,
74988,106.018143,
74989,106.307308,
74990,107.0724919,
74991,107.8891714,
74992,108.3834428,
74993,109.5610705,
74994,110.2041998,
74995,110.2875001,
74996,111.0873184,
74997,112.3289433,
74998,113.1990068,
74999,113.8537168,
75000,115.3033779,
75001,116.4699653,
75002,117.3413401,
75003,117.7563734,
75004,118.9557627,
75005,120.2580536,
75006,120.6282446,
75007,122.3591283,
75008,124.3466821,
75009,125.2565584,
75010,125.7139637,
75011,127.2306363,
75012,128.7954106,
75013,130.1942344,
75014,131.5042458,
75015,134.4113448,
75016,136.1481063,
75017,137.2935041,
75018,138.8577725,
75019,141.7681072,
75020,142.7539364,
75021,144.8735059,
75022,147.417965,
75023,148.6549385,
75024,149.8318617,
75025,151.9350093,
75026,153.9417957,
75027,154.6442499,
75028,156.3497841,
75029,159.8115203,
75030,161.8428997,
75031,162.5989404,
75032,164.2349324,
75033,167.2353188,
75034,168.1592287,
75035,169.8757574,
75036,173.7546938,
75037,175.0523137,
75038,175.873207,
75039,178.0869732,
75040,181.004741,
75041,182.2414717,
75042,183.0438337,
75043,186.3324074,
75044,189.2823532,
75045,190.0471938,
75046,193.735423,
75047,196.3086205,
75048,197.5726371,
75049,199.7303284,
75050,201.3621017,
75051,203.198517,
75052,204.975998,
75053,206.8762288,
75054,209.7108846,
75055,212.1817977,
75056,212.6648953,
75057,216.6208825,
75058,219.9798004,
75059,220.6305009,
75060,223.4774218,
75061,225.0196294,
75062,226.1143919,
75063,227.5692348,
75064,230.1414676,
75065,232.2424853,
75066,233.0167554,
75067,234.2584625,
75068,235.9113399,
75069,236.7198242,
75070,237.9630163,
75071,239.7059803,
75072,241.1112868,
75073,241.5984669,
75074,243.5156818,
75075,244.8876823,
75076,245.9813317,
75077,246.2536167,
75078,247.6605461,
75079,249.2873711,
75080,249.3972276,
75081,250.2824869,
75082,251.9221743,
75083,253.3835527,
75084,253.9586343,
75085,254.6677459,
75086,255.6778429,
75087,256.3928808,
75088,257.0937088,
75089,257.5820964,
75090,258.330444,
75091,258.9555669,
75092,258.7753719,
75093,258.6236447,
75094,259.1181405,
75095,259.0958765,
75096,259.2873137,
75097,259.3149609,
75098,259.4641946,
75099,259.4140397,
75100,259.0424766,
75101,258.7599433,
75102,258.3789922,
75103,258.0111394,
75104,258.2734573,
75105,257.9765979,
75106,257.4005808,
75107,256.4311285,
75108,255.9807975,
75109,255.3142039,
75110,254.8268526,
75111,254.5301207,
75112,254.3156115,
75113,254.1582903,
75114,253.3468547,
75115,251.927728,
75116,251.1441279,
75117,250.36893,
75118,249.3482817,
75119,247.8621475,
75120,248.2693338,
75121,246.9280504,
75122,246.5720877,
75123,245.3640997,
75124,243.9799772,
75125,243.5096373,
75126,241.659344,
75127,240.5195422,
75128,239.519868,
75129,238.8634666,
75130,237.5712423,
75131,235.0694131,
75132,234.2759092,
75133,233.0990498,
75134,231.5538118,
75135,229.9681251,
75136,228.5244273,
75137,227.5616392,
75138,225.1890933,
75139,223.2295478,
75140,222.6061869,
75141,221.1588952,
75142,218.9191731,
75143,217.0733828,
75144,216.2413142,
75145,213.7289152,
75146,211.9270975,
75147,210.7423244,
75148,209.7481237,
75149,207.020137,
75150,205.3564507,
75151,203.7956896,
75152,202.9946854,
75153,200.1691996,
75154,197.9886569,
75155,197.0347877,
75156,194.1955167,
75157,191.3065673,
75158,190.5809902,
75159,188.7200824,
75160,185.7923612,
75161,183.5638138,
75162,181.6420414,
75163,177.9662527,
75164,176.7639403,
75165,176.4567688,
75166,174.3019448,
75167,171.6178615,
75168,170.5107351,
75169,169.5463141,
75170,165.9092138,
75171,163.3637257,
75172,162.6426614,
75173,160.3563477,
75174,157.4350457,
75175,156.1117565,
75176,155.0604379,
75177,152.4573049,
75178,149.7917404,
75179,149.2683706,
75180,146.6738396,
75181,143.9902893,
75182,142.5141259,
75183,141.2305567,
75184,139.5831596,
75185,136.6765263,
75186,135.8198615,
75187,133.5724009,
75188,130.6350097,
75189,128.2373197,
75190,127.149272,
75191,123.8440096,
75192,120.8698214,
75193,120.2425479,
75194,117.6719074,
75195,114.7254316,
75196,114.1866248,
75197,111.2540088,
75198,108.2365193,
75199,107.6958361,
75200,106.2903042,
75201,103.6963842,
75202,101.3138938,
75203,100.7888442,
75204,98.56754509,
75205,96.09210702,
75206,95.40099985,
75207,93.90434863,
75208,92.39047457,
75209,91.95886212,
75210,92.18873574,
75211,91.68249815,
75212,91.02864114,
75213,91.17446795,
75214,91.18715674,
75215,91.38030404,
75216,91.60569545,
75217,92.459411,
75218,93.35568168,
75219,94.33213396,
75220,94.80830094,
75221,95.84630903,
75222,97.70340306,
75223,98.22763479,
75224,98.83907389,
75225,99.72689381,
75226,101.8350373,
75227,102.8047123,
75228,103.3551587,
75229,105.870613,
75230,107.9904725,
75231,108.4497051,
75232,111.4715382,
75233,114.3315295,
75234,114.7218299,
75235,116.3263293,
75236,118.4533122,
75237,120.4128012,
75238,122.5788806,
75239,123.9212206,
75240,126.355218,
75241,129.6066454,
75242,130.3279153,
75243,132.0521612,
75244,134.6697992,
75245,136.1540016,
75246,136.9192195,
75247,140.0676344,
75248,143.6145574,
75249,143.8372103,
75250,146.3811211,
75251,149.0708049,
75252,150.1113689,
75253,151.0402991,
75254,153.2576606,
75255,155.8036559,
75256,156.8873335,
75257,158.2988139,
75258,161.5430825,
75259,164.6597346,
75260,165.2731056,
75261,167.3539889,
75262,170.9089818,
75263,172.2057282,
75264,173.2093419,
75265,175.0718716,
75266,177.3909707,
75267,179.1789057,
75268,179.6256432,
75269,183.0400171,
75270,185.9067006,
75271,186.497936,
75272,188.1874324,
75273,190.3494613,
75274,192.7716843,
75275,194.4580505,
75276,195.5514309,
75277,198.5994577,
75278,200.0939261,
75279,201.0972913,
75280,203.5522401,
75281,204.9396924,
75282,205.5521001,
75283,206.2510619,
75284,208.3113032,
75285,209.4174316,
75286,209.3575949,
75287,210.4159963,
75288,210.8057507,
75289,211.0544845,
75290,210.8117811,
75291,210.8428307,
75292,211.1906244,
75293,211.8716122,
75294,212.0719429,
75295,212.6569483,
75296,213.0134899,
75297,213.124009,
75298,213.0961021,
75299,212.8774503,
75300,213.1843067,
75301,213.4148025,
75302,213.8243603,
75303,213.8952536,
75304,214.1079592,
75305,214.2573388,
75306,214.2601626,
75307,214.2762749,
75308,214.4220442,
75309,214.5991925,
75310,214.682291,
75311,215.3358404,
75312,215.9921424,
75313,216.227084,
75314,216.5449656,
75315,217.4295363,
75316,218.2580955,
75317,219.1710564,
75318,219.5077787,
75319,220.0837842,
75320,221.0639184,
75321,222.0045527,
75322,222.6059431,
75323,222.9558253,
75324,223.9982964,
75325,224.5653193,
75326,224.9477106,
75327,225.14506,
75328,225.5911909,
75329,226.2145424,
75330,225.7253075,
75331,225.8410124,
75332,225.2492695,
75333,224.7144416,
75334,224.210018,
75335,223.9533686,
75336,223.5092112,
75337,222.7017794,
75338,221.9559402,
75339,221.3662608,
75340,220.8067856,
75341,220.2562184,
75342,218.9932229,
75343,218.0088009,
75344,217.5613613,
75345,216.9446371,
75346,215.6243466,
75347,214.4871108,
75348,214.0836867,
75349,213.2377145,
75350,211.5653856,
75351,210.2194238,
75352,209.7848367,
75353,208.9364553,
75354,207.7379179,
75355,206.350201,
75356,205.8397315,
75357,203.8787867,
75358,200.9642527,
75359,200.5197191,
75360,200.0822951,
75361,197.4020609,
75362,195.8804563,
75363,195.0159283,
75364,192.6720295,
75365,190.5025222,
75366,189.7474424,
75367,188.5720181,
75368,185.903858,
75369,184.1574567,
75370,183.4680671,
75371,180.9387405,
75372,179.0618632,
75373,178.2896713,
75374,176.8199293,
75375,174.3191398,
75376,173.0186458,
75377,171.4203614,
75378,168.9076193,
75379,167.4459078,
75380,166.8627492,
75381,165.3551667,
75382,163.5062875,
75383,162.4642647,
75384,161.7019001,
75385,160.0234621,
75386,157.9230065,
75387,157.2076834,
75388,156.0116776,
75389,154.0650964,
75390,152.235738,
75391,151.906419,
75392,150.643426,
75393,148.8252186,
75394,146.6709173,
75395,146.0338145,
75396,144.7424168,
75397,142.2141668,
75398,140.6806336,
75399,139.7482968,
75400,137.8808523,
75401,135.5397762,
75402,134.204507,
75403,133.6538929,
75404,131.5930201,
75405,129.3985846,
75406,128.3960362,
75407,127.3901153,
75408,124.6796079,
75409,123.0714202,
75410,122.6956515,
75411,121.5021205,
75412,120.1548191,
75413,118.989868,
75414,118.303599,
75415,116.805395,
75416,115.5835116,
75417,115.4673595,
75418,114.8660003,
75419,113.8136493,
75420,113.0617132,
75421,113.1953556,
75422,113.7903618,
75423,113.2365629,
75424,112.9494979,
75425,112.5878365,
75426,112.2529852,
75427,112.417339,
75428,112.4074298,
75429,112.9145003,
75430,113.3332945,
75431,113.3026332,
75432,113.1471409,
75433,113.4470512,
75434,114.1537261,
75435,114.814112,
75436,115.3676453,
75437,116.255372,
75438,117.2804713,
75439,117.6847737,
75440,117.658237,
75441,117.9961181,
75442,118.9452603,
75443,119.5759331,
75444,120.4196969,
75445,121.9120099,
75446,123.1646766,
75447,123.4720122,
75448,125.1239243,
75449,126.4045631,
75450,127.7178225,
75451,129.2648938,
75452,131.0893763,
75453,132.9629809,
75454,133.5210403,
75455,135.4077271,
75456,137.4967297,
75457,138.6822025,
75458,140.5739106,
75459,143.7083512,
75460,145.277303,
75461,145.7656367,
75462,148.2292737,
75463,151.3651771,
75464,151.9921377,
75465,154.4944191,
75466,157.1821394,
75467,158.8153132,
75468,160.0982611,
75469,162.3287526,
75470,165.4733848,
75471,166.4789089,
75472,167.8903922,
75473,169.7992474,
75474,172.3679012,
75475,172.2734515,
75476,174.1522695,
75477,177.4898302,
75478,179.7056714,
75479,180.5429209,
75480,182.7035675,
75481,185.8138678,
75482,187.4543802,
75483,188.1022762,
75484,190.6087874,
75485,194.0084878,
75486,194.7693516,
75487,197.2200817,
75488,200.6364025,
75489,201.7766599,
75490,203.1860021,
75491,205.7774192,
75492,209.325637,
75493,209.5322158,
75494,212.0844625,
75495,214.7134027,
75496,215.5464972,
75497,216.5530889,
75498,218.2019503,
75499,220.5833955,
75500,222.3665967,
75501,222.5993688,
75502,223.1456676,
75503,226.1015648,
75504,228.1260562,
75505,228.9601815,
75506,229.0444988,
75507,230.500983,
75508,230.0138897,
75509,230.7433463,
75510,230.8826864,
75511,230.6570338,
75512,231.4773136,
75513,232.0766472,
75514,231.9522924,
75515,231.9099475,
75516,233.0160426,
75517,233.4737422,
75518,233.6234351,
75519,233.7079275,
75520,234.2840884,
75521,235.0386584,
75522,235.1135236,
75523,235.4540154,
75524,236.1611436,
75525,237.3031443,
75526,237.722124,
75527,238.1489568,
75528,239.2737241,
75529,239.6326738,
75530,240.2219444,
75531,241.1855756,
75532,241.9788595,
75533,241.9278658,
75534,242.6610612,
75535,243.4971918,
75536,243.955829,
75537,244.1704274,
75538,245.1559169,
75539,245.534706,
75540,245.2778297,
75541,245.3102176,
75542,245.8745247,
75543,246.1916083,
75544,246.4350214,
75545,246.8858155,
75546,247.5905324,
75547,247.4083138,
75548,247.0611631,
75549,246.6840231,
75550,246.8091034,
75551,247.0964285,
75552,247.0752924,
75553,246.8818053,
75554,246.6283729,
75555,246.5067224,
75556,245.5319559,
75557,244.6626318,
75558,244.3610929,
75559,244.5051786,
75560,244.6161283,
75561,244.0823029,
75562,243.3803632,
75563,243.1975478,
75564,242.8182991,
75565,241.8358834,
75566,241.4746449,
75567,241.2042826,
75568,241.1339042,
75569,240.0067956,
75570,239.5805341,
75571,239.2916009,
75572,238.5758461,
75573,237.2928637,
75574,237.2057933,
75575,236.8794927,
75576,235.7673871,
75577,234.1824888,
75578,234.0196613,
75579,233.0539738,
75580,232.0065647,
75581,230.8493562,
75582,230.6652295,
75583,229.3453216,
75584,227.5396575,
75585,226.3741728,
75586,225.9026562,
75587,225.1049545,
75588,223.4881029,
75589,221.2276984,
75590,220.2696215,
75591,220.3945596,
75592,219.3488635,
75593,218.1432241,
75594,217.3183412,
75595,216.8971337,
75596,216.6718572,
75597,215.9223512,
75598,213.685219,
75599,212.2776521,
75600,209.3952091,
75601,208.7554594,
75602,207.3685372,
75603,204.7054735,
75604,201.9474404,
75605,201.3517745,
75606,198.4007698,
75607,195.0411321,
75608,194.6791825,
75609,193.7264648,
75610,190.9092933,
75611,188.0819387,
75612,186.9415726,
75613,185.3213147,
75614,182.6564559,
75615,179.9895386,
75616,179.2455544,
75617,177.1761019,
75618,174.8641964,
75619,172.9696699,
75620,172.7675983,
75621,170.7249214,
75622,167.9324293,
75623,165.1293976,
75624,164.449384,
75625,161.9840653,
75626,159.2237049,
75627,157.8142937,
75628,157.1631257,
75629,153.2823634,
75630,150.689431,
75631,149.9103271,
75632,147.4414567,
75633,143.611379,
75634,142.1986499,
75635,139.9651549,
75636,136.539884,
75637,135.0257117,
75638,134.2145301,
75639,131.4851564,
75640,128.4329776,
75641,127.9409954,
75642,126.18599,
75643,123.9587246,
75644,122.3467534,
75645,121.0747191,
75646,118.0085947,
75647,116.6453696,
75648,116.7294094,
75649,115.6823435,
75650,114.7566977,
75651,113.7598602,
75652,113.1412286,
75653,112.1566413,
75654,111.9589167,
75655,111.6629294,
75656,111.3615653,
75657,110.3755367,
75658,110.1357466,
75659,110.0434735,
75660,109.8009737,
75661,109.3641299,
75662,109.1066781,
75663,109.3786429,
75664,109.4180297,
75665,109.2651761,
75666,109.1649009,
75667,109.1320214,
75668,109.4042301,
75669,110.0289208,
75670,110.7607274,
75671,112.0246996,
75672,113.1036462,
75673,112.855149,
75674,114.2671655,
75675,115.4776425,
75676,116.7618454,
75677,117.3887284,
75678,119.6504888,
75679,121.86431,
75680,122.6795716,
75681,123.7286348,
75682,126.1597983,
75683,128.5270042,
75684,129.1545074,
75685,131.7249335,
75686,134.5942953,
75687,135.2466644,
75688,136.7033941,
75689,139.1688289,
75690,141.1433272,
75691,142.1964485,
75692,144.3295977,
75693,147.4551672,
75694,148.4107819,
75695,149.855603,
75696,152.5750051,
75697,154.9914792,
75698,155.3187221,
75699,157.8208414,
75700,160.5190668,
75701,162.585869,
75702,163.6120234,
75703,165.072367,
75704,166.5902287,
75705,167.8198488,
75706,167.9692965,
75707,168.666958,
75708,170.3570249,
75709,173.9026903,
75710,175.3639568,
75711,175.8332085,
75712,178.5570428,
75713,181.2895408,
75714,183.4703863,
75715,183.9301812,
75716,185.4026557,
75717,188.3845096,
75718,189.6360815,
75719,190.9720714,
75720,193.5277754,
75721,195.1486141,
75722,196.1752742,
75723,196.7583697,
75724,199.0695014,
75725,200.84411,
75726,201.8581376,
75727,203.4191586,
75728,205.6694219,
75729,206.3025919,
75730,206.7301615,
75731,209.5981533,
75732,210.7366175,
75733,211.7255857,
75734,213.4327629,
75735,215.5031384,
75736,216.1282706,
75737,218.050834,
75738,220.340361,
75739,221.0695337,
75740,221.3287616,
75741,223.1389379,
75742,224.3032863,
75743,225.044061,
75744,224.7111603,
75745,225.1510031,
75746,227.0258657,
75747,227.9729026,
75748,228.1078436,
75749,229.0573208,
75750,229.8572696,
75751,230.4621643,
75752,230.1676411,
75753,230.209712,
75754,230.5180283,
75755,230.7998501,
75756,230.9172218,
75757,230.8681203,
75758,230.5266186,
75759,230.2945799,
75760,230.0814224,
75761,229.6312724,
75762,229.6038219,
75763,229.5101717,
75764,228.9665216,
75765,228.7597747,
75766,228.2056415,
75767,227.4653267,
75768,226.5442991,
75769,226.4918765,
75770,226.173705,
75771,225.7033507,
75772,224.8544221,
75773,223.815554,
75774,223.5809219,
75775,223.4791055,
75776,222.6815096,
75777,221.7387267,
75778,220.5501918,
75779,220.0885488,
75780,219.1683498,
75781,217.9711036,
75782,216.732128,
75783,215.8187078,
75784,215.5964846,
75785,214.396834,
75786,212.7761971,
75787,211.1238098,
75788,210.5271159,
75789,208.9908852,
75790,206.5664069,
75791,204.6953286,
75792,204.7679872,
75793,203.6303403,
75794,202.7095202,
75795,201.8688468,
75796,200.8183299,
75797,200.451505,
75798,199.4694643,
75799,198.4044086,
75800,197.6663635,
75801,197.8874217,
75802,197.1598932,
75803,196.0225484,
75804,195.49913,
75805,195.2223221,
75806,194.3610046,
75807,192.9432589,
75808,192.2613174,
75809,191.7745177,
75810,190.8599761,
75811,189.771834,
75812,188.7795027,
75813,187.9283531,
75814,186.0969496,
75815,184.7347578,
75816,184.3921409,
75817,183.315827,
75818,181.641778,
75819,180.0982309,
75820,179.7431777,
75821,178.2960022,
75822,176.3703615,
75823,174.6882742,
75824,173.9022022,
75825,172.3965558,
75826,170.0552623,
75827,168.9506776,
75828,167.5155706,
75829,164.3704675,
75830,162.9838011,
75831,162.7057453,
75832,161.0153256,
75833,159.11246,
75834,157.5532889,
75835,157.181786,
75836,154.5400857,
75837,151.0340105,
75838,150.5041636,
75839,149.2001201,
75840,147.3994942,
75841,144.6389955,
75842,143.6710818,
75843,141.8493773,
75844,138.8090942,
75845,137.3147267,
75846,135.8830885,
75847,133.2465392,
75848,131.3057837,
75849,131.1072952,
75850,130.5750784,
75851,127.3121055,
75852,125.4284819,
75853,124.7167332,
75854,124.4815391,
75855,123.1805664,
75856,121.8145305,
75857,121.3617519,
75858,121.2637349,
75859,120.0213191,
75860,118.9043411,
75861,118.6915418,
75862,118.1653537,
75863,117.7251793,
75864,117.1656921,
75865,116.6728624,
75866,116.6027978,
75867,115.7584946,
75868,115.32309,
75869,114.6651708,
75870,113.9185989,
75871,113.2260518,
75872,112.8595154,
75873,112.5469836,
75874,112.0163859,
75875,111.3132946,
75876,111.3251292,
75877,111.1861225,
75878,110.5240082,
75879,110.573008,
75880,110.8032556,
75881,110.8354696,
75882,110.533716,
75883,110.7597857,
75884,110.5126795,
75885,110.4046441,
75886,110.978926,
75887,110.7687457,
75888,111.0116417,
75889,110.9523011,
75890,110.9208402,
75891,111.0079186,
75892,111.4149694,
75893,112.1946227,
75894,112.9147015,
75895,113.6035622,
75896,114.9682341,
75897,116.3093391,
75898,116.1379692,
75899,117.2810197,
75900,118.2480847,
75901,120.5889902,
75902,121.622788,
75903,123.3311607,
75904,125.0357971,
75905,126.2882975,
75906,126.7928274,
75907,129.0042769,
75908,131.4803317,
75909,131.8681335,
75910,133.2838801,
75911,135.5924606,
75912,136.8462298,
75913,138.0266418,
75914,139.8812189,
75915,142.2109974,
75916,142.5859292,
75917,143.9695784,
75918,145.377971,
75919,147.2669595,
75920,148.1954429,
75921,149.8948996,
75922,151.2921018,
75923,152.8364275,
75924,153.5471562,
75925,154.7713761,
75926,156.1094312,
75927,157.877399,
75928,158.6734869,
75929,159.324399,
75930,161.6167219,
75931,163.714117,
75932,165.1672999,
75933,166.3840355,
75934,169.6165227,
75935,171.3629446,
75936,172.2384224,
75937,173.3510085,
75938,176.2848272,
75939,178.5487278,
75940,179.2939697,
75941,181.0645003,
75942,183.4189156,
75943,184.5646412,
75944,185.6537399,
75945,188.5630825,
75946,190.9326649,
75947,192.7914419,
75948,193.0067034,
75949,194.3627703,
75950,196.9773578,
75951,199.2147894,
75952,199.7470981,
75953,202.0504171,
75954,204.6159424,
75955,206.0739632,
75956,207.7885854,
75957,209.8838916,
75958,211.2941041,
75959,211.7023983,
75960,211.4987263,
75961,213.3585125,
75962,214.0737765,
75963,214.7513713,
75964,215.2234073,
75965,215.325545,
75966,216.0286275,
75967,216.8623053,
75968,217.8393728,
75969,217.8365281,
75970,218.5127826,
75971,219.3718507,
75972,219.4780129,
75973,220.1271136,
75974,220.3733519,
75975,220.8951939,
75976,221.5223542,
75977,221.957284,
75978,222.1821438,
75979,223.0332843,
75980,223.8551137,
75981,224.3789861,
75982,224.1741982,
75983,224.2920447,
75984,224.2751682,
75985,224.7421139,
75986,224.8031298,
75987,224.998562,
75988,224.56668,
75989,223.7584103,
75990,223.4943984,
75991,222.8101023,
75992,222.6196189,
75993,222.4289035,
75994,222.2317285,
75995,222.6420905,
75996,222.2143,
75997,221.7518851,
75998,220.905385,
75999,220.5033163,
76000,220.0714951,
76001,219.6156905,
76002,218.9172057,
76003,218.3071901,
76004,218.336237,
76005,218.3220745,
76006,217.3169249,
76007,216.7961917,
76008,216.9812416,
76009,216.6841353,
76010,216.4001539,
76011,216.6779164,
76012,216.8590531,
76013,217.1187614,
76014,217.7318617,
76015,217.943214,
76016,218.4746331,
76017,218.4294982,
76018,218.7564652,
76019,218.8373071,
76020,219.2871308,
76021,219.6813055,
76022,219.7534824,
76023,220.2468996,
76024,220.5444396,
76025,220.9951959,
76026,221.1627456,
76027,221.2455602,
76028,221.562707,
76029,222.1423035,
76030,222.3766343,
76031,222.9745931,
76032,223.4139707,
76033,223.6620933,
76034,223.7870314,
76035,223.9100884,
76036,224.4976052,
76037,225.0217708,
76038,225.7035504,
76039,225.7408029,
76040,225.6796291,
76041,225.459141,
76042,225.2365223,
76043,224.7904752,
76044,224.4697783,
76045,224.0028818,
76046,223.1458679,
76047,222.5517832,
76048,222.3183541,
76049,221.8440521,
76050,221.0830906,
76051,220.2690008,
76052,219.7776431,
76053,219.6569451,
76054,218.8356829,
76055,217.6403964,
76056,216.636631,
76057,215.8176481,
76058,215.2166713,
76059,213.3348761,
76060,211.5875054,
76061,211.2382474,
76062,209.7395904,
76063,208.3015726,
76064,206.4291685,
76065,205.3556104,
76066,203.6798289,
76067,201.9387145,
76068,200.6844407,
76069,200.7616541,
76070,199.4502131,
76071,198.1161565,
76072,195.7026849,
76073,193.9833939,
76074,193.8905179,
76075,192.1256337,
76076,189.7704851,
76077,186.5942957,
76078,185.1561467,
76079,184.7845583,
76080,182.1611776,
76081,178.4475675,
76082,178.1743828,
76083,175.8263002,
76084,173.0783649,
76085,170.8209001,
76086,169.9096688,
76087,167.773008,
76088,163.9282437,
76089,162.9359635,
76090,160.9315645,
76091,157.7470785,
76092,156.6118705,
76093,155.9750586,
76094,153.4487538,
76095,150.0473004,
76096,149.3852442,
76097,147.4580802,
76098,144.2766602,
76099,142.1500658,
76100,140.9675621,
76101,139.4498028,
76102,137.8807321,
76103,136.6920059,
76104,135.1292677,
76105,132.6482842,
76106,130.230999,
76107,128.4292329,
76108,127.5304686,
76109,124.4126962,
76110,122.2094161,
76111,121.2925312,
76112,119.1115098,
76113,116.8004273,
76114,116.2704561,
76115,115.7065588,
76116,113.263658,
76117,110.2164353,
76118,109.7399794,
76119,107.9712035,
76120,106.3834864,
76121,105.6612887,
76122,104.8597139,
76123,103.146377,
76124,101.391913,
76125,101.0233569,
76126,100.2982432,
76127,98.97892999,
76128,98.30018627,
76129,98.42523089,
76130,97.62449773,
76131,96.71023899,
76132,96.74380389,
76133,96.78372496,
76134,97.08537542,
76135,96.70281616,
76136,96.93863045,
76137,97.80675316,
76138,98.54829768,
76139,98.97079231,
76140,99.46291301,
76141,100.8216683,
76142,101.7795349,
76143,102.4315081,
76144,103.5394564,
76145,105.4749039,
76146,105.9376889,
76147,107.0279931,
76148,108.8144848,
76149,110.162654,
76150,110.6244604,
76151,111.5962184,
76152,112.6516693,
76153,115.139575,
76154,116.6692375,
76155,117.7675086,
76156,119.2454703,
76157,121.6705641,
76158,122.8261055,
76159,123.9498521,
76160,125.6992851,
76161,128.4159241,
76162,129.8304801,
76163,131.3046849,
76164,132.7988407,
76165,135.4142265,
76166,137.3292387,
76167,137.5651786,
76168,140.1739903,
76169,142.5902067,
76170,144.6074414,
76171,145.3741373,
76172,147.8515327,
76173,150.2668518,
76174,151.7046503,
76175,152.2859453,
76176,154.1674633,
76177,156.963341,
76178,158.4345044,
76179,159.4435186,
76180,160.6363884,
76181,163.1641115,
76182,165.4996836,
76183,165.6017806,
76184,167.8592005,
76185,170.7266602,
76186,172.9862292,
76187,173.4440663,
76188,174.7979146,
76189,176.8054339,
76190,178.8296633,
76191,179.0250021,
76192,180.2003771,
76193,181.6561494,
76194,183.4252305,
76195,185.5151441,
76196,186.8314022,
76197,188.9971123,
76198,191.3682139,
76199,192.4642301,
76200,192.2347906,
76201,194.1666773,
76202,196.7026514,
76203,197.6463071,
76204,198.1832885,
76205,200.2695473,
76206,202.6253591,
76207,204.2349888,
76208,205.1700754,
76209,205.9811688,
76210,208.6596336,
76211,210.7500352,
76212,211.5807314,
76213,212.8672786,
76214,214.5898104,
76215,216.0177729,
76216,216.7402245,
76217,218.1499,
76218,220.0734344,
76219,221.5776503,
76220,221.9612564,
76221,223.2637287,
76222,224.0364717,
76223,224.8190986,
76224,225.4744963,
76225,226.0993078,
76226,226.6903282,
76227,226.9805679,
76228,228.2476756,
76229,229.1963016,
76230,229.4608819,
76231,230.0368773,
76232,231.3605165,
76233,232.6704765,
76234,233.2117964,
76235,234.4906114,
76236,235.8454657,
76237,236.3519327,
76238,236.9803109,
76239,238.4047923,
76240,239.6183767,
76241,239.7874632,
76242,240.236095,
76243,241.3093109,
76244,242.4566189,
76245,243.2179427,
76246,243.4611964,
76247,244.3361174,
76248,245.3846077,
76249,246.1365854,
76250,245.8483685,
76251,245.7826619,
76252,246.1766208,
76253,246.816525,
76254,246.9250947,
76255,246.8753796,
76256,246.7875761,
76257,246.3419896,
76258,246.2315239,
76259,245.7978372,
76260,245.5437521,
76261,245.0575186,
76262,244.9220555,
76263,244.9601022,
76264,244.1545646,
76265,243.8456157,
76266,242.6443506,
76267,242.7031125,
76268,241.9576562,
76269,240.9926871,
76270,239.6838234,
76271,238.1331197,
76272,237.8592273,
76273,236.879839,
76274,235.5663559,
76275,233.7402645,
76276,233.1712739,
76277,232.0302419,
76278,230.1327199,
76279,228.8778983,
76280,228.5385363,
76281,227.7588547,
76282,226.6330969,
76283,223.6001744,
76284,223.0150142,
76285,221.2209803,
76286,218.6081813,
76287,217.647212,
76288,216.8116044,
76289,215.5474382,
76290,214.2182154,
76291,212.9287657,
76292,212.5615968,
76293,211.0662609,
76294,208.3479087,
76295,205.4553613,
76296,203.6804111,
76297,202.840986,
76298,200.9137807,
76299,198.1716021,
76300,196.7158215,
76301,195.2030875,
76302,192.5637416,
76303,190.3050695,
76304,189.7730688,
76305,187.536875,
76306,185.0844565,
76307,183.2511354,
76308,181.0159517,
76309,177.3659688,
76310,175.3736061,
76311,174.9592093,
76312,171.9298176,
76313,169.4835528,
76314,168.3442247,
76315,166.2458339,
76316,163.3328969,
76317,160.9537392,
76318,160.2657989,
76319,157.2108941,
76320,155.6002786,
76321,154.0598954,
76322,152.4404102,
76323,149.2599778,
76324,146.6437594,
76325,146.95885,
76326,144.7944494,
76327,141.493355,
76328,139.806501,
76329,138.1468025,
76330,135.5286354,
76331,132.3512345,
76332,131.5551996,
76333,129.5520718,
76334,127.1097568,
76335,124.3681507,
76336,123.7087582,
76337,122.1513195,
76338,119.496197,
76339,118.2362188,
76340,116.8343895,
76341,114.3684805,
76342,111.7807999,
76343,109.5048966,
76344,108.9440874,
76345,106.7236056,
76346,103.910421,
76347,102.8542757,
76348,101.5641731,
76349,99.67105996,
76350,97.85385876,
76351,97.45292925,
76352,96.62778952,
76353,94.87786497,
76354,94.3176967,
76355,94.07701257,
76356,93.28400485,
76357,93.46309279,
76358,93.41194217,
76359,93.59074855,
76360,93.94699288,
76361,93.9264254,
76362,93.7649456,
76363,93.56685118,
76364,93.89429067,
76365,94.41910429,
76366,94.28550744,
76367,94.51348153,
76368,94.84386509,
76369,95.32656357,
76370,96.02565142,
76371,96.51184573,
76372,97.11361355,
76373,97.85308335,
76374,99.21806443,
76375,99.58916284,
76376,100.5892377,
76377,101.5582332,
76378,102.9016654,
76379,104.0974579,
76380,104.8626649,
76381,105.9709732,
76382,108.5181282,
76383,109.4882724,
76384,110.5856646,
76385,112.8517122,
76386,113.4209437,
76387,114.4259663,
76388,116.436411,
76389,118.8015456,
76390,119.0435843,
76391,120.5432339,
76392,123.2538949,
76393,124.8383819,
76394,125.320755,
76395,127.3375854,
76396,129.8118341,
76397,131.9314644,
76398,132.3250603,
76399,135.2728078,
76400,138.5158035,
76401,139.5234028,
76402,141.1947574,
76403,144.0855499,
76404,146.6603424,
76405,147.2559375,
76406,150.6823039,
76407,153.2907481,
76408,154.4091489,
76409,155.6841547,
76410,158.7105926,
76411,161.2400725,
76412,161.9640452,
76413,164.4911657,
76414,168.137174,
76415,169.1571531,
76416,170.4515966,
76417,171.8714416,
76418,173.7433944,
76419,174.7637263,
76420,175.0146495,
76421,175.4883591,
76422,177.400557,
76423,179.9964911,
76424,181.3117603,
76425,182.6993959,
76426,184.9534737,
76427,186.8183901,
76428,186.9125844,
76429,189.2223011,
76430,191.9795831,
76431,193.014454,
76432,193.6664058,
76433,196.0344139,
76434,199.0935333,
76435,199.6150768,
76436,200.6072767,
76437,203.7152825,
76438,205.3024504,
76439,206.0501742,
76440,206.8448733,
76441,208.9880741,
76442,210.5603205,
76443,210.4555932,
76444,211.6475583,
76445,212.6759805,
76446,213.367457,
76447,213.6882224,
76448,214.6026757,
76449,215.6269961,
76450,216.9393789,
76451,217.0404356,
76452,217.5905436,
76453,218.2436734,
76454,218.0992799,
76455,218.3556486,
76456,218.7833908,
76457,218.7625572,
76458,218.6593946,
76459,218.2986851,
76460,218.1364275,
76461,218.2374104,
76462,218.4222684,
76463,218.486474,
76464,218.6281574,
76465,218.8011257,
76466,218.8162574,
76467,218.7011919,
76468,218.4789299,
76469,218.0390674,
76470,217.6362231,
76471,217.5245872,
76472,217.3175807,
76473,216.7239323,
76474,215.6570883,
76475,215.124748,
76476,213.9911196,
76477,213.3848947,
76478,212.7793967,
76479,212.3194058,
76480,211.427959,
76481,210.4916592,
76482,209.5036322,
76483,208.8578754,
76484,208.4818448,
76485,206.9092967,
76486,205.6437136,
76487,204.9958696,
76488,205.1786945,
76489,204.0710516,
76490,202.8073314,
76491,201.7409923,
76492,201.263023,
76493,200.2485948,
76494,197.7929868,
76495,197.2170852,
76496,197.2109418,
76497,195.6719515,
76498,194.020157,
76499,193.0955495,
76500,191.7721491,
76501,190.5606922,
76502,189.4038463,
76503,188.1743324,
76504,187.6417135,
76505,186.6816471,
76506,185.4082696,
76507,184.0211085,
76508,183.4371262,
76509,182.6030769,
76510,181.455877,
76511,179.834157,
76512,178.3095529,
76513,177.2694755,
76514,176.4288569,
76515,175.2688622,
76516,172.9021991,
76517,170.4838322,
76518,169.892811,
76519,167.8260404,
76520,164.6451412,
76521,162.664242,
76522,161.921905,
76523,159.2106776,
76524,156.4665355,
76525,154.6160372,
76526,152.7494862,
76527,149.3961316,
76528,147.1830453,
76529,146.8953961,
76530,144.3000261,
76531,141.1305758,
76532,139.7178978,
76533,138.8082279,
76534,135.2166293,
76535,132.5122854,
76536,131.9252046,
76537,129.9822687,
76538,127.3284644,
76539,124.4374014,
76540,123.929028,
76541,122.1874772,
76542,119.9611595,
76543,118.2868317,
76544,117.1978341,
76545,114.7601266,
76546,112.4588211,
76547,112.4131979,
76548,111.5408676,
76549,109.8919712,
76550,108.4007744,
76551,108.175231,
76552,107.2125065,
76553,106.3755077,
76554,104.9437151,
76555,104.2596743,
76556,103.3942465,
76557,101.5089095,
76558,100.7843277,
76559,100.7699005,
76560,99.09676221,
76561,98.21060776,
76562,97.84011814,
76563,96.92996237,
76564,96.18261198,
76565,95.97923442,
76566,95.89133331,
76567,95.90980802,
76568,95.74205955,
76569,95.64128479,
76570,95.53660879,
76571,96.1113493,
76572,96.66260694,
76573,97.00436969,
76574,97.3498162,
76575,97.7507476,
76576,98.77641641,
76577,99.94882484,
76578,100.1380079,
76579,100.4357675,
76580,101.0424536,
76581,101.8055787,
76582,103.3670856,
76583,103.5009063,
76584,104.1067686,
76585,105.3842658,
76586,106.800242,
76587,107.6847193,
76588,108.2369846,
76589,109.296228,
76590,109.8785762,
76591,110.1167555,
76592,110.3785342,
76593,110.3651108,
76594,110.8891127,
76595,111.1026634,
76596,110.7437853,
76597,110.8126052,
76598,111.3575658,
76599,111.7806458,
76600,111.9870336,
76601,112.007233,
76602,113.0560762,
76603,113.6861832,
76604,114.2883677,
76605,114.9306892,
76606,115.5885203,
76607,115.9847794,
76608,116.5249127,
76609,117.0353891,
76610,118.6245092,
76611,119.642136,
76612,120.2244764,
76613,121.3752733,
76614,122.6729178,
76615,123.4802586,
76616,124.0314767,
76617,125.5169118,
76618,126.1108163,
76619,127.5775407,
76620,127.9492349,
76621,128.441725,
76622,128.7727069,
76623,130.2093332,
76624,132.1177869,
76625,132.2699124,
76626,133.3437417,
76627,134.9329217,
76628,136.2793662,
76629,136.6506421,
76630,136.8445811,
76631,138.4922266,
76632,140.5046769,
76633,141.7089761,
76634,142.9184105,
76635,144.1463458,
76636,146.5582339,
76637,146.953886,
76638,146.9303251,
76639,147.7317369,
76640,150.8003929,
76641,151.732475,
76642,152.4006555,
76643,154.324752,
76644,156.1769533,
76645,156.5279635,
76646,157.5644021,
76647,159.4712067,
76648,161.1134899,
76649,161.585225,
76650,163.3595994,
76651,165.0411948,
76652,165.5710885,
76653,167.3106583,
76654,169.3822194,
76655,170.7499258,
76656,171.3303756,
76657,172.4597783,
76658,174.0392931,
76659,175.4639615,
76660,176.417153,
76661,178.6204441,
76662,180.1057151,
76663,181.2037345,
76664,182.7447614,
76665,184.9076236,
76666,186.9743519,
76667,187.576709,
76668,189.2817982,
76669,191.155195,
76670,192.3453935,
76671,193.3356923,
76672,195.3790146,
76673,196.8404337,
76674,197.7981767,
76675,199.8544601,
76676,202.3294386,
76677,202.6190932,
76678,203.6981144,
76679,206.0276013,
76680,206.9645034,
76681,207.4568055,
76682,208.1641323,
76683,209.9225563,
76684,210.5704304,
76685,211.5960755,
76686,213.0217155,
76687,214.4610136,
76688,214.9982508,
76689,215.1269768,
76690,216.2005618,
76691,218.0095825,
76692,218.1662427,
76693,218.6759027,
76694,220.3197542,
76695,222.0484241,
76696,223.1212825,
76697,223.6485779,
76698,225.3073749,
76699,227.2602096,
76700,228.2880974,
76701,228.7982868,
76702,229.9641309,
76703,231.0037675,
76704,231.3234367,
76705,232.4544766,
76706,233.5329331,
76707,234.1624256,
76708,233.9862734,
76709,234.4518748,
76710,234.6221376,
76711,234.3233527,
76712,234.3123232,
76713,233.7541067,
76714,233.6464692,
76715,233.7511423,
76716,233.6540752,
76717,233.9967394,
76718,233.9101637,
76719,233.8824684,
76720,233.6133433,
76721,233.2887533,
76722,232.5627708,
76723,232.4222183,
76724,231.5679103,
76725,230.5297656,
76726,229.8953816,
76727,229.8789615,
76728,229.816889,
76729,229.031152,
76730,227.8816175,
76731,227.5883261,
76732,227.109506,
76733,226.610477,
76734,225.5460617,
76735,224.8076317,
76736,224.5611329,
76737,224.3019259,
76738,223.7724217,
76739,222.8739051,
76740,221.6272497,
76741,220.7306456,
76742,219.9200109,
76743,218.6714218,
76744,217.1593233,
76745,217.0128945,
76746,216.4118675,
76747,215.1585466,
76748,213.9410075,
76749,212.6793041,
76750,212.4769509,
76751,211.2712361,
76752,210.1864556,
76753,208.7547139,
76754,208.5385793,
76755,207.427639,
76756,206.1365396,
76757,205.5547605,
76758,204.9929316,
76759,203.9249303,
76760,202.7530258,
76761,202.5458387,
76762,202.671824,
76763,201.853464,
76764,201.4455991,
76765,201.3078563,
76766,200.9304038,
76767,199.8269949,
76768,199.0493464,
76769,198.6295136,
76770,197.8199126,
76771,197.3144931,
76772,196.662794,
76773,196.5047922,
76774,196.0231344,
76775,194.8844135,
76776,194.4777572,
76777,194.5800793,
76778,194.2795641,
76779,194.0842248,
76780,193.7218505,
76781,193.8849567,
76782,193.5525534,
76783,193.4570333,
76784,193.4521477,
76785,193.3439812,
76786,192.7914005,
76787,192.2942939,
76788,191.4951149,
76789,191.1903465,
76790,190.4906297,
76791,189.4271086,
76792,187.9062547,
76793,187.6812289,
76794,187.040746,
76795,185.9948496,
76796,184.8659993,
76797,183.6751015,
76798,183.1051577,
76799,182.111243,
76800,181.1026373,
76801,179.5596345,
76802,178.892938,
76803,178.014096,
76804,176.2991805,
76805,174.4250216,
76806,173.8929431,
76807,172.768149,
76808,169.855844,
76809,167.5270684,
76810,167.0259919,
76811,164.951875,
76812,163.0993298,
76813,162.168741,
76814,161.3873293,
76815,159.7068189,
76816,156.8141126,
76817,155.3554226,
76818,154.4573775,
76819,152.9345815,
76820,151.0447236,
76821,150.3054439,
76822,150.4005996,
76823,148.9472151,
76824,147.4858992,
76825,145.823421,
76826,145.1387769,
76827,144.0670351,
76828,141.9957458,
76829,139.7737743,
76830,139.046121,
76831,137.1504124,
76832,134.5752869,
76833,133.6463938,
76834,132.8240686,
76835,130.8902768,
76836,129.4195509,
76837,128.8343319,
76838,128.0790511,
76839,126.1778979,
76840,123.9276244,
76841,123.6089977,
76842,122.326103,
76843,120.4332161,
76844,119.7291989,
76845,119.1231434,
76846,117.0627383,
76847,116.5060791,
76848,115.8156463,
76849,114.4011539,
76850,113.0346504,
76851,112.6668455,
76852,112.6280936,
76853,112.5708771,
76854,112.6148014,
76855,112.4626214,
76856,111.9477361,
76857,111.6856631,
76858,111.3419443,
76859,111.351832,
76860,111.4291917,
76861,111.8252675,
76862,112.0553851,
76863,111.9772238,
76864,111.8699379,
76865,112.121161,
76866,112.7668146,
76867,113.1867306,
76868,114.0122115,
76869,114.4597642,
76870,114.7964891,
76871,114.7863969,
76872,115.6521197,
76873,116.9589971,
76874,117.8129936,
76875,120.0990666,
76876,121.4402,
76877,121.8737867,
76878,122.7964835,
76879,124.1763673,
76880,124.9041234,
76881,125.6185286,
76882,126.7593188,
76883,129.3802434,
76884,130.7706397,
76885,131.3245199,
76886,132.9684542,
76887,134.6737827,
76888,136.7570908,
76889,137.8980136,
76890,139.2043985,
76891,142.1960041,
76892,143.9129226,
76893,144.4982111,
76894,145.7832727,
76895,148.4759354,
76896,150.4751898,
76897,151.1609398,
76898,153.9578086,
76899,157.4642802,
76900,157.961676,
76901,159.4489571,
76902,161.9829141,
76903,164.4649876,
76904,165.7736087,
76905,166.8022599,
76906,169.0564222,
76907,171.9232321,
76908,173.5248801,
76909,174.5778721,
76910,177.2446429,
76911,180.0026252,
76912,180.9407794,
76913,183.6248057,
76914,186.9830511,
76915,187.7426544,
76916,188.374291,
76917,190.6606865,
76918,191.6260886,
76919,192.5779735,
76920,194.6320169,
76921,195.8544346,
76922,197.8169994,
76923,200.2428406,
76924,201.9511922,
76925,201.6598328,
76926,204.7887325,
76927,207.6908692,
76928,208.6823892,
76929,210.8410645,
76930,213.3400396,
76931,215.7548401,
76932,216.3619844,
76933,218.3270799,
76934,220.554443,
76935,221.0305844,
76936,222.0706932,
76937,225.5355015,
76938,227.3674309,
76939,227.5113212,
76940,228.8876676,
76941,229.9682573,
76942,231.325564,
76943,231.2753624,
76944,231.142233,
76945,232.2513135,
76946,233.6800309,
76947,234.5045698,
76948,235.7217229,
76949,236.9418546,
76950,238.3160079,
76951,238.4436628,
76952,239.2860803,
76953,239.9034367,
76954,240.1067249,
76955,240.4765732,
76956,240.5385402,
76957,241.1631763,
76958,241.5306734,
76959,241.9056215,
76960,241.8981407,
76961,241.7362386,
76962,241.6435003,
76963,241.4497373,
76964,241.5568576,
76965,241.564898,
76966,241.3847285,
76967,241.5388522,
76968,241.6950589,
76969,241.8541588,
76970,241.4086278,
76971,241.1883517,
76972,241.0916774,
76973,240.7362306,
76974,240.584473,
76975,240.5305445,
76976,240.4229006,
76977,240.7565445,
76978,239.8503072,
76979,239.4996293,
76980,239.410544,
76981,238.6866465,
76982,238.1420609,
76983,238.2988189,
76984,238.1773755,
76985,238.0154613,
76986,237.2857385,
76987,235.9597406,
76988,235.7470302,
76989,234.979871,
76990,233.5802413,
76991,232.7139148,
76992,232.3793835,
76993,231.6418472,
76994,230.7194369,
76995,229.7720603,
76996,229.0609891,
76997,228.3786229,
76998,227.2533238,
76999,225.9249536,
77000,225.0170144,
77001,224.2431449,
77002,223.6631108,
77003,222.7955672,
77004,221.4914346,
77005,220.4020075,
77006,219.5201376,
77007,217.8198879,
77008,216.7380107,
77009,216.40788,
77010,216.4317286,
77011,215.4887524,
77012,213.7461819,
77013,213.3443725,
77014,212.7601426,
77015,212.1947863,
77016,211.1611533,
77017,210.0221069,
77018,210.1166732,
77019,209.002466,
77020,207.1822854,
77021,206.7615932,
77022,206.078889,
77023,205.3489983,
77024,203.8480491,
77025,202.9511531,
77026,202.4850198,
77027,201.7625421,
77028,200.1389222,
77029,199.4368093,
77030,197.9735327,
77031,196.3385418,
77032,194.6372947,
77033,193.6485249,
77034,193.006518,
77035,191.1342652,
77036,189.6778525,
77037,187.5183891,
77038,187.119579,
77039,184.7618453,
77040,182.1001065,
77041,181.0684626,
77042,180.1114859,
77043,178.5706678,
77044,176.2257375,
77045,174.594009,
77046,173.785276,
77047,171.4727187,
77048,168.2248344,
77049,166.5268715,
77050,164.8537875,
77051,162.5941933,
77052,159.759489,
77053,158.7042665,
77054,156.5689627,
77055,153.2255123,
77056,152.1772265,
77057,151.26385,
77058,149.091517,
77059,146.4757152,
77060,145.2927759,
77061,143.8432746,
77062,141.4672241,
77063,139.713993,
77064,139.1831528,
77065,137.1984146,
77066,135.3858039,
77067,133.7723635,
77068,132.7172198,
77069,131.1251872,
77070,129.2415207,
77071,128.8507449,
77072,128.3157485,
77073,126.4102985,
77074,124.1307906,
77075,123.3573521,
77076,121.855015,
77077,119.5624571,
77078,117.447432,
77079,116.8266219,
77080,115.2812185,
77081,113.7596079,
77082,112.6536925,
77083,112.2595994,
77084,111.6529576,
77085,109.7846767,
77086,108.4086972,
77087,108.2828062,
77088,107.3885703,
77089,106.5946492,
77090,105.9721679,
77091,105.9006683,
77092,105.038778,
77093,104.5169355,
77094,104.4618997,
77095,104.2117925,
77096,104.512192,
77097,105.0026364,
77098,105.3546408,
77099,105.8303433,
77100,106.7310869,
77101,106.957236,
77102,107.4463579,
77103,107.9465512,
77104,108.7539733,
77105,109.7391306,
77106,111.5051773,
77107,112.7902237,
77108,112.9637835,
77109,113.5969737,
77110,115.2771646,
77111,116.6964647,
77112,117.6722601,
77113,118.8809817,
77114,120.8681863,
77115,121.7154354,
77116,122.8290211,
77117,124.6091017,
77118,126.0641315,
77119,126.5099927,
77120,127.9921052,
77121,130.3876374,
77122,131.5889702,
77123,132.1323953,
77124,133.3908562,
77125,134.7398376,
77126,136.2311615,
77127,137.2832066,
77128,137.5013845,
77129,139.776334,
77130,142.807591,
77131,143.424046,
77132,144.011188,
77133,145.7429537,
77134,146.7215636,
77135,148.5941178,
77136,149.1391576,
77137,150.7743758,
77138,153.0998966,
77139,153.8030043,
77140,155.790688,
77141,156.787357,
77142,159.1942631,
77143,162.2959009,
77144,163.6640179,
77145,164.2857542,
77146,167.5366719,
77147,170.7863383,
77148,171.2058957,
77149,173.9132087,
77150,176.0787192,
77151,177.1590475,
77152,178.8564344,
77153,180.792064,
77154,181.9468196,
77155,183.3029011,
77156,184.8993124,
77157,186.0410308,
77158,188.3516868,
77159,190.4270087,
77160,191.3111952,
77161,193.1946574,
77162,196.7480822,
77163,198.1532226,
77164,199.1209427,
77165,201.9259466,
77166,204.5198115,
77167,204.7732074,
77168,206.7525693,
77169,209.9226295,
77170,211.204926,
77171,212.2188981,
77172,215.0217119,
77173,216.2173202,
77174,216.7293977,
77175,217.9363686,
77176,219.9806209,
77177,222.5371852,
77178,223.3367189,
77179,225.5981515,
77180,227.8643643,
77181,229.2935515,
77182,229.5824216,
77183,231.8145573,
77184,234.2047767,
77185,234.6745164,
77186,235.3438207,
77187,237.3127798,
77188,239.3464678,
77189,239.2491484,
77190,240.0964282,
77191,241.2604144,
77192,242.2663963,
77193,243.4798778,
77194,243.92481,
77195,244.9276205,
77196,245.6395043,
77197,245.7247394,
77198,245.7589424,
77199,246.8797065,
77200,247.4329111,
77201,248.3324853,
77202,249.0338009,
77203,249.4678029,
77204,249.0908605,
77205,248.7894073,
77206,248.5955027,
77207,249.1650969,
77208,249.0762091,
77209,248.7607592,
77210,248.3683973,
77211,247.9266577,
77212,247.6628049,
77213,247.323005,
77214,246.2086278,
77215,245.4187033,
77216,245.3790626,
77217,245.1871031,
77218,244.9032514,
77219,244.2523009,
77220,243.7317074,
77221,243.1256426,
77222,242.713781,
77223,242.1486639,
77224,240.7546229,
77225,240.5457293,
77226,240.9159713,
77227,241.085176,
77228,240.810254,
77229,241.2473393,
77230,241.2000795,
77231,241.5119095,
77232,241.4670144,
77233,241.2135786,
77234,241.3825677,
77235,241.2365863,
77236,241.4978181,
77237,241.1935531,
77238,240.8788104,
77239,240.5968632,
77240,240.5019272,
77241,239.9848139,
77242,239.7358936,
77243,239.9104847,
77244,239.8259013,
77245,239.6383467,
77246,239.3322692,
77247,238.66583,
77248,238.4565996,
77249,237.8679047,
77250,237.4057105,
77251,236.0902042,
77252,235.0869427,
77253,234.3823866,
77254,233.4922977,
77255,232.1287757,
77256,231.0577339,
77257,230.3031225,
77258,229.5142945,
77259,228.2859349,
77260,226.8587408,
77261,225.4388633,
77262,225.28423,
77263,224.7143106,
77264,223.424215,
77265,222.2548142,
77266,221.2785054,
77267,220.4829674,
77268,219.7125852,
77269,217.8608499,
77270,215.9972429,
77271,215.0938989,
77272,213.9709367,
77273,212.997793,
77274,210.8207291,
77275,209.8467383,
77276,209.3729825,
77277,206.2891046,
77278,203.9458926,
77279,202.7953777,
77280,201.897835,
77281,200.5715169,
77282,198.5634048,
77283,195.2478965,
77284,194.1596542,
77285,193.3739606,
77286,191.2368587,
77287,189.4466236,
77288,188.2861979,
77289,187.9340306,
77290,186.3531917,
77291,183.8947635,
77292,182.3100077,
77293,181.427232,
77294,179.0664852,
77295,176.2842731,
77296,174.572704,
77297,172.7507528,
77298,170.8113737,
77299,168.4443678,
77300,167.4123646,
77301,166.5036857,
77302,164.3398708,
77303,162.3595986,
77304,161.1735553,
77305,160.3033928,
77306,158.3312672,
77307,156.2211471,
77308,153.540768,
77309,153.1461979,
77310,150.7284443,
77311,147.3696344,
77312,146.2389979,
77313,145.0525757,
77314,143.0096032,
77315,139.9886378,
77316,138.9926518,
77317,137.2994512,
77318,133.6000379,
77319,131.4681578,
77320,131.1805385,
77321,129.9372625,
77322,128.1608166,
77323,125.769306,
77324,123.5767885,
77325,123.0378006,
77326,120.5490453,
77327,118.8754728,
77328,117.4343039,
77329,115.739229,
77330,113.7947116,
77331,111.7616405,
77332,110.6570063,
77333,109.522494,
77334,106.8259513,
77335,106.0304038,
77336,105.3847568,
77337,103.7375566,
77338,102.1089814,
77339,101.5365034,
77340,100.8322809,
77341,99.02476666,
77342,98.03484988,
77343,97.88456474,
77344,96.87012576,
77345,95.41177007,
77346,94.02354794,
77347,93.89067116,
77348,93.37667837,
77349,92.22340447,
77350,91.10286637,
77351,90.52406152,
77352,89.72178413,
77353,88.42283994,
77354,87.68479211,
77355,87.37289306,
77356,86.48750846,
77357,85.4782688,
77358,84.51278304,
77359,83.81128358,
77360,83.84653075,
77361,82.92880802,
77362,82.21746455,
77363,81.82286933,
77364,81.92634698,
77365,82.00449194,
77366,81.41112196,
77367,81.2317024,
77368,81.37414781,
77369,81.47097065,
77370,81.82182441,
77371,81.90463137,
77372,82.4442604,
77373,83.07321296,
77374,83.99543,
77375,84.81743347,
77376,85.27761605,
77377,86.22133152,
77378,87.39538498,
77379,88.82342465,
77380,88.98283676,
77381,89.37656042,
77382,91.42857464,
77383,93.26269058,
77384,93.80869275,
77385,94.87488686,
77386,97.57786764,
77387,98.92053851,
77388,99.59576599,
77389,100.9933121,
77390,103.7124251,
77391,106.07304,
77392,107.0940608,
77393,109.0096132,
77394,111.0387628,
77395,112.6263206,
77396,113.0209224,
77397,115.4099782,
77398,117.9991873,
77399,119.9525631,
77400,120.7836969,
77401,122.4214982,
77402,125.714617,
77403,126.7447076,
77404,128.7455222,
77405,131.8435256,
77406,133.9950173,
77407,134.2588119,
77408,136.6329085,
77409,139.5619284,
77410,141.624823,
77411,141.8348076,
77412,143.6861073,
77413,146.5797688,
77414,148.8907237,
77415,149.2468556,
77416,151.8344698,
77417,154.5974697,
77418,155.1392124,
77419,156.577779,
77420,158.4479833,
77421,160.0936037,
77422,161.7665263,
77423,161.5648146,
77424,163.3364835,
77425,165.0689732,
77426,166.4307437,
77427,167.581256,
77428,169.3489111,
77429,172.0141934,
77430,172.4933889,
77431,173.2458596,
77432,175.4704324,
77433,177.2333477,
77434,178.1926713,
77435,178.6038251,
77436,180.7698818,
77437,182.5647356,
77438,182.9056361,
77439,183.8062997,
77440,185.4585593,
77441,186.8108083,
77442,187.1406522,
77443,187.1328017,
77444,188.7039614,
77445,189.9564606,
77446,190.2395619,
77447,191.2941564,
77448,192.4977979,
77449,193.1016195,
77450,193.2222476,
77451,194.2867431,
77452,195.300842,
77453,195.5198069,
77454,196.5501297,
77455,197.695292,
77456,198.8664421,
77457,199.3091467,
77458,199.9053572,
77459,200.7189584,
77460,201.616217,
77461,202.9973545,
77462,203.3785835,
77463,203.8495879,
77464,206.6758458,
77465,207.5841189,
77466,207.9918497,
77467,209.1828193,
77468,209.9424659,
77469,210.8889027,
77470,210.7335595,
77471,211.9238766,
77472,213.1308763,
77473,213.4191034,
77474,213.333702,
77475,213.5511018,
77476,214.08957,
77477,214.4119684,
77478,214.4387912,
77479,214.2095674,
77480,213.8736885,
77481,214.1487669,
77482,214.2276255,
77483,213.936426,
77484,214.1306443,
77485,214.0648111,
77486,214.0758109,
77487,214.551103,
77488,214.9272161,
77489,214.9550148,
77490,214.6783306,
77491,214.2802654,
77492,214.0390946,
77493,213.9126237,
77494,213.8894925,
77495,214.3008822,
77496,214.2789275,
77497,214.0001525,
77498,213.8250467,
77499,213.6394592,
77500,213.3622885,
77501,213.4454261,
77502,213.2158299,
77503,213.8204687,
77504,214.1250042,
77505,214.0228064,
77506,213.7096641,
77507,213.2738525,
77508,212.4411705,
77509,211.9341683,
77510,211.7827479,
77511,211.206375,
77512,210.3593846,
77513,210.2855578,
77514,210.1831835,
77515,210.1893714,
77516,209.5182714,
77517,207.9422174,
77518,206.6328562,
77519,205.4694974,
77520,205.2329333,
77521,203.9641015,
77522,202.289562,
77523,201.3187212,
77524,199.7425489,
77525,197.3585818,
77526,196.386392,
77527,195.9657893,
77528,194.8013137,
77529,192.6557458,
77530,191.4821992,
77531,190.5775575,
77532,188.2149263,
77533,185.6810779,
77534,185.0084537,
77535,184.6706034,
77536,183.2834318,
77537,181.5010147,
77538,179.4316776,
77539,179.0838281,
77540,177.4271292,
77541,173.9415113,
77542,172.5485842,
77543,171.9917862,
77544,170.8506852,
77545,168.192353,
77546,166.1696237,
77547,165.5516854,
77548,163.2810325,
77549,161.5569222,
77550,160.592672,
77551,160.5779247,
77552,158.7754217,
77553,157.1639266,
77554,155.4655078,
77555,154.3353442,
77556,152.9477457,
77557,151.5333353,
77558,150.4667518,
77559,150.1942112,
77560,149.2493556,
77561,147.9152342,
77562,147.530332,
77563,146.642862,
77564,145.8347541,
77565,144.5873235,
77566,143.933797,
77567,143.0622176,
77568,142.5947451,
77569,140.2818166,
77570,138.9758425,
77571,138.1591949,
77572,137.1981209,
77573,135.5109532,
77574,134.2480989,
77575,134.3158065,
77576,133.4911674,
77577,132.5433552,
77578,130.5618136,
77579,130.4276765,
77580,129.0126821,
77581,127.3484757,
77582,126.3485579,
77583,125.9992737,
77584,124.427933,
77585,122.6866247,
77586,120.9685373,
77587,119.9443154,
77588,117.8051783,
77589,115.3533757,
77590,114.5046359,
77591,113.6282086,
77592,111.3632271,
77593,109.1917715,
77594,108.1226225,
77595,106.9234573,
77596,103.8932888,
77597,102.6859849,
77598,102.0328249,
77599,100.3245487,
77600,97.97232357,
77601,96.89038629,
77602,96.18154037,
77603,95.03224327,
77604,94.49463744,
77605,93.2611114,
77606,92.13242975,
77607,90.93141453,
77608,90.70338418,
77609,91.01409194,
77610,90.87671861,
77611,89.84692459,
77612,89.58920971,
77613,89.51135345,
77614,89.50190428,
77615,89.61580878,
77616,89.98306841,
77617,90.550858,
77618,91.09813243,
77619,91.51426597,
77620,91.64041636,
77621,92.29597971,
77622,92.99592632,
77623,93.74351303,
77624,94.21411391,
77625,95.91666328,
77626,96.97561531,
77627,97.40875851,
77628,98.56571745,
77629,100.6135856,
77630,101.4392444,
77631,102.3864297,
77632,104.2105487,
77633,106.0094685,
77634,107.0537761,
77635,108.2212656,
77636,110.4186648,
77637,112.3470012,
77638,112.9675199,
77639,115.5670992,
77640,118.2108382,
77641,118.6717953,
77642,119.8659625,
77643,122.2736828,
77644,124.2517792,
77645,124.9756929,
77646,126.8081307,
77647,129.0031779,
77648,130.8121237,
77649,132.0000338,
77650,133.2349669,
77651,134.8257034,
77652,136.2046548,
77653,136.7924225,
77654,137.6062259,
77655,137.9884507,
77656,140.0867882,
77657,142.4521938,
77658,144.8721482,
77659,145.1922293,
77660,147.4123438,
77661,150.1208153,
77662,152.190504,
77663,152.1573152,
77664,155.021823,
77665,158.7105112,
77666,159.6890168,
77667,161.7735728,
77668,164.8781466,
77669,168.1967973,
77670,168.0579578,
77671,171.1271654,
77672,173.8316506,
77673,175.2299408,
77674,177.4601224,
77675,179.5194937,
77676,181.6771298,
77677,182.2239112,
77678,184.191243,
77679,186.5644412,
77680,189.2219812,
77681,190.3101273,
77682,192.2196791,
77683,195.0899591,
77684,196.0897014,
77685,197.0828558,
77686,200.8209854,
77687,202.3429931,
77688,202.6808348,
77689,203.9549673,
77690,205.8534787,
77691,207.192377,
77692,207.5933663,
77693,208.7372339,
77694,211.1780189,
77695,211.4887926,
77696,212.3791958,
77697,213.9342069,
77698,215.9472796,
77699,216.9022906,
77700,217.9483682,
77701,219.6986746,
77702,220.8277494,
77703,221.4799569,
77704,223.1968717,
77705,224.9010004,
77706,226.0979388,
77707,226.483252,
77708,228.4785721,
77709,230.4878262,
77710,231.361942,
77711,232.4589448,
77712,234.3190522,
77713,235.546724,
77714,236.3981314,
77715,236.9752621,
77716,237.988526,
77717,238.6086211,
77718,240.5322971,
77719,240.6375016,
77720,241.5347862,
77721,242.0616868,
77722,242.3729621,
77723,242.2142199,
77724,242.9040353,
77725,243.1061124,
77726,243.2385753,
77727,243.3328006,
77728,243.6882096,
77729,243.6863657,
77730,243.5417668,
77731,243.3869693,
77732,242.9246947,
77733,242.6290267,
77734,242.4829946,
77735,242.7370725,
77736,242.6754067,
77737,242.2009208,
77738,241.3913618,
77739,240.9369369,
77740,240.3937979,
77741,239.4047447,
77742,238.7415188,
77743,238.3592166,
77744,238.2126985,
77745,237.9256414,
77746,237.4488344,
77747,236.4788835,
77748,235.9987156,
77749,235.6428918,
77750,235.0159787,
77751,233.8852009,
77752,233.2559876,
77753,232.7933861,
77754,232.6534388,
77755,231.9277386,
77756,230.7150145,
77757,230.1680606,
77758,228.6379464,
77759,227.852863,
77760,226.5130222,
77761,225.657827,
77762,225.7520088,
77763,225.4925438,
77764,224.2423366,
77765,223.3385943,
77766,222.1784736,
77767,221.46681,
77768,220.2516306,
77769,218.0970919,
77770,217.5181491,
77771,216.9346624,
77772,216.1406479,
77773,215.7541754,
77774,214.8779957,
77775,213.8839191,
77776,212.5829465,
77777,211.1546086,
77778,210.3960031,
77779,210.6847945,
77780,210.3425458,
77781,209.0583909,
77782,208.6577272,
77783,208.0519265,
77784,207.1823465,
77785,206.8542716,
77786,207.137445,
77787,206.8093665,
77788,206.357634,
77789,206.2683806,
77790,206.2420018,
77791,205.9135707,
77792,205.4727473,
77793,205.256562,
77794,205.1696006,
77795,205.0376581,
77796,204.5724162,
77797,204.1642934,
77798,203.7303836,
77799,203.1332085,
77800,201.7379817,
77801,200.5792496,
77802,199.7059079,
77803,199.248967,
77804,198.0432758,
77805,196.5760659,
77806,195.9753658,
77807,195.2936325,
77808,194.0504123,
77809,191.8521941,
77810,191.2240459,
77811,190.9621001,
77812,189.7341104,
77813,187.832779,
77814,186.7845968,
77815,185.7741789,
77816,184.2323194,
77817,182.0038638,
77818,181.5533427,
77819,180.9303236,
77820,179.5770236,
77821,177.9211195,
77822,177.1609707,
77823,175.725611,
77824,174.0876263,
77825,172.180475,
77826,171.8304967,
77827,170.7904186,
77828,168.2029907,
77829,166.8214433,
77830,165.9523332,
77831,163.89928,
77832,161.1177257,
77833,160.6645143,
77834,158.6986159,
77835,157.1635566,
77836,156.0071798,
77837,154.955659,
77838,152.9955171,
77839,150.2430358,
77840,149.3180312,
77841,148.025385,
77842,145.7583063,
77843,143.430834,
77844,143.0790824,
77845,140.5693354,
77846,137.7538301,
77847,136.2710226,
77848,135.2589065,
77849,133.2970643,
77850,130.9869015,
77851,128.8872979,
77852,128.5677437,
77853,126.4774137,
77854,124.2205768,
77855,122.0596115,
77856,121.9158165,
77857,121.228899,
77858,119.2289169,
77859,117.4075176,
77860,116.8912783,
77861,116.1498527,
77862,114.4630109,
77863,112.5222246,
77864,111.5130253,
77865,110.9804769,
77866,109.2213865,
77867,107.279638,
77868,105.6986301,
77869,105.4814625,
77870,103.5371291,
77871,101.4194935,
77872,100.7182088,
77873,99.86786329,
77874,97.9031318,
77875,96.58996916,
77876,96.2406733,
77877,95.33253674,
77878,93.52025764,
77879,93.03961284,
77880,92.38655916,
77881,91.56486026,
77882,91.02078778,
77883,91.26437353,
77884,91.09050561,
77885,90.20030469,
77886,90.3607483,
77887,89.58193133,
77888,89.40439626,
77889,89.71857031,
77890,90.16237721,
77891,90.26437644,
77892,90.43327275,
77893,90.4662172,
77894,91.11978291,
77895,91.94487905,
77896,92.80896111,
77897,94.01928114,
77898,95.37763937,
77899,95.7253727,
77900,96.82370088,
77901,99.05745851,
77902,99.93348226,
77903,101.0238743,
77904,103.5859087,
77905,104.9185477,
77906,104.838666,
77907,106.9154834,
77908,109.1497814,
77909,110.3055112,
77910,112.0568946,
77911,114.8232758,
77912,116.1549789,
77913,117.1155472,
77914,119.6464229,
77915,121.7143354,
77916,123.7514603,
77917,125.4349668,
77918,128.2563789,
77919,129.4360567,
77920,131.5255345,
77921,133.4655102,
77922,135.7741918,
77923,136.0718391,
77924,137.0735078,
77925,139.4711497,
77926,141.7139462,
77927,142.5158384,
77928,143.108267,
77929,145.6415843,
77930,149.1418856,
77931,150.4965564,
77932,151.8959891,
77933,154.5546265,
77934,157.9753646,
77935,158.1383572,
77936,161.0847463,
77937,163.9811496,
77938,165.6299046,
77939,166.8069892,
77940,170.1242892,
77941,172.6153483,
77942,173.0064702,
77943,176.4785331,
77944,178.2415219,
77945,178.9315366,
77946,180.7861747,
77947,183.1683607,
77948,185.3104073,
77949,185.9393491,
77950,188.3831581,
77951,190.4083049,
77952,191.9638648,
77953,192.7937124,
77954,194.3361615,
77955,196.2202784,
77956,197.2043954,
77957,199.0787352,
77958,201.4944417,
77959,204.3101304,
77960,204.7890013,
77961,207.1172781,
77962,209.7037416,
77963,210.674133,
77964,212.1242559,
77965,214.358301,
77966,216.2832319,
77967,216.4262102,
77968,218.9658538,
77969,221.4830574,
77970,222.0231496,
77971,223.4133334,
77972,224.6815611,
77973,226.2862967,
77974,227.2590354,
77975,227.1464117,
77976,227.3823516,
77977,228.0369356,
77978,229.1480143,
77979,229.5290291,
77980,230.0227353,
77981,230.4174546,
77982,231.5939699,
77983,231.2502564,
77984,231.6200565,
77985,232.1628345,
77986,233.4310248,
77987,233.707852,
77988,234.3422265,
77989,235.2467511,
77990,235.2662507,
77991,234.9726923,
77992,234.8756472,
77993,234.8598027,
77994,234.9494236,
77995,235.0862735,
77996,235.0707629,
77997,234.7782098,
77998,234.4334516,
77999,234.2416603,
78000,233.907995,
78001,233.3894973,
78002,232.8263801,
78003,232.1191273,
78004,232.1155656,
78005,231.4498154,
78006,230.854861,
78007,229.9560559,
78008,229.6285189,
78009,228.8087045,
78010,227.242979,
78011,225.7157345,
78012,225.5709035,
78013,225.1391466,
78014,223.8528941,
78015,221.3636956,
78016,220.4881852,
78017,219.7917389,
78018,217.7576117,
78019,215.6164981,
78020,215.5915898,
78021,215.1437577,
78022,212.7764428,
78023,211.0218347,
78024,210.7606664,
78025,209.8991009,
78026,206.8188103,
78027,205.066962,
78028,204.3202269,
78029,203.2665817,
78030,201.758145,
78031,200.2276805,
78032,199.8826988,
78033,197.9405598,
78034,195.5601545,
78035,194.995132,
78036,194.4331794,
78037,192.9975691,
78038,191.8800638,
78039,190.834155,
78040,189.9301442,
78041,189.0728118,
78042,187.817755,
78043,187.0749835,
78044,187.093956,
78045,186.388569,
78046,184.8938856,
78047,183.8407608,
78048,183.7183737,
78049,182.7292303,
78050,181.5532697,
78051,181.4228336,
78052,181.2318378,
78053,180.4855275,
78054,179.6534891,
78055,179.2396432,
78056,178.2384554,
78057,177.5994559,
78058,177.097799,
78059,176.787683,
78060,176.6387821,
78061,175.2375948,
78062,174.4087648,
78063,173.6362609,
78064,171.7949545,
78065,170.2776305,
78066,169.9289866,
78067,169.0814376,
78068,168.0192031,
78069,166.7792146,
78070,166.0526437,
78071,165.9536228,
78072,164.1996354,
78073,163.2302724,
78074,162.5657449,
78075,162.3118537,
78076,161.4044307,
78077,159.9286361,
78078,159.8072947,
78079,159.3429071,
78080,157.7288615,
78081,156.2688989,
78082,155.6048676,
78083,154.9827103,
78084,153.4801281,
78085,152.3771774,
78086,150.9023007,
78087,150.1582557,
78088,147.4937994,
78089,146.0039683,
78090,145.6304747,
78091,145.0173611,
78092,143.0675198,
78093,141.4649428,
78094,140.6374739,
78095,139.6104496,
78096,137.5701785,
78097,134.8521057,
78098,134.1251672,
78099,131.9874957,
78100,129.8018372,
78101,127.9738435,
78102,127.5699999,
78103,124.9361267,
78104,122.2269848,
78105,121.0370661,
78106,119.6436758,
78107,117.1023182,
78108,114.9834321,
78109,114.4818079,
78110,112.2413964,
78111,110.0664094,
78112,108.9885705,
78113,107.2732484,
78114,105.1312697,
78115,102.6489749,
78116,102.3794574,
78117,101.7795138,
78118,100.3256415,
78119,99.34142374,
78120,99.04469871,
78121,98.60036295,
78122,97.49725875,
78123,96.33030803,
78124,95.61904627,
78125,95.01459774,
78126,92.80152139,
78127,91.50326095,
78128,90.6843638,
78129,90.88850306,
78130,89.33633085,
78131,88.95290582,
78132,88.04944462,
78133,87.95939638,
78134,87.72572006,
78135,87.08649565,
78136,85.90179728,
78137,85.32907458,
78138,85.43264361,
78139,85.0801546,
78140,84.62968672,
78141,83.54093195,
78142,83.47879691,
78143,83.26262479,
78144,83.57468676,
78145,83.28470887,
78146,83.53769638,
78147,83.05877169,
78148,82.46185199,
78149,82.4091904,
78150,82.45303809,
78151,82.84736798,
78152,82.80416742,
78153,83.3918252,
78154,83.67611691,
78155,84.26500695,
78156,84.77527019,
78157,84.75697207,
78158,85.3131842,
78159,85.95791772,
78160,86.09450994,
78161,86.40472104,
78162,86.50430849,
78163,86.49288345,
78164,86.04352572,
78165,85.95257408,
78166,86.16680091,
78167,86.54023416,
78168,86.99950126,
78169,87.0532219,
78170,87.03931235,
78171,87.13283709,
78172,87.59437898,
78173,87.91634607,
78174,88.21260329,
78175,88.49629955,
78176,88.68062868,
78177,88.70027685,
78178,88.83039089,
78179,88.88075126,
78180,89.44782871,
78181,89.57937671,
78182,89.75940296,
78183,89.67776073,
78184,89.70929401,
78185,89.90906612,
78186,90.0906227,
78187,90.14343043,
78188,90.33606126,
78189,90.37379332,
78190,90.23659109,
78191,90.06809351,
78192,89.67204547,
78193,89.36950819,
78194,89.04050376,
78195,89.37808422,
78196,88.70194055,
78197,88.18378596,
78198,87.49788893,
78199,87.17333926,
78200,86.6613447,
78201,87.49222831,
78202,86.5010682,
78203,86.1573949,
78204,85.7035774,
78205,85.73989518,
78206,86.03302661,
78207,86.8074893,
78208,87.86627167,
78209,87.98149484,
78210,88.8065179,
78211,88.54905212,
78212,89.21900314,
78213,89.64978457,
78214,89.75334773,
78215,89.91895228,
78216,90.35130296,
78217,90.54777329,
78218,90.82146757,
78219,91.08404169,
78220,91.04441031,
78221,91.56019723,
78222,91.73230057,
78223,91.82366938,
78224,91.80976093,
78225,91.53920499,
78226,91.72885138,
78227,91.78462333,
78228,91.87463691,
78229,92.34722926,
78230,92.60302362,
78231,92.65493766,
78232,92.95885009,
78233,93.16612374,
78234,93.34153137,
78235,94.01518312,
78236,94.68540519,
78237,95.37909174,
78238,95.69705184,
78239,96.24080209,
78240,96.26951632,
78241,96.23241577,
78242,96.66825806,
78243,97.34978774,
78244,96.73003057,
78245,97.40995496,
78246,97.56296997,
78247,98.00977238,
78248,97.75049516,
78249,98.18222025,
78250,98.59987404,
78251,99.48109332,
78252,100.0095484,
78253,100.7698468,
78254,101.0633401,
78255,102.0586494,
78256,103.1360841,
78257,104.1721719,
78258,104.6666657,
78259,105.6356872,
78260,106.3775735,
78261,108.0764311,
78262,109.9124682,
78263,111.1471895,
78264,112.1797932,
78265,113.1270392,
78266,115.319867,
78267,117.1693141,
78268,117.9349367,
78269,119.3465699,
78270,122.160901,
78271,124.2158507,
78272,124.9967243,
78273,126.5147276,
78274,128.4742999,
78275,130.1836011,
78276,131.3634295,
78277,131.8136229,
78278,134.5132334,
78279,137.4261627,
78280,138.5787048,
78281,139.2187467,
78282,141.8432211,
78283,144.1768791,
78284,145.2594783,
78285,146.6389538,
78286,148.6481405,
78287,150.8537761,
78288,152.3432218,
78289,153.3803991,
78290,155.9428969,
78291,158.4017127,
78292,159.9165986,
78293,160.9091441,
78294,163.5813908,
78295,166.4406239,
78296,167.5807216,
78297,168.6458345,
78298,170.9750173,
78299,173.609504,
78300,174.8051621,
78301,175.4798299,
78302,177.5131357,
78303,179.3614117,
78304,180.7058461,
78305,181.1542651,
78306,183.5187447,
78307,185.6055628,
78308,187.6005286,
78309,188.3667799,
78310,189.6000991,
78311,191.397459,
78312,193.6165782,
78313,194.9430184,
78314,195.7328992,
78315,197.4395804,
78316,199.765172,
78317,201.7891786,
78318,202.2431748,
78319,204.0387368,
78320,206.7513991,
78321,208.5345579,
78322,209.041618,
78323,210.389553,
78324,212.9989572,
78325,215.0001016,
78326,216.1005878,
78327,216.9924087,
78328,218.1878895,
78329,220.2624416,
78330,221.1816285,
78331,220.9831174,
78332,221.9391478,
78333,222.2357982,
78334,222.8478079,
78335,224.5439505,
78336,225.4498897,
78337,226.0618906,
78338,226.1654849,
78339,225.6874467,
78340,226.5576761,
78341,227.9698148,
78342,228.9410992,
78343,230.295697,
78344,231.1238016,
78345,231.5909616,
78346,232.2692799,
78347,232.5328074,
78348,232.493998,
78349,233.1668401,
78350,233.5468848,
78351,233.801119,
78352,234.5672678,
78353,235.8121233,
78354,236.4795896,
78355,236.2935434,
78356,236.1850267,
78357,235.558387,
78358,235.5971521,
78359,235.7158757,
78360,235.5609776,
78361,235.7306691,
78362,235.9631134,
78363,236.3467676,
78364,236.3570141,
78365,236.3215332,
78366,236.3804497,
78367,236.6963342,
78368,236.7091619,
78369,236.8077244,
78370,236.7995336,
78371,236.3836531,
78372,236.1978705,
78373,236.3543794,
78374,236.4736671,
78375,236.3466645,
78376,235.9488887,
78377,235.5737662,
78378,235.2018064,
78379,234.3490029,
78380,233.5830334,
78381,232.7786783,
78382,232.4603609,
78383,231.6123418,
78384,231.1144437,
78385,230.7016553,
78386,229.8331764,
78387,228.711542,
78388,227.9820293,
78389,227.26987,
78390,226.1476498,
78391,225.2571653,
78392,224.8076397,
78393,224.074777,
78394,222.9409116,
78395,221.7770598,
78396,221.2344776,
78397,220.6744905,
78398,219.8780661,
78399,219.2901989,
78400,218.3619983,
78401,218.0372397,
78402,217.9214615,
78403,217.3426569,
78404,216.7069809,
78405,216.3052767,
78406,216.2054642,
78407,216.2163308,
78408,216.1778781,
78409,216.0552566,
78410,216.0244392,
78411,216.1874436,
78412,216.4548501,
78413,216.708362,
78414,216.9113113,
78415,217.0115828,
78416,217.3290126,
78417,217.9916008,
78418,218.6365023,
78419,218.9493208,
78420,218.9486007,
78421,219.4751637,
78422,219.8547009,
78423,220.3376754,
78424,221.5125041,
78425,222.0914104,
78426,222.4678807,
78427,223.3375487,
78428,223.9441692,
78429,224.486412,
78430,224.5490419,
78431,224.2776837,
78432,223.5447812,
78433,223.4593589,
78434,222.6820649,
78435,222.3327772,
78436,221.7532845,
78437,221.1931768,
78438,220.978417,
78439,220.4933777,
78440,220.1066943,
78441,219.2790015,
78442,218.8839951,
78443,218.5864137,
78444,217.8255434,
78445,217.682584,
78446,217.9221006,
78447,218.0778463,
78448,217.6450685,
78449,217.167346,
78450,216.9154022,
78451,216.6627039,
78452,216.0050204,
78453,215.3894403,
78454,215.341236,
78455,214.5571987,
78456,213.795285,
78457,213.3507265,
78458,213.0293168,
78459,212.4750859,
78460,211.936374,
78461,210.9373781,
78462,210.1302853,
78463,209.1832448,
78464,208.3182697,
78465,207.8191642,
78466,207.2577756,
78467,205.3692725,
78468,205.6020137,
78469,205.1918499,
78470,203.2785705,
78471,201.9664242,
78472,201.1175675,
78473,200.7311003,
78474,198.7379119,
78475,197.2920081,
78476,195.6315734,
78477,195.649655,
78478,194.4985185,
78479,193.4790405,
78480,191.2110273,
78481,188.9429941,
78482,188.2588572,
78483,186.7665072,
78484,184.4555155,
78485,183.0308155,
78486,182.4354776,
78487,180.9817165,
78488,178.824015,
78489,176.6539338,
78490,175.4525945,
78491,173.7007255,
78492,171.7402078,
78493,169.6232377,
78494,169.7545929,
78495,168.0599372,
78496,165.6615792,
78497,163.9870876,
78498,163.1113154,
78499,160.6785857,
78500,157.7462844,
78501,156.1649525,
78502,154.878103,
78503,152.8767307,
78504,150.7338573,
78505,149.0141311,
78506,147.7344531,
78507,144.5684265,
78508,142.4775323,
78509,141.9620165,
78510,139.4723487,
78511,136.1344624,
78512,135.7173234,
78513,133.9768105,
78514,131.2044412,
78515,129.2063215,
78516,128.7655232,
78517,127.3609808,
78518,124.1986059,
78519,122.9640284,
78520,121.6285691,
78521,119.1091819,
78522,116.8543409,
78523,116.8553092,
78524,114.6280375,
78525,112.045053,
78526,111.0868957,
78527,109.9240909,
78528,108.841057,
78529,106.6742336,
78530,104.7632736,
78531,104.5694354,
78532,103.1049466,
78533,100.9024492,
78534,99.41721854,
78535,99.03187759,
78536,97.61055763,
78537,95.63367379,
78538,95.27534883,
78539,95.43751108,
78540,95.22043507,
78541,94.53734004,
78542,93.5959792,
78543,93.61790102,
78544,93.53156016,
78545,93.52835392,
78546,93.69184475,
78547,94.07364751,
78548,94.55760061,
78549,95.04896601,
78550,95.44864296,
78551,95.71151266,
78552,96.25029177,
78553,96.93145104,
78554,97.55961046,
78555,97.52226764,
78556,98.94603395,
78557,99.93354823,
78558,100.5175148,
78559,100.6923087,
78560,101.8154402,
78561,103.2898772,
78562,103.6297932,
78563,105.0609006,
78564,106.7303182,
78565,107.8181748,
78566,108.6214954,
78567,109.8835926,
78568,111.9579441,
78569,112.6112482,
78570,113.3498671,
78571,115.7515119,
78572,117.3945772,
78573,118.2986491,
78574,120.3316251,
78575,120.908733,
78576,121.6358655,
78577,122.7071628,
78578,124.1597805,
78579,127.1695686,
78580,128.7581261,
78581,129.3731649,
78582,130.9688646,
78583,132.8437588,
78584,134.7152038,
78585,136.3999826,
78586,138.4268971,
78587,140.9801658,
78588,142.1728678,
78589,142.8090135,
78590,144.613591,
78591,146.8921997,
78592,148.0384872,
78593,149.1802392,
78594,153.0974888,
78595,154.2144336,
78596,155.2253948,
78597,157.1933553,
78598,159.6204377,
78599,161.5256262,
78600,162.377828,
78601,164.2704549,
78602,167.6107362,
78603,168.6171394,
78604,170.0859611,
78605,172.6085322,
78606,174.4810889,
78607,175.4320898,
78608,175.9888757,
78609,179.0070592,
78610,180.6001376,
78611,181.5978049,
78612,182.8437678,
78613,185.29983,
78614,187.8149439,
78615,188.6375697,
78616,189.8678232,
78617,192.6986592,
78618,194.5165835,
78619,195.1651193,
78620,197.5099159,
78621,199.8606384,
78622,201.0535153,
78623,201.9457672,
78624,203.9255788,
78625,207.0484715,
78626,208.1775499,
78627,209.2465388,
78628,212.0311915,
78629,213.6087201,
78630,214.5910365,
78631,216.170749,
78632,218.7866469,
78633,219.8828517,
78634,220.9081293,
78635,222.3474083,
78636,225.1983156,
78637,225.9702005,
78638,226.7696121,
78639,229.8356566,
78640,231.3461623,
78641,232.4022288,
78642,234.2520439,
78643,236.0269375,
78644,237.1746583,
78645,237.4046774,
78646,238.7185723,
78647,241.0090666,
78648,242.0997303,
78649,242.7084009,
78650,244.3946241,
78651,245.8856499,
78652,246.8864874,
78653,248.2136,
78654,250.3467715,
78655,251.0647568,
78656,250.8425587,
78657,252.7239414,
78658,254.0476121,
78659,255.4662585,
78660,255.7715545,
78661,257.2448248,
78662,258.883613,
78663,259.5440701,
78664,259.8829334,
78665,260.3470861,
78666,260.6808799,
78667,261.2119684,
78668,261.1335986,
78669,261.5509859,
78670,261.6338575,
78671,261.9342877,
78672,262.0842511,
78673,261.7109393,
78674,261.3005262,
78675,261.0640083,
78676,261.3126828,
78677,260.7353013,
78678,260.4188116,
78679,260.1744859,
78680,260.1712444,
78681,260.1884889,
78682,260.3506405,
78683,260.4064673,
78684,260.0951231,
78685,259.9752521,
78686,260.1216462,
78687,260.1515081,
78688,260.3617612,
78689,260.6174838,
78690,261.0456753,
78691,261.2323762,
78692,261.0910006,
78693,261.4138116,
78694,261.6166476,
78695,261.8935022,
78696,262.1845558,
78697,262.2800027,
78698,262.8395498,
78699,262.9174188,
78700,262.5442622,
78701,262.5751425,
78702,262.3601047,
78703,261.9893836,
78704,262.2544469,
78705,262.0995043,
78706,262.0189834,
78707,261.7139618,
78708,261.4324535,
78709,261.1524997,
78710,260.155968,
78711,259.6043463,
78712,258.7616998,
78713,257.8017113,
78714,257.0585138,
78715,257.1840749,
78716,256.8722603,
78717,256.1764299,
78718,255.4434644,
78719,254.9962232,
78720,254.5689753,
78721,253.1087063,
78722,252.0539728,
78723,251.4716791,
78724,251.5305832,
78725,251.4703998,
78726,250.8767518,
78727,249.9980781,
78728,249.6264673,
78729,249.0676844,
78730,247.9912277,
78731,247.4060762,
78732,246.5651687,
78733,245.9998855,
78734,245.2292499,
78735,244.3867218,
78736,243.8239534,
78737,242.5434319,
78738,240.5864258,
78739,239.8241971,
78740,239.5911565,
78741,238.6081797,
78742,237.7565067,
78743,236.8225817,
78744,235.7577175,
78745,234.1871496,
78746,232.5266374,
78747,232.3139584,
78748,231.5891155,
78749,230.4755731,
78750,229.149898,
78751,228.2891181,
78752,226.7969065,
78753,224.2717809,
78754,222.9598836,
78755,222.4909922,
78756,220.8966878,
78757,219.2812839,
78758,218.1846851,
78759,216.8219957,
78760,215.2007574,
78761,212.8194657,
78762,212.0085461,
78763,210.7645073,
78764,208.5248982,
78765,207.3230555,
78766,206.8309838,
78767,203.5845421,
78768,202.297255,
78769,202.0371367,
78770,199.3500539,
78771,197.0011661,
78772,196.0104421,
78773,193.2253782,
78774,190.4866155,
78775,189.1654553,
78776,187.8644987,
78777,185.043542,
78778,182.6628713,
78779,181.2040031,
78780,180.727718,
78781,176.2121517,
78782,174.1253216,
78783,172.8359548,
78784,171.3758536,
78785,168.0112064,
78786,167.1641503,
78787,164.6322696,
78788,161.5338433,
78789,159.6999317,
78790,158.9729779,
78791,157.4427268,
78792,155.9409317,
78793,154.4692998,
78794,153.4511492,
78795,149.3033941,
78796,147.2195698,
78797,146.8714112,
78798,144.2359364,
78799,141.2862403,
78800,139.8749121,
78801,138.9036839,
78802,135.5534645,
78803,133.0648451,
78804,132.4619407,
78805,129.9661624,
78806,126.9028553,
78807,124.9515173,
78808,123.5549619,
78809,122.1995665,
78810,121.6691212,
78811,121.1435177,
78812,120.1104562,
78813,118.0257523,
78814,115.9554804,
78815,113.7705986,
78816,112.6440926,
78817,111.4660001,
78818,109.225658,
78819,107.2588375,
78820,106.5303399,
78821,104.192416,
78822,102.4889236,
78823,100.9459806,
78824,100.9307802,
78825,99.20467029,
78826,96.86115798,
78827,96.71664377,
78828,96.05477046,
78829,94.63386572,
78830,93.94945318,
78831,93.72478914,
78832,93.3247547,
78833,92.54202841,
78834,91.92113313,
78835,91.17957528,
78836,90.43596235,
78837,89.29775525,
78838,88.30869158,
78839,88.06044453,
78840,87.70302344,
78841,86.6245383,
78842,85.58697604,
78843,85.20607507,
78844,84.50789326,
78845,83.76627555,
78846,83.35415185,
78847,83.13166471,
78848,83.22831228,
78849,83.26269502,
78850,83.51898794,
78851,83.96385896,
78852,84.82237245,
78853,84.71264281,
78854,84.81272084,
78855,85.77828568,
78856,86.61970931,
78857,86.69751562,
78858,87.30248797,
78859,88.49613559,
78860,89.30245227,
78861,89.81609169,
78862,92.01517793,
78863,93.83082092,
78864,93.58369439,
78865,95.13269224,
78866,96.531044,
78867,98.3120952,
78868,97.89380946,
78869,100.2352715,
78870,102.1830544,
78871,103.6891822,
78872,103.5043825,
78873,105.5684302,
78874,107.7997164,
78875,109.2219486,
78876,109.9304809,
78877,112.2284797,
78878,115.5705905,
78879,116.7132099,
78880,117.5178465,
78881,119.7023018,
78882,122.2011307,
78883,123.1102351,
78884,125.2281135,
78885,126.8503787,
78886,129.059491,
78887,130.6257388,
78888,131.7652315,
78889,133.4985194,
78890,135.8790416,
78891,136.7883629,
78892,138.2572279,
78893,140.769677,
78894,143.7110289,
78895,144.1866617,
78896,145.5058968,
78897,148.9394727,
78898,151.1688248,
78899,151.5893711,
78900,153.9788033,
78901,155.415733,
78902,157.5399654,
78903,158.6003369,
78904,160.3870458,
78905,162.5600652,
78906,163.7846767,
78907,164.9554735,
78908,165.618589,
78909,168.252274,
78910,170.9385018,
78911,172.1967471,
78912,172.5536681,
78913,173.5795044,
78914,176.2189107,
78915,177.8886526,
78916,177.9391691,
78917,178.2482681,
78918,181.1005307,
78919,182.721582,
78920,183.2286718,
78921,183.9672772,
78922,185.919503,
78923,187.7450998,
78924,187.9870389,
78925,189.061716,
78926,192.0110575,
78927,193.5354465,
78928,194.3408436,
78929,196.6731055,
78930,198.2017752,
78931,199.3038494,
78932,200.141124,
78933,202.7972236,
78934,204.7058638,
78935,205.2192546,
78936,207.8364219,
78937,209.4679011,
78938,210.136208,
78939,211.0920244,
78940,213.9454401,
78941,216.0962494,
78942,216.7898643,
78943,218.3094406,
78944,220.506574,
78945,222.4243918,
78946,222.936724,
78947,224.2622098,
78948,226.4439884,
78949,227.8670353,
78950,228.3035316,
78951,229.470617,
78952,231.3996741,
78953,232.9783338,
78954,233.3797684,
78955,234.9732556,
78956,237.020046,
78957,237.1110954,
78958,238.2286888,
78959,239.9188353,
78960,241.7257653,
78961,242.3149651,
78962,243.0478828,
78963,245.3358251,
78964,246.6171538,
78965,246.9794131,
78966,248.2937499,
78967,249.3674373,
78968,250.6559474,
78969,250.9276517,
78970,251.4536338,
78971,252.4552411,
78972,254.3588777,
78973,255.0995315,
78974,255.4539696,
78975,256.6584576,
78976,257.6863497,
78977,258.5860592,
78978,259.112559,
78979,259.8829091,
78980,261.2232472,
78981,261.9433801,
78982,262.3242649,
78983,262.6814494,
78984,262.9811208,
78985,263.1152506,
78986,263.0575785,
78987,262.9906495,
78988,262.9249895,
78989,262.8507266,
78990,262.6978313,
78991,262.4549758,
78992,262.0950429,
78993,261.3430638,
78994,261.1880135,
78995,260.7824881,
78996,260.2515525,
78997,259.7293832,
78998,259.3002297,
78999,258.7888352,
79000,258.5547786,
79001,258.4691886,
79002,257.7608806,
79003,257.2879508,
79004,255.7475212,
79005,255.1209393,
79006,254.2687322,
79007,252.9313243,
79008,251.9477705,
79009,251.4640707,
79010,251.6065243,
79011,251.3163262,
79012,250.360463,
79013,249.955425,
79014,249.9079419,
79015,249.1317127,
79016,247.8390471,
79017,247.4480546,
79018,247.2949105,
79019,248.1507988,
79020,246.7969635,
79021,245.202239,
79022,244.1157189,
79023,243.6479624,
79024,242.4576272,
79025,240.7938226,
79026,239.7769602,
79027,239.8968923,
79028,239.1050813,
79029,237.8572056,
79030,236.4116396,
79031,235.7566452,
79032,235.1338762,
79033,233.8178685,
79034,232.2248483,
79035,230.9614088,
79036,229.750753,
79037,228.1650565,
79038,226.4041702,
79039,225.5891217,
79040,225.4320445,
79041,224.4341666,
79042,222.19725,
79043,220.5163322,
79044,219.4757606,
79045,218.1625025,
79046,215.7522533,
79047,213.5921261,
79048,212.9868167,
79049,211.47068,
79050,208.7484366,
79051,207.0295402,
79052,206.6811356,
79053,203.6091777,
79054,201.3971753,
79055,200.6145195,
79056,199.7906526,
79057,197.0289569,
79058,195.4262683,
79059,194.3294988,
79060,191.3975907,
79061,189.3820684,
79062,188.9124664,
79063,187.0511363,
79064,184.1150411,
79065,182.3914091,
79066,181.9293988,
79067,178.927899,
79068,176.1506075,
79069,175.2453239,
79070,173.7095822,
79071,170.8741688,
79072,168.7938617,
79073,167.9681716,
79074,165.893991,
79075,163.3176265,
79076,161.6028332,
79077,160.7887961,
79078,158.3763344,
79079,156.0471142,
79080,153.3327923,
79081,152.8748954,
79082,149.8888583,
79083,146.9808293,
79084,146.4885632,
79085,143.511811,
79086,140.2970823,
79087,139.0294584,
79088,137.594003,
79089,133.58728,
79090,132.0599176,
79091,131.2322919,
79092,128.7628258,
79093,125.7109142,
79094,124.2094862,
79095,123.4712966,
79096,120.7214998,
79097,118.0564398,
79098,117.183983,
79099,114.5735198,
79100,112.1943711,
79101,110.5774892,
79102,109.9733929,
79103,107.3450327,
79104,104.9231548,
79105,103.9165317,
79106,100.9115584,
79107,99.09918147,
79108,98.44699573,
79109,96.907044,
79110,94.38912982,
79111,93.61090979,
79112,92.67629812,
79113,91.01196048,
79114,89.36368095,
79115,89.2043219,
79116,88.04558467,
79117,86.67758892,
79118,85.71632964,
79119,85.54249776,
79120,84.82295004,
79121,84.02326182,
79122,83.36105942,
79123,83.37357695,
79124,82.48568371,
79125,81.46368022,
79126,81.68039268,
79127,82.00765312,
79128,82.3983139,
79129,82.98111564,
79130,83.25622243,
79131,83.65504801,
79132,84.43180978,
79133,85.40529788,
79134,85.78098128,
79135,86.01187467,
79136,86.77759859,
79137,86.97908533,
79138,88.38818914,
79139,89.46881672,
79140,90.512984,
79141,92.16530924,
79142,93.93344632,
79143,94.13839441,
79144,95.50491763,
79145,97.11732562,
79146,98.65304315,
79147,100.2892779,
79148,100.7702165,
79149,103.1411939,
79150,105.077643,
79151,106.2733512,
79152,106.8541228,
79153,109.1725992,
79154,111.5441218,
79155,112.5762989,
79156,114.4019019,
79157,118.4201185,
79158,120.0982557,
79159,120.6851197,
79160,123.0844862,
79161,125.4869884,
79162,126.672083,
79163,127.2605038,
79164,128.82579,
79165,130.836718,
79166,133.1703463,
79167,134.7800988,
79168,135.2787009,
79169,137.4199707,
79170,139.9416856,
79171,141.1368779,
79172,142.3921821,
79173,144.0543288,
79174,147.4100792,
79175,148.4289568,
79176,149.5440258,
79177,152.6402296,
79178,155.504951,
79179,156.4701863,
79180,157.9743837,
79181,161.7902402,
79182,163.7868192,
79183,164.6106617,
79184,166.8418505,
79185,168.6474048,
79186,170.6287296,
79187,170.6292268,
79188,172.0587015,
79189,175.0685706,
79190,177.6190257,
79191,178.4982287,
79192,180.2724261,
79193,183.2682868,
79194,185.458935,
79195,186.6735256,
79196,188.9645673,
79197,192.2328869,
79198,192.3052393,
79199,194.9125654,
79200,196.9460935,
79201,199.3489485,
79202,200.1242127,
79203,202.4110761,
79204,205.2188059,
79205,206.6138944,
79206,207.9584481,
79207,210.1854106,
79208,213.0205267,
79209,213.2093369,
79210,214.8937163,
79211,217.3210854,
79212,218.8061845,
79213,219.384559,
79214,219.8528314,
79215,222.016225,
79216,223.1352248,
79217,223.4729449,
79218,224.3173089,
79219,226.0446203,
79220,227.1030611,
79221,227.4404716,
79222,228.8192181,
79223,230.2999879,
79224,231.0176003,
79225,231.3641772,
79226,232.1911355,
79227,233.5000589,
79228,234.5056294,
79229,234.9232279,
79230,236.4967761,
79231,237.6024115,
79232,238.3142998,
79233,238.2903933,
79234,239.1464941,
79235,240.0729864,
79236,239.9148004,
79237,240.440482,
79238,241.0278232,
79239,241.4195503,
79240,241.0946577,
79241,240.5770766,
79242,240.2683615,
79243,240.5821025,
79244,240.6515616,
79245,240.8641577,
79246,240.8226257,
79247,240.4275869,
79248,240.3347654,
79249,239.6176045,
79250,239.0794348,
79251,238.5489909,
79252,238.1071651,
79253,237.9155543,
79254,237.0529082,
79255,236.3142763,
79256,235.0446739,
79257,234.9227466,
79258,234.4702606,
79259,233.475028,
79260,232.391888,
79261,231.2611584,
79262,230.9786494,
79263,230.0822291,
79264,228.78784,
79265,227.6980287,
79266,226.2494893,
79267,225.5220371,
79268,223.6594945,
79269,222.2606286,
79270,221.3741625,
79271,221.1110534,
79272,221.1260415,
79273,219.7461048,
79274,218.6169605,
79275,217.8849845,
79276,217.0083903,
79277,215.2381088,
79278,214.4032363,
79279,213.8702069,
79280,213.6898478,
79281,212.8544874,
79282,211.8351858,
79283,211.6269063,
79284,210.4279604,
79285,209.348584,
79286,208.7846769,
79287,208.2077652,
79288,208.3909733,
79289,207.7622137,
79290,207.3233074,
79291,206.9114497,
79292,206.5309636,
79293,206.018176,
79294,205.7340507,
79295,205.8943866,
79296,206.336759,
79297,206.3754592,
79298,206.4203499,
79299,206.6311811,
79300,207.0826693,
79301,207.2838437,
79302,207.4099278,
79303,207.3596169,
79304,207.1159729,
79305,206.5389339,
79306,206.1808323,
79307,205.7184658,
79308,205.0707913,
79309,204.5188389,
79310,204.0064696,
79311,202.8645131,
79312,202.1047648,
79313,201.5500571,
79314,201.0243436,
79315,200.5481776,
79316,199.6370976,
79317,198.870652,
79318,197.9252443,
79319,197.0859566,
79320,195.3068233,
79321,194.9071479,
79322,194.0842749,
79323,192.6625151,
79324,190.9642297,
79325,189.526478,
79326,189.2427487,
79327,188.6359117,
79328,186.6202203,
79329,184.8387054,
79330,184.6156241,
79331,183.3951437,
79332,181.5822514,
79333,178.9124583,
79334,177.8487747,
79335,175.9987852,
79336,172.9439595,
79337,171.5463377,
79338,170.7891385,
79339,168.6061989,
79340,165.2800973,
79341,163.5069343,
79342,162.6590665,
79343,159.592182,
79344,157.1701355,
79345,156.7480716,
79346,154.7617513,
79347,151.6681516,
79348,148.9892419,
79349,147.9275671,
79350,145.1567631,
79351,143.0040925,
79352,142.0312439,
79353,141.1058265,
79354,138.8235867,
79355,136.7770608,
79356,134.9722482,
79357,134.1476194,
79358,132.1218618,
79359,129.4430594,
79360,128.1619204,
79361,127.4940569,
79362,125.5062468,
79363,123.7279099,
79364,122.573094,
79365,121.5505811,
79366,121.0759758,
79367,118.4616445,
79368,117.1932793,
79369,116.8088144,
79370,116.2354613,
79371,115.0474726,
79372,112.8484809,
79373,112.1516273,
79374,111.1713438,
79375,109.4674983,
79376,108.0011155,
79377,107.5342272,
79378,106.3636998,
79379,104.8662198,
79380,102.9215997,
79381,102.6100954,
79382,101.8463858,
79383,100.7107834,
79384,99.90210116,
79385,99.53410246,
79386,98.94928594,
79387,98.23641065,
79388,97.44209171,
79389,97.68028441,
79390,97.97110711,
79391,97.77820237,
79392,97.49032334,
79393,97.19802304,
79394,97.38277594,
79395,97.86753609,
79396,98.44018383,
79397,98.6530422,
79398,99.41294711,
79399,100.2619273,
79400,100.8341676,
79401,101.4513832,
79402,101.8127235,
79403,102.7739569,
79404,104.4054336,
79405,104.5909145,
79406,105.3331973,
79407,107.7451434,
79408,109.4060441,
79409,109.8144992,
79410,110.9315806,
79411,112.3184251,
79412,113.7834827,
79413,114.7631244,
79414,115.6478043,
79415,117.3777627,
79416,119.1855133,
79417,120.7053599,
79418,121.1713778,
79419,122.0714461,
79420,124.9198323,
79421,126.1929156,
79422,127.7803465,
79423,130.1800942,
79424,132.6490177,
79425,134.0376349,
79426,134.9185475,
79427,137.338567,
79428,139.9972906,
79429,142.5648227,
79430,143.4534044,
79431,147.0852369,
79432,149.6809313,
79433,150.6714579,
79434,151.9885321,
79435,154.8533138,
79436,157.7266171,
79437,158.0938234,
79438,160.5245977,
79439,164.1607446,
79440,166.5659881,
79441,166.8763128,
79442,169.9070103,
79443,173.3371108,
79444,174.9973823,
79445,176.7659143,
79446,180.4593623,
79447,182.5105188,
79448,182.7589998,
79449,184.7354883,
79450,187.2247447,
79451,189.5724664,
79452,190.0233034,
79453,191.7287405,
79454,194.8191536,
79455,196.706854,
79456,197.3237712,
79457,198.6976593,
79458,200.278343,
79459,202.0771222,
79460,202.4656791,
79461,204.031627,
79462,206.1451911,
79463,207.3000031,
79464,208.5854585,
79465,210.4304226,
79466,212.6672785,
79467,214.2511685,
79468,214.5908744,
79469,216.1862468,
79470,218.4948735,
79471,219.6153558,
79472,220.2866582,
79473,223.0259154,
79474,225.0478824,
79475,225.8687231,
79476,226.5613413,
79477,227.49152,
79478,229.796033,
79479,231.4317226,
79480,232.0349666,
79481,233.4767132,
79482,234.8430611,
79483,235.4914705,
79484,236.821265,
79485,237.256416,
79486,237.6784111,
79487,239.3471735,
79488,240.716764,
79489,241.1779393,
79490,242.1658773,
79491,242.5182957,
79492,242.4762036,
79493,242.448909,
79494,242.3205429,
79495,242.5855655,
79496,243.0152581,
79497,242.849131,
79498,242.8850123,
79499,243.1556235,
79500,243.6436328,
79501,243.9219993,
79502,244.3269269,
79503,244.3482164,
79504,244.3730534,
79505,244.9815245,
79506,245.3724098,
79507,245.9266257,
79508,246.1414884,
79509,246.3663704,
79510,246.3356421,
79511,246.0189414,
79512,245.6126188,
79513,245.1045315,
79514,244.8028841,
79515,244.8700295,
79516,244.8024777,
79517,244.2716648,
79518,243.7226276,
79519,243.0042743,
79520,242.8696916,
79521,242.0882536,
79522,241.7820035,
79523,241.0045347,
79524,240.2498533,
79525,240.0624144,
79526,239.3970122,
79527,238.3445304,
79528,237.5555775,
79529,237.4355277,
79530,236.3412544,
79531,234.9045103,
79532,233.3836947,
79533,232.7334891,
79534,231.9825546,
79535,231.6781269,
79536,231.6696081,
79537,230.3433308,
79538,227.7992921,
79539,226.8418946,
79540,225.6767017,
79541,223.497301,
79542,222.3606769,
79543,222.1557607,
79544,220.8190569,
79545,219.4967118,
79546,217.500608,
79547,216.8951462,
79548,214.5190377,
79549,212.737645,
79550,210.955284,
79551,210.5549192,
79552,209.6851937,
79553,207.7336018,
79554,205.5750388,
79555,203.7544294,
79556,202.6376094,
79557,199.8515288,
79558,197.681992,
79559,198.0038595,
79560,196.0293713,
79561,192.5101621,
79562,190.3928203,
79563,190.0039076,
79564,187.3563152,
79565,183.6652523,
79566,182.053873,
79567,181.6062792,
79568,180.4561867,
79569,178.3983012,
79570,176.9722355,
79571,175.3502674,
79572,175.326112,
79573,172.4490444,
79574,169.2955353,
79575,168.1624399,
79576,167.5046609,
79577,165.2733827,
79578,162.0670657,
79579,160.7259319,
79580,159.4243144,
79581,156.9435928,
79582,153.7163534,
79583,153.8268732,
79584,152.6505347,
79585,150.2645678,
79586,147.7969646,
79587,147.077252,
79588,145.1719877,
79589,142.728079,
79590,140.1438891,
79591,138.8565865,
79592,138.4954779,
79593,136.1245146,
79594,134.2408011,
79595,133.2180193,
79596,132.8971652,
79597,130.6650544,
79598,128.7663966,
79599,127.884161,
79600,127.2893163,
79601,125.5791025,
79602,124.0646898,
79603,123.1305179,
79604,123.3173275,
79605,122.7364967,
79606,121.5768258,
79607,121.1669921,
79608,120.666422,
79609,119.9723466,
79610,119.0497397,
79611,117.9935926,
79612,118.006706,
79613,117.454371,
79614,115.5562146,
79615,114.7381049,
79616,114.591064,
79617,113.5069332,
79618,112.6442948,
79619,112.2926515,
79620,112.1226025,
79621,111.6597114,
79622,110.9436938,
79623,110.6452764,
79624,110.254196,
79625,110.1300149,
79626,109.724617,
79627,109.7413271,
79628,109.7609656,
79629,109.5089601,
79630,109.1541046,
79631,108.9820769,
79632,108.9491687,
79633,109.3802092,
79634,109.7912017,
79635,110.0458813,
79636,110.5584625,
79637,111.6816284,
79638,111.6004876,
79639,112.3478506,
79640,113.9100997,
79641,114.6170497,
79642,115.313879,
79643,116.732884,
79644,118.136856,
79645,118.9189464,
79646,120.5115917,
79647,122.0591807,
79648,123.5785143,
79649,124.5625993,
79650,125.6994433,
79651,128.4838854,
79652,130.3083159,
79653,130.8109977,
79654,132.7038762,
79655,135.6205326,
79656,136.7960476,
79657,138.0186063,
79658,140.9540593,
79659,143.2509728,
79660,144.1795783,
79661,145.3486337,
79662,148.0446449,
79663,150.819422,
79664,152.2469813,
79665,154.1512901,
79666,157.1617804,
79667,159.1697214,
79668,160.5461911,
79669,162.2170503,
79670,165.8939694,
79671,167.8301363,
79672,168.8598095,
79673,171.85807,
79674,175.1690753,
79675,175.8832531,
79676,177.2083041,
79677,180.601711,
79678,182.2325534,
79679,182.6487508,
79680,183.8166793,
79681,186.3523535,
79682,188.6683361,
79683,189.3260592,
79684,190.6079244,
79685,192.2263805,
79686,194.3892717,
79687,194.9325278,
79688,196.4184882,
79689,198.9331295,
79690,199.8844717,
79691,201.0428209,
79692,203.0878554,
79693,204.1461867,
79694,204.460286,
79695,205.7592123,
79696,206.0887421,
79697,207.2285916,
79698,208.7680862,
79699,210.2630505,
79700,210.6887221,
79701,212.8509288,
79702,215.3665735,
79703,216.4475499,
79704,217.2949725,
79705,219.4059953,
79706,220.9831595,
79707,221.7625792,
79708,223.9991575,
79709,226.5589575,
79710,226.8721831,
79711,227.4615393,
79712,229.2673866,
79713,230.2330345,
79714,230.6563752,
79715,231.8687387,
79716,233.3924977,
79717,234.6073804,
79718,235.2960073,
79719,236.0764362,
79720,237.6997621,
79721,238.3021873,
79722,239.0636967,
79723,240.6452712,
79724,241.7199242,
79725,241.5697888,
79726,242.339042,
79727,242.9702051,
79728,242.9946416,
79729,243.0887562,
79730,243.2584172,
79731,242.9342048,
79732,242.8205626,
79733,242.4913452,
79734,242.1678286,
79735,241.8118039,
79736,241.6411116,
79737,241.2104624,
79738,240.5994653,
79739,239.9883,
79740,239.9257903,
79741,239.2849799,
79742,238.0457384,
79743,236.8739008,
79744,236.3759063,
79745,236.0881591,
79746,235.4971114,
79747,234.6350474,
79748,233.2163065,
79749,232.8155014,
79750,231.6153319,
79751,230.197775,
79752,227.9722718,
79753,226.88589,
79754,226.4686037,
79755,225.5702386,
79756,223.7542563,
79757,221.7706987,
79758,221.3464438,
79759,218.8589806,
79760,216.4488696,
79761,215.4565488,
79762,215.2770732,
79763,213.3285418,
79764,210.4834501,
79765,209.7168009,
79766,208.8955803,
79767,206.3455061,
79768,204.5747391,
79769,204.4035087,
79770,202.9195304,
79771,201.1270957,
79772,199.8660711,
79773,198.6903745,
79774,196.718437,
79775,194.8628559,
79776,194.3072847,
79777,193.3511609,
79778,191.5401067,
79779,190.2798922,
79780,189.2560001,
79781,186.8849744,
79782,184.9743273,
79783,184.6541438,
79784,183.5399287,
79785,182.1979452,
79786,180.0234122,
79787,178.8970106,
79788,177.683563,
79789,174.6110219,
79790,173.3466194,
79791,173.3584882,
79792,171.2131148,
79793,168.7281641,
79794,167.6878681,
79795,165.8626977,
79796,162.9942633,
79797,161.5586408,
79798,160.9973036,
79799,158.5037022,
79800,157.3717236,
79801,157.0929659,
79802,156.8880581,
79803,155.1934364,
79804,153.024048,
79805,150.4627074,
79806,148.5228024,
79807,148.1079621,
79808,146.3001115,
79809,142.908952,
79810,141.17898,
79811,139.8999533,
79812,137.4063305,
79813,134.4311321,
79814,134.0086955,
79815,132.9971907,
79816,130.8142205,
79817,129.1859465,
79818,127.2137847,
79819,126.1846768,
79820,123.9639396,
79821,122.5272865,
79822,121.5128447,
79823,119.7667103,
79824,118.7566491,
79825,117.7746221,
79826,117.8375453,
79827,117.3012131,
79828,114.8643847,
79829,114.1758899,
79830,113.7782679,
79831,112.6752667,
79832,110.9228175,
79833,109.1549363,
79834,109.0447768,
79835,107.6645754,
79836,105.7002858,
79837,103.6743444,
79838,102.9983769,
79839,102.0833531,
79840,99.86062861,
79841,98.32660655,
79842,98.01023182,
79843,96.58519768,
79844,94.8400567,
79845,94.15282853,
79846,93.59086731,
79847,92.61685232,
79848,90.88599691,
79849,89.98110561,
79850,89.86806009,
79851,89.49001613,
79852,88.42346004,
79853,87.20640245,
79854,87.18247891,
79855,86.37160571,
79856,85.86865838,
79857,85.85888126,
79858,85.8952533,
79859,85.74136807,
79860,85.4374749,
79861,85.38154864,
79862,85.21704463,
79863,85.26365153,
79864,85.92314639,
79865,86.18223711,
79866,86.7803922,
79867,87.8315402,
79868,88.58622717,
79869,88.86739294,
79870,90.2113676,
79871,91.46459309,
79872,91.68655639,
79873,92.50152145,
79874,94.42404177,
79875,96.00903419,
79876,96.3860949,
79877,96.89359941,
79878,98.96049716,
79879,100.1406478,
79880,101.349218,
79881,102.1251116,
79882,104.7453673,
79883,106.2649499,
79884,106.3811284,
79885,108.3003463,
79886,110.4767624,
79887,111.0507608,
79888,112.3450458,
79889,114.4101442,
79890,116.5039991,
79891,117.0830441,
79892,118.0890668,
79893,119.9804911,
79894,121.3705675,
79895,122.0842636,
79896,122.9592295,
79897,125.3212094,
79898,127.8175754,
79899,128.64094,
79900,130.3867814,
79901,131.9645538,
79902,133.0742903,
79903,133.6736697,
79904,134.6353176,
79905,136.2673004,
79906,138.4554211,
79907,139.8347241,
79908,140.8817824,
79909,142.9018144,
79910,145.2542941,
79911,146.081949,
79912,147.4667401,
79913,150.6822899,
79914,152.0807664,
79915,153.0299093,
79916,155.246121,
79917,157.8973635,
79918,159.0787556,
79919,160.4011918,
79920,161.642496,
79921,164.8572687,
79922,165.5655111,
79923,167.924939,
79924,170.2287048,
79925,171.6698837,
79926,172.6297548,
79927,174.1894631,
79928,177.7155267,
79929,179.3293491,
79930,181.1526454,
79931,184.4546835,
79932,186.621519,
79933,187.6321408,
79934,190.5707352,
79935,193.4217616,
79936,193.3235175,
79937,195.4528423,
79938,197.6554038,
79939,198.5176044,
79940,199.2599848,
79941,202.1724018,
79942,203.8427325,
79943,204.5439797,
79944,206.5562408,
79945,208.6974621,
79946,210.3135422,
79947,210.0014654,
79948,212.5373064,
79949,215.5729305,
79950,216.2645206,
79951,218.0556075,
79952,220.3436759,
79953,221.9380302,
79954,222.0002306,
79955,222.6983381,
79956,225.0730273,
79957,227.4854714,
79958,228.0389297,
79959,230.5786436,
79960,232.1938046,
79961,233.2936296,
79962,234.3850361,
79963,236.8541891,
79964,238.1919951,
79965,239.1269153,
79966,240.2719619,
79967,241.9955308,
79968,242.6016668,
79969,243.6506485,
79970,244.7329836,
79971,246.1278658,
79972,246.4555555,
79973,247.1090641,
79974,248.5396917,
79975,249.9288378,
79976,250.1319192,
79977,250.5832025,
79978,251.5291213,
79979,252.2430551,
79980,252.0488492,
79981,252.8309098,
79982,253.4340455,
79983,254.0327952,
79984,254.0050118,
79985,254.3136384,
79986,254.848079,
79987,255.3013965,
79988,255.5986241,
79989,255.6586501,
79990,255.9028856,
79991,255.4387068,
79992,255.3191043,
79993,254.7056731,
79994,254.4349245,
79995,253.9490072,
79996,253.4826085,
79997,253.0835136,
79998,253.0040762,
79999,252.1902182,
80000,251.6185159,
80001,251.2036499,
80002,250.6308226,
80003,250.8151592,
80004,249.7083819,
80005,248.2621777,
80006,246.2010261,
80007,246.0701603,
80008,246.4004441,
80009,245.5434845,
80010,245.107895,
80011,244.5247008,
80012,243.8240729,
80013,243.5728553,
80014,242.4814367,
80015,242.2656321,
80016,242.1806055,
80017,242.6742831,
80018,242.0856184,
80019,241.8675757,
80020,241.1975058,
80021,240.8114584,
80022,240.3878632,
80023,239.856959,
80024,240.025551,
80025,240.1908783,
80026,239.7830784,
80027,239.4228602,
80028,238.9991637,
80029,238.1950389,
80030,237.7477993,
80031,237.1867435,
80032,237.2725086,
80033,236.9121896,
80034,236.4861239,
80035,235.7947099,
80036,235.5148833,
80037,234.4427197,
80038,233.1532333,
80039,232.3909784,
80040,231.5637561,
80041,230.7317293,
80042,229.9054426,
80043,228.6246901,
80044,227.2681562,
80045,226.6754307,
80046,225.548209,
80047,223.8926752,
80048,222.8125567,
80049,222.7959109,
80050,222.5686298,
80051,221.170914,
80052,219.8174832,
80053,219.4319066,
80054,218.4258671,
80055,217.0133342,
80056,215.5019318,
80057,215.0067433,
80058,214.7449864,
80059,214.6534859,
80060,213.8633271,
80061,213.6306511,
80062,213.7358102,
80063,213.6683396,
80064,213.8583034,
80065,213.597191,
80066,213.7778867,
80067,213.4833587,
80068,213.5244299,
80069,213.3086568,
80070,213.0060794,
80071,212.682375,
80072,212.3713547,
80073,211.8873879,
80074,211.5800582,
80075,210.9151775,
80076,210.3964509,
80077,210.2024846,
80078,209.3549425,
80079,209.2485281,
80080,209.2124879,
80081,208.3332772,
80082,207.2318426,
80083,206.661661,
80084,206.4566031,
80085,206.5728901,
80086,205.873285,
80087,204.3210607,
80088,203.3128394,
80089,201.8519162,
80090,201.3004115,
80091,200.4326536,
80092,198.6603018,
80093,196.4344582,
80094,194.465805,
80095,193.9934593,
80096,192.7602223,
80097,190.0014724,
80098,188.0177547,
80099,187.0153438,
80100,186.0752591,
80101,183.3996983,
80102,181.0656593,
80103,180.2160344,
80104,178.6768363,
80105,175.8305956,
80106,173.4542144,
80107,172.5705203,
80108,171.1112344,
80109,168.2843345,
80110,166.631445,
80111,165.3589413,
80112,164.431655,
80113,163.5259236,
80114,161.434757,
80115,159.0799158,
80116,158.7683951,
80117,157.252898,
80118,154.3703043,
80119,152.9492651,
80120,151.6470725,
80121,150.9926691,
80122,148.5377164,
80123,146.4479426,
80124,144.7195083,
80125,143.4870932,
80126,140.9669738,
80127,137.8546083,
80128,137.1405134,
80129,135.7981337,
80130,132.8693107,
80131,130.8917018,
80132,130.169624,
80133,127.9754646,
80134,125.2034562,
80135,123.9782181,
80136,122.9567507,
80137,120.7949619,
80138,118.2172707,
80139,117.2144306,
80140,116.0278767,
80141,113.6901131,
80142,111.6486609,
80143,110.7703326,
80144,109.9237676,
80145,108.401617,
80146,106.5000544,
80147,105.8844691,
80148,105.7971557,
80149,104.679062,
80150,102.4621426,
80151,101.6140566,
80152,101.4868403,
80153,100.8194948,
80154,99.97856102,
80155,98.59292396,
80156,98.68566618,
80157,97.97572541,
80158,96.41274508,
80159,96.08905818,
80160,95.55376133,
80161,94.78825523,
80162,94.12586923,
80163,94.06480018,
80164,94.16339229,
80165,93.93435943,
80166,93.95928388,
80167,94.22613332,
80168,94.07051197,
80169,93.71744086,
80170,94.00195828,
80171,93.74252038,
80172,94.07636707,
80173,94.3214405,
80174,94.49761535,
80175,94.4983513,
80176,94.58890781,
80177,95.4098331,
80178,95.49250197,
80179,96.64190643,
80180,97.13990377,
80181,97.29921208,
80182,97.43483068,
80183,98.30409211,
80184,99.1451497,
80185,100.2705697,
80186,100.6967046,
80187,101.1773638,
80188,102.4110948,
80189,103.8866839,
80190,104.935758,
80191,106.3113618,
80192,107.6388602,
80193,109.7429883,
80194,110.2651993,
80195,111.3733095,
80196,113.5766325,
80197,114.7057228,
80198,115.8801823,
80199,117.893302,
80200,119.7298597,
80201,120.1334161,
80202,120.975322,
80203,122.7991345,
80204,124.4652083,
80205,126.7066321,
80206,127.3397256,
80207,128.7163359,
80208,129.9709199,
80209,130.873338,
80210,130.6270943,
80211,131.2249247,
80212,131.8531748,
80213,132.5307986,
80214,134.4060586,
80215,135.7341868,
80216,137.6744099,
80217,138.7115357,
80218,140.7725674,
80219,143.5162924,
80220,144.631964,
80221,146.2088065,
80222,148.3557784,
80223,151.7437479,
80224,153.1596819,
80225,154.3992079,
80226,157.2543429,
80227,159.8235429,
80228,161.0036137,
80229,163.004735,
80230,166.2144865,
80231,168.4188853,
80232,168.8457624,
80233,172.0526869,
80234,174.4899313,
80235,175.9277097,
80236,177.0837878,
80237,180.2053379,
80238,182.0255111,
80239,182.8933465,
80240,184.8675758,
80241,187.0978895,
80242,189.7172714,
80243,190.5355678,
80244,192.1252175,
80245,195.8172443,
80246,197.1468273,
80247,198.1785159,
80248,200.7091687,
80249,203.2380562,
80250,204.2177815,
80251,205.62836,
80252,208.6339886,
80253,210.6692618,
80254,211.3044058,
80255,212.5327556,
80256,215.039369,
80257,216.3158941,
80258,216.9858124,
80259,217.8361565,
80260,219.4263253,
80261,220.6271898,
80262,221.4219521,
80263,222.2393638,
80264,223.8321692,
80265,224.9371156,
80266,225.4537339,
80267,225.2190917,
80268,226.1295181,
80269,227.1453362,
80270,227.8054485,
80271,228.2941541,
80272,228.8737647,
80273,229.3650485,
80274,229.6232674,
80275,229.8082493,
80276,229.9045238,
80277,230.3999853,
80278,230.5833916,
80279,230.4550534,
80280,230.4097825,
80281,230.4954823,
80282,230.7520405,
80283,230.9288909,
80284,230.8687617,
80285,230.550365,
80286,230.6817873,
80287,230.3834497,
80288,230.3208179,
80289,230.380058,
80290,230.3335411,
80291,230.283273,
80292,230.3075171,
80293,230.2526592,
80294,230.1179381,
80295,230.0273011,
80296,229.878966,
80297,229.9612236,
80298,230.2335876,
80299,230.8788461,
80300,231.0092827,
80301,231.1250247,
80302,231.3028603,
80303,231.564275,
80304,231.8812922,
80305,232.0568317,
80306,232.476915,
80307,232.5153972,
80308,232.6684872,
80309,233.217072,
80310,233.5680481,
80311,233.8025297,
80312,233.5081455,
80313,232.8939071,
80314,232.4395601,
80315,231.9848866,
80316,231.5883413,
80317,231.3233375,
80318,230.7446925,
80319,230.0042375,
80320,229.056776,
80321,228.7642667,
80322,227.9454711,
80323,227.0584284,
80324,225.8943048,
80325,225.6456486,
80326,224.9689343,
80327,224.2632345,
80328,222.8252043,
80329,221.9651587,
80330,221.656261,
80331,220.7392364,
80332,219.4395831,
80333,217.6798486,
80334,217.2127403,
80335,216.523172,
80336,214.9690651,
80337,213.6894649,
80338,211.8908404,
80339,210.8306962,
80340,210.3561213,
80341,207.8500256,
80342,205.1434181,
80343,204.1701699,
80344,203.1792205,
80345,201.205057,
80346,199.8047738,
80347,198.0790203,
80348,197.0450331,
80349,195.4548309,
80350,191.8933782,
80351,191.3744603,
80352,189.8191695,
80353,188.3124855,
80354,185.9739396,
80355,185.1839065,
80356,185.14362,
80357,183.2388225,
80358,180.4124173,
80359,179.9430232,
80360,178.8396429,
80361,176.6775167,
80362,173.7377021,
80363,172.1458317,
80364,171.5186188,
80365,168.7387785,
80366,166.2641041,
80367,165.6492374,
80368,162.9815492,
80369,160.9243564,
80370,158.2061317,
80371,158.0578771,
80372,155.8835296,
80373,152.971117,
80374,151.6478579,
80375,150.5132153,
80376,148.3542948,
80377,146.3015122,
80378,145.9739389,
80379,144.3318718,
80380,142.2367462,
80381,141.1298022,
80382,141.0233143,
80383,140.5455993,
80384,139.4635681,
80385,137.6874266,
80386,137.3643888,
80387,136.5273534,
80388,135.7164121,
80389,133.7910973,
80390,131.7944864,
80391,130.9402587,
80392,130.6717253,
80393,129.2854432,
80394,127.6242385,
80395,126.5853654,
80396,126.3272567,
80397,125.2076941,
80398,124.6077366,
80399,123.5174859,
80400,123.5415952,
80401,122.6011125,
80402,121.9634521,
80403,121.6919545,
80404,121.595834,
80405,121.3934627,
80406,120.8494197,
80407,120.6492049,
80408,121.001673,
80409,121.6042106,
80410,121.4291833,
80411,121.740923,
80412,122.0202714,
80413,122.3105403,
80414,122.9414519,
80415,123.8897943,
80416,124.7618074,
80417,125.3040215,
80418,125.7592421,
80419,127.0397782,
80420,127.8795398,
80421,128.5042428,
80422,129.0668057,
80423,130.5310878,
80424,131.8806506,
80425,133.1175207,
80426,133.6876043,
80427,134.5128915,
80428,136.1661428,
80429,137.3182317,
80430,138.2705306,
80431,139.6921346,
80432,141.455393,
80433,143.0689064,
80434,143.8258009,
80435,144.0742985,
80436,144.7393596,
80437,146.2252605,
80438,147.0949344,
80439,147.4340784,
80440,148.0071463,
80441,148.8283327,
80442,149.4283201,
80443,149.8697961,
80444,149.6350618,
80445,149.6028709,
80446,149.4228513,
80447,149.4184436,
80448,149.2748969,
80449,149.2218927,
80450,148.9993075,
80451,148.5279122,
80452,147.9890752,
80453,147.8212884,
80454,147.2548031,
80455,146.4844235,
80456,146.1484733,
80457,145.7464234,
80458,145.3563765,
80459,144.9009182,
80460,144.6095399,
80461,144.0194136,
80462,143.5376396,
80463,142.8657898,
80464,142.1017663,
80465,141.9600927,
80466,141.810318,
80467,141.5583789,
80468,141.4025364,
80469,141.6659238,
80470,141.6978265,
80471,141.8359707,
80472,142.1191298,
80473,141.9844075,
80474,141.9817321,
80475,142.0975154,
80476,142.3444007,
80477,142.8012195,
80478,142.9753413,
80479,143.440242,
80480,143.7524267,
80481,144.4867171,
80482,145.0189222,
80483,145.4181718,
80484,145.8240771,
80485,146.2153673,
80486,147.232397,
80487,147.6666846,
80488,148.2544791,
80489,148.3864405,
80490,148.9627615,
80491,149.7418288,
80492,150.4747008,
80493,151.057507,
80494,151.2666179,
80495,151.4239056,
80496,151.9819246,
80497,152.5432356,
80498,152.8650184,
80499,152.6564855,
80500,152.8516402,
80501,153.7307177,
80502,154.1062643,
80503,154.0510956,
80504,154.1880569,
80505,154.7896062,
80506,155.0729354,
80507,156.2361451,
80508,156.5583169,
80509,156.9175107,
80510,157.157465,
80511,158.3176967,
80512,158.9719469,
80513,158.4391465,
80514,159.5453383,
80515,159.3669952,
80516,160.455579,
80517,161.4444545,
80518,161.3814307,
80519,161.1658427,
80520,160.3198252,
80521,160.6096412,
80522,161.8295505,
80523,162.041287,
80524,160.8177111,
80525,161.1463804,
80526,160.4402758,
80527,159.5329372,
80528,158.9976668,
80529,158.458327,
80530,158.3705732,
80531,157.4870644,
80532,156.5706781,
80533,156.632043,
80534,156.4270305,
80535,155.515403,
80536,154.8254809,
80537,155.3092136,
80538,154.7628334,
80539,154.0353261,
80540,154.071681,
80541,152.8905934,
80542,153.8781482,
80543,152.9539974,
80544,152.6788494,
80545,153.1213104,
80546,153.4535528,
80547,152.9828073,
80548,153.5190818,
80549,153.690392,
80550,154.274773,
80551,154.6575264,
80552,155.3783302,
80553,155.8812218,
80554,156.0599682,
80555,156.3511288,
80556,156.5917285,
80557,157.4308057,
80558,158.0653432,
80559,158.3666348,
80560,159.2343551,
80561,160.2502229,
80562,161.1401755,
80563,161.3988961,
80564,162.1704087,
80565,162.7337309,
80566,163.306424,
80567,163.6253984,
80568,164.1769624,
80569,164.6543673,
80570,164.3551016,
80571,164.0908544,
80572,164.6133431,
80573,164.8015712,
80574,165.1655765,
80575,165.4994173,
80576,166.5005275,
80577,167.2056171,
80578,167.6724557,
80579,167.4817673,
80580,166.9186437,
80581,167.9488309,
80582,168.2754085,
80583,168.7941399,
80584,169.9261876,
80585,171.0598078,
80586,171.6210783,
80587,172.012885,
80588,172.7192774,
80589,173.9655795,
80590,174.230716,
80591,174.7375837,
80592,176.0463842,
80593,177.0714752,
80594,177.4802054,
80595,178.0468766,
80596,179.1779933,
80597,179.9877139,
80598,180.4984349,
80599,182.3827616,
80600,183.3166774,
80601,184.0032775,
80602,184.4821741,
80603,185.2540509,
80604,186.5989042,
80605,187.6609507,
80606,188.352869,
80607,190.111576,
80608,191.7828017,
80609,192.1099033,
80610,192.2903654,
80611,193.2799482,
80612,194.7383173,
80613,195.1480439,
80614,195.6213228,
80615,196.5041305,
80616,197.0522573,
80617,197.1356972,
80618,197.3443485,
80619,197.9366331,
80620,198.2463051,
80621,198.214817,
80622,198.3675077,
80623,198.6579489,
80624,199.0770537,
80625,199.0621058,
80626,198.8898821,
80627,198.654299,
80628,199.0062837,
80629,199.3669876,
80630,199.5614575,
80631,199.8012033,
80632,200.1771254,
80633,200.4997621,
80634,200.5839096,
80635,200.6276275,
80636,200.6049226,
80637,200.4902259,
80638,200.6969318,
80639,200.9035961,
80640,201.2817351,
80641,201.9732434,
80642,202.375473,
80643,202.8498488,
80644,203.2064437,
80645,203.9012818,
80646,204.4827091,
80647,205.2966358,
80648,205.3669486,
80649,205.511943,
80650,205.8827148,
80651,206.7504316,
80652,206.8866123,
80653,206.8357784,
80654,207.1403669,
80655,207.8455204,
80656,208.2895889,
80657,209.0417091,
80658,210.0472945,
80659,211.0537114,
80660,211.5418346,
80661,211.8174035,
80662,212.5406212,
80663,213.4558243,
80664,214.0003555,
80665,214.3187327,
80666,214.5193426,
80667,214.659962,
80668,215.0640385,
80669,214.6610163,
80670,214.429043,
80671,213.9730141,
80672,213.3923186,
80673,212.946459,
80674,212.6607522,
80675,211.7908355,
80676,210.9420663,
80677,210.42559,
80678,209.8259905,
80679,208.8319367,
80680,207.4489252,
80681,206.9115368,
80682,206.4315088,
80683,205.5277828,
80684,204.2400248,
80685,203.3681828,
80686,202.3442597,
80687,201.1181943,
80688,199.5440261,
80689,197.8493901,
80690,197.2031442,
80691,197.0642828,
80692,196.3851795,
80693,194.16672,
80694,192.4059305,
80695,191.8222929,
80696,190.7855359,
80697,188.9344734,
80698,186.1818878,
80699,184.3788295,
80700,183.7564492,
80701,182.3215865,
80702,179.6996633,
80703,177.7480132,
80704,177.0936635,
80705,174.8698806,
80706,172.7253935,
80707,170.9823118,
80708,169.9319794,
80709,169.6560422,
80710,167.5486357,
80711,165.1744917,
80712,164.5062855,
80713,163.0435146,
80714,160.7611629,
80715,158.9897591,
80716,157.5511789,
80717,156.6068319,
80718,155.8851339,
80719,154.1399184,
80720,152.1081854,
80721,151.7407738,
80722,150.4172384,
80723,148.1291108,
80724,146.1973313,
80725,144.5307209,
80726,143.8251973,
80727,141.3592822,
80728,139.6541604,
80729,138.9809101,
80730,136.8181607,
80731,134.8097698,
80732,132.5298138,
80733,131.8188915,
80734,129.8832153,
80735,127.7852018,
80736,125.8211334,
80737,124.7458661,
80738,123.9334726,
80739,122.3417697,
80740,120.0578646,
80741,118.9235045,
80742,118.5800414,
80743,116.3190297,
80744,113.9540799,
80745,113.113303,
80746,112.3078968,
80747,110.2638166,
80748,107.0993032,
80749,106.0837685,
80750,105.0379942,
80751,103.0757176,
80752,101.3611289,
80753,99.62597097,
80754,99.65746447,
80755,97.92225915,
80756,95.5987809,
80757,94.01468455,
80758,93.49719239,
80759,91.63692157,
80760,89.49013369,
80761,88.57881632,
80762,87.493825,
80763,85.05852662,
80764,82.87504486,
80765,82.43602609,
80766,81.32662456,
80767,79.67991567,
80768,78.05094822,
80769,77.49161772,
80770,77.43507979,
80771,76.25755374,
80772,74.76727469,
80773,74.11787484,
80774,73.15673967,
80775,72.29058076,
80776,71.83967358,
80777,71.91856536,
80778,71.90945904,
80779,71.99404916,
80780,71.71173037,
80781,72.11248715,
80782,72.50395909,
80783,73.13774509,
80784,73.53751763,
80785,74.19121506,
80786,75.37993556,
80787,76.11954009,
80788,76.04344386,
80789,76.62330742,
80790,77.71380542,
80791,78.89954638,
80792,79.33500447,
80793,80.08138148,
80794,82.07909642,
80795,83.35470258,
80796,84.04799958,
80797,84.31861035,
80798,85.7403903,
80799,87.2249268,
80800,89.19166265,
80801,90.24559949,
80802,90.94656777,
80803,91.57285514,
80804,92.39876864,
80805,93.07665731,
80806,93.41307883,
80807,93.57343097,
80808,93.63908613,
80809,94.11891337,
80810,94.44867646,
80811,93.79822007,
80812,94.34320574,
80813,94.10348818,
80814,94.72125621,
80815,94.03000403,
80816,94.05310493,
80817,93.89148009,
80818,93.76279499,
80819,93.63156279,
80820,93.55735685,
80821,94.54293902,
80822,95.13781978,
80823,95.67722949,
80824,95.75885094,
80825,96.21504929,
80826,96.45001225,
80827,96.75566411,
80828,96.83570776,
80829,96.83318609,
80830,96.78241364,
80831,97.10824522,
80832,97.61644645,
80833,97.89809486,
80834,97.70606077,
80835,97.67625721,
80836,97.81105236,
80837,97.65470012,
80838,97.6817879,
80839,97.02695938,
80840,96.17221261,
80841,95.74172707,
80842,96.08725089,
80843,96.44374758,
80844,96.29547179,
80845,96.62749197,
80846,96.45689994,
80847,96.31745994,
80848,96.81836382,
80849,97.15281298,
80850,96.9490002,
80851,96.91219204,
80852,96.5251811,
80853,97.16991999,
80854,97.6371097,
80855,98.40982609,
80856,99.2671304,
80857,100.7463645,
80858,102.212113,
80859,103.5327155,
80860,103.6201014,
80861,104.8780872,
80862,105.6986696,
80863,106.429172,
80864,107.7330335,
80865,109.6680581,
80866,111.6259643,
80867,112.8349784,
80868,112.6943326,
80869,114.0591876,
80870,116.3351321,
80871,118.4514688,
80872,119.0362985,
80873,120.8241264,
80874,122.9507857,
80875,124.143279,
80876,125.1582486,
80877,127.3808523,
80878,129.5234155,
80879,130.2852901,
80880,131.0561979,
80881,134.1943767,
80882,136.5691029,
80883,137.6182083,
80884,138.7354241,
80885,141.7584754,
80886,144.1972652,
80887,144.6405586,
80888,146.8669154,
80889,148.4714211,
80890,150.0032558,
80891,150.5280161,
80892,153.1997582,
80893,155.295523,
80894,156.5002927,
80895,157.9800689,
80896,160.566428,
80897,163.4031508,
80898,163.8142827,
80899,165.1928187,
80900,168.1174403,
80901,169.081025,
80902,170.1808413,
80903,171.1676627,
80904,172.8376381,
80905,174.9258018,
80906,176.0257049,
80907,176.6303796,
80908,179.5682896,
80909,182.1006759,
80910,182.7182932,
80911,183.9566477,
80912,187.0867811,
80913,189.9921932,
80914,190.2224245,
80915,191.5191541,
80916,195.0149257,
80917,197.7648685,
80918,198.6573188,
80919,200.0108807,
80920,202.2750653,
80921,204.5053648,
80922,205.4182228,
80923,207.5877834,
80924,210.1503229,
80925,212.1477764,
80926,213.2706746,
80927,214.3113096,
80928,217.0385642,
80929,219.663543,
80930,219.2696741,
80931,221.4303372,
80932,223.2951035,
80933,225.6264941,
80934,225.8577047,
80935,227.3431352,
80936,227.8338254,
80937,230.4336945,
80938,230.8545385,
80939,231.0589028,
80940,232.9682577,
80941,234.9826139,
80942,236.346641,
80943,237.0319158,
80944,239.6946895,
80945,241.7336307,
80946,242.0840217,
80947,242.5795983,
80948,245.0550107,
80949,246.4127919,
80950,247.1962495,
80951,248.6287269,
80952,250.6804517,
80953,252.598195,
80954,252.9022192,
80955,254.2369807,
80956,255.7073613,
80957,256.8158365,
80958,257.3186895,
80959,257.7427535,
80960,258.2034118,
80961,259.2850417,
80962,260.0538497,
80963,260.2378081,
80964,260.4246502,
80965,262.0418832,
80966,262.1995025,
80967,262.1463523,
80968,262.2971329,
80969,262.4413321,
80970,263.3276761,
80971,263.6593619,
80972,263.5798964,
80973,263.6340264,
80974,264.1520818,
80975,264.2762041,
80976,264.2366763,
80977,264.2538051,
80978,264.2785614,
80979,264.3483875,
80980,264.7623513,
80981,264.4779785,
80982,264.3582696,
80983,264.124704,
80984,263.4953975,
80985,263.3930725,
80986,263.1909781,
80987,262.5349662,
80988,262.30943,
80989,262.1902745,
80990,262.096768,
80991,261.6892486,
80992,261.4733719,
80993,261.2541485,
80994,261.0964764,
80995,261.395842,
80996,261.4456385,
80997,261.3994781,
80998,261.3731296,
80999,261.0979174,
81000,260.8957302,
81001,260.2292226,
81002,260.2796692,
81003,259.9702024,
81004,259.5194924,
81005,259.0724139,
81006,258.8724813,
81007,259.0900086,
81008,259.3298608,
81009,259.5249464,
81010,259.3110145,
81011,259.3908176,
81012,259.2374642,
81013,258.8055222,
81014,258.2699985,
81015,258.7210983,
81016,259.2796151,
81017,259.5288367,
81018,259.3725956,
81019,259.1764994,
81020,259.8893746,
81021,260.1674755,
81022,260.3446066,
81023,260.2057175,
81024,260.2534532,
81025,260.1951054,
81026,260.1753858,
81027,260.0656417,
81028,259.9965707,
81029,259.9099979,
81030,259.6873493,
81031,259.11487,
81032,258.5631428,
81033,257.8475974,
81034,257.5784599,
81035,256.8585542,
81036,255.8994836,
81037,255.3753038,
81038,254.8957831,
81039,254.4278509,
81040,253.3075421,
81041,252.2476197,
81042,251.2536229,
81043,250.5321695,
81044,249.196653,
81045,247.1144094,
81046,246.4093174,
81047,246.140506,
81048,244.4793174,
81049,242.2228034,
81050,240.8156298,
81051,240.8773018,
81052,239.7282877,
81053,237.5398447,
81054,235.9369857,
81055,234.8732312,
81056,233.740344,
81057,231.1815822,
81058,229.3687699,
81059,228.2255627,
81060,227.3255088,
81061,224.9380051,
81062,222.8336491,
81063,221.6086875,
81064,220.1088179,
81065,216.7295918,
81066,214.6653772,
81067,214.188919,
81068,212.3379846,
81069,209.5165837,
81070,208.11331,
81071,207.3766166,
81072,204.8527466,
81073,201.7917469,
81074,201.0291934,
81075,199.8318409,
81076,196.4854867,
81077,193.8929013,
81078,192.819171,
81079,190.4249564,
81080,187.6918319,
81081,186.5704997,
81082,185.4364972,
81083,182.3500092,
81084,179.4247481,
81085,178.5409455,
81086,176.5849291,
81087,173.1375965,
81088,171.1286994,
81089,169.9715125,
81090,167.0290499,
81091,164.7194319,
81092,163.3380154,
81093,160.3676339,
81094,157.1364623,
81095,156.6986999,
81096,155.3295555,
81097,151.6226933,
81098,149.3205643,
81099,148.2908742,
81100,145.8454073,
81101,142.5786216,
81102,142.173983,
81103,140.3106731,
81104,137.5934817,
81105,136.1968949,
81106,135.8652553,
81107,133.560255,
81108,130.5201951,
81109,129.3681606,
81110,127.7484503,
81111,125.2828793,
81112,123.2521385,
81113,123.2601132,
81114,121.2612085,
81115,118.2308008,
81116,117.1325752,
81117,116.2855545,
81118,113.8876194,
81119,112.0245086,
81120,111.1656334,
81121,109.3746505,
81122,106.5549641,
81123,105.1945764,
81124,104.0110541,
81125,101.4536973,
81126,99.52278095,
81127,98.88639263,
81128,97.05118615,
81129,95.81810073,
81130,94.54893956,
81131,93.65052005,
81132,92.39382117,
81133,91.01443167,
81134,90.59203771,
81135,90.37157983,
81136,89.74046996,
81137,87.83296152,
81138,87.56506334,
81139,87.05074794,
81140,86.05375652,
81141,85.54067296,
81142,85.73686726,
81143,85.9517622,
81144,85.53802902,
81145,85.45486791,
81146,85.07496564,
81147,84.89057688,
81148,85.31374645,
81149,85.81986928,
81150,86.29960901,
81151,87.03065287,
81152,87.42851574,
81153,87.593461,
81154,88.36607556,
81155,89.4469631,
81156,89.78659214,
81157,91.46097037,
81158,93.31424659,
81159,93.96882159,
81160,94.24563394,
81161,96.38974472,
81162,97.79304969,
81163,98.70083276,
81164,99.6920118,
81165,102.5470746,
81166,103.1765218,
81167,104.4060269,
81168,106.06762,
81169,108.0560829,
81170,109.5459647,
81171,110.2703218,
81172,113.0641628,
81173,115.3470084,
81174,115.7826676,
81175,117.7603571,
81176,119.8013477,
81177,120.8726727,
81178,121.859663,
81179,123.8667187,
81180,126.142521,
81181,127.3588774,
81182,128.8047461,
81183,130.8486449,
81184,132.9327703,
81185,134.1062921,
81186,134.4505662,
81187,137.6054609,
81188,141.2313144,
81189,141.888109,
81190,143.8887612,
81191,146.4317798,
81192,148.8719549,
81193,149.6646258,
81194,153.0308556,
81195,156.298299,
81196,157.3266935,
81197,160.3323661,
81198,163.4696026,
81199,164.4224188,
81200,166.4780825,
81201,170.6688189,
81202,172.5350528,
81203,173.8518566,
81204,176.3235019,
81205,178.5924432,
81206,179.7747283,
81207,181.4217345,
81208,182.7185758,
81209,184.2491331,
81210,186.1784178,
81211,187.254519,
81212,190.3410473,
81213,191.6839901,
81214,192.4345614,
81215,193.5624532,
81216,197.3568951,
81217,198.3519197,
81218,199.1559357,
81219,200.5588768,
81220,203.1459533,
81221,204.9852188,
81222,205.1576187,
81223,206.7884715,
81224,209.5997915,
81225,210.2517623,
81226,211.6216186,
81227,213.7516142,
81228,215.4192852,
81229,216.8791658,
81230,217.6755073,
81231,219.7416238,
81232,222.011069,
81233,223.0325638,
81234,223.6955773,
81235,225.8454466,
81236,227.1516051,
81237,227.6090417,
81238,228.3489621,
81239,229.6192225,
81240,229.8683966,
81241,230.3258067,
81242,231.1936967,
81243,231.4107857,
81244,231.8834116,
81245,231.556953,
81246,231.7985441,
81247,232.5819671,
81248,232.5422164,
81249,232.3789938,
81250,232.7344502,
81251,232.5482326,
81252,232.435877,
81253,232.3029375,
81254,232.5287075,
81255,232.2728767,
81256,231.7811821,
81257,232.0588529,
81258,232.0645201,
81259,232.2367665,
81260,231.9211252,
81261,231.3939914,
81262,230.6783336,
81263,230.1720651,
81264,230.119373,
81265,230.1940479,
81266,230.360924,
81267,230.3080929,
81268,230.0009489,
81269,229.6752144,
81270,229.0405869,
81271,228.3870143,
81272,228.3312041,
81273,228.522445,
81274,228.3710052,
81275,228.203384,
81276,227.7434071,
81277,227.8265702,
81278,227.1758031,
81279,227.1304901,
81280,227.0616698,
81281,227.0823297,
81282,226.7487719,
81283,226.3857693,
81284,226.140866,
81285,225.9120358,
81286,225.5362521,
81287,225.0104232,
81288,224.9560046,
81289,225.0760221,
81290,224.7373941,
81291,224.1597243,
81292,224.1392042,
81293,223.7846597,
81294,223.6994986,
81295,223.5049791,
81296,223.60363,
81297,223.5694484,
81298,223.3360347,
81299,223.0390807,
81300,223.0825962,
81301,222.5129079,
81302,222.7043594,
81303,223.152809,
81304,223.317598,
81305,223.2719581,
81306,223.1441094,
81307,222.7635761,
81308,221.8727991,
81309,221.245165,
81310,220.9811463,
81311,220.4067943,
81312,219.3924789,
81313,218.5110064,
81314,218.2664704,
81315,217.1519284,
81316,215.5231658,
81317,214.2775154,
81318,214.1150258,
81319,213.0406473,
81320,211.441893,
81321,210.287035,
81322,209.1739862,
81323,208.2176189,
81324,205.8357679,
81325,204.6522572,
81326,203.9230745,
81327,201.9709005,
81328,200.134822,
81329,199.5450818,
81330,197.8267299,
81331,195.0764853,
81332,193.7620232,
81333,192.6655525,
81334,191.1753349,
81335,188.1764878,
81336,186.6766661,
81337,185.8190214,
81338,183.6655673,
81339,181.2964333,
81340,179.7468644,
81341,178.7943613,
81342,176.8309708,
81343,174.3894097,
81344,172.8478187,
81345,171.5184208,
81346,169.443163,
81347,168.5474864,
81348,166.995281,
81349,166.2820035,
81350,164.6629755,
81351,162.3305783,
81352,160.8502266,
81353,160.5603329,
81354,158.9382368,
81355,156.5555763,
81356,154.610576,
81357,154.2113947,
81358,152.5837619,
81359,150.2645917,
81360,148.3906491,
81361,147.4181433,
81362,146.2065572,
81363,143.881476,
81364,142.3058643,
81365,142.5778917,
81366,141.0638015,
81367,138.9102883,
81368,136.8827277,
81369,135.3998145,
81370,133.3151446,
81371,130.1507904,
81372,129.170245,
81373,128.1471737,
81374,125.9016973,
81375,123.8919917,
81376,123.0756059,
81377,121.8649704,
81378,119.1881177,
81379,117.9395962,
81380,117.6532551,
81381,116.1277614,
81382,114.6920231,
81383,114.1017525,
81384,113.356554,
81385,111.0529937,
81386,110.4013547,
81387,110.1802229,
81388,108.5077348,
81389,107.0287929,
81390,107.1107458,
81391,106.4032215,
81392,105.9492561,
81393,105.5272043,
81394,105.2840574,
81395,104.4445277,
81396,103.8800465,
81397,103.8368432,
81398,103.8158619,
81399,103.6697664,
81400,103.462797,
81401,103.2307225,
81402,103.1438058,
81403,103.6102341,
81404,103.9251044,
81405,104.3368038,
81406,105.1964899,
81407,105.4377608,
81408,105.4043789,
81409,105.6985251,
81410,106.4887115,
81411,106.9223908,
81412,107.2252071,
81413,108.5300061,
81414,109.7232135,
81415,110.0522215,
81416,110.7928155,
81417,112.1792507,
81418,113.7926587,
81419,114.7153101,
81420,116.6685621,
81421,118.5179869,
81422,118.2797871,
81423,119.6839619,
81424,121.2057808,
81425,122.8547143,
81426,124.0227927,
81427,126.4146652,
81428,128.7386763,
81429,129.4763081,
81430,130.7945626,
81431,133.2325488,
81432,135.1672958,
81433,136.3087248,
81434,140.2507204,
81435,141.9677252,
81436,142.6482073,
81437,145.1707462,
81438,147.6975781,
81439,149.1859616,
81440,151.3252051,
81441,154.046623,
81442,156.3402553,
81443,156.6510478,
81444,160.2017908,
81445,162.6702275,
81446,163.7024748,
81447,165.7336959,
81448,168.3519117,
81449,170.023922,
81450,170.5843268,
81451,172.6629634,
81452,175.3984327,
81453,176.0024738,
81454,176.8687504,
81455,178.7179599,
81456,181.6631545,
81457,181.8970241,
81458,183.1102402,
81459,184.6380215,
81460,186.1555805,
81461,187.6504489,
81462,188.8847889,
81463,191.7164801,
81464,193.0802319,
81465,193.4799994,
81466,194.7598079,
81467,196.3705293,
81468,197.4450754,
81469,197.8844365,
81470,200.1468438,
81471,202.0265038,
81472,202.9314988,
81473,205.1595741,
81474,206.7843243,
81475,208.1589568,
81476,208.3999883,
81477,209.2236418,
81478,210.5369915,
81479,211.4533656,
81480,212.2378878,
81481,213.0074742,
81482,214.2845603,
81483,214.9416186,
81484,215.3711208,
81485,215.5333821,
81486,216.9288027,
81487,217.5944458,
81488,217.9914333,
81489,218.8167889,
81490,219.5724625,
81491,220.1296947,
81492,220.6670799,
81493,221.6146328,
81494,222.5294688,
81495,222.8145957,
81496,223.3028228,
81497,224.1843151,
81498,225.0485213,
81499,225.2351904,
81500,225.7742522,
81501,226.6572241,
81502,227.2484387,
81503,227.3789507,
81504,227.8434446,
81505,227.7156616,
81506,227.6271805,
81507,227.3699923,
81508,226.9903083,
81509,226.9986999,
81510,227.0326431,
81511,226.7024791,
81512,226.3794727,
81513,225.6530317,
81514,225.433305,
81515,224.9487437,
81516,224.0682948,
81517,223.3022826,
81518,222.6238221,
81519,222.8589413,
81520,222.2686302,
81521,221.5556739,
81522,220.6388552,
81523,219.2386803,
81524,218.562518,
81525,217.2132458,
81526,216.4742627,
81527,215.6999224,
81528,215.091327,
81529,214.3808304,
81530,213.1059395,
81531,212.8484445,
81532,212.0307329,
81533,210.2758487,
81534,209.2765409,
81535,208.7997022,
81536,209.1450371,
81537,208.145604,
81538,207.1867995,
81539,206.8517318,
81540,206.7268466,
81541,206.6854556,
81542,206.5404716,
81543,206.0244138,
81544,206.6235139,
81545,206.4422042,
81546,206.3590447,
81547,206.3942229,
81548,206.3064437,
81549,206.0141938,
81550,205.9666424,
81551,206.0101539,
81552,205.8464783,
81553,205.7710644,
81554,205.404638,
81555,204.4688035,
81556,203.7843808,
81557,203.2918551,
81558,202.7444952,
81559,201.6658703,
81560,200.5496903,
81561,200.3727507,
81562,199.7643991,
81563,198.6458005,
81564,197.843007,
81565,197.2564431,
81566,196.8786083,
81567,196.2417646,
81568,194.8122879,
81569,192.9179272,
81570,192.4005865,
81571,191.0725558,
81572,190.0691302,
81573,188.5648494,
81574,187.2544959,
81575,185.9799576,
81576,184.3055773,
81577,182.0034178,
81578,180.697026,
81579,179.7453711,
81580,177.8152968,
81581,175.6581344,
81582,174.4958592,
81583,172.9684701,
81584,169.9523194,
81585,167.7579854,
81586,166.9061008,
81587,165.5735068,
81588,162.8341533,
81589,159.8718913,
81590,158.9224472,
81591,156.0752659,
81592,152.9229628,
81593,151.8262331,
81594,150.6635692,
81595,147.2599845,
81596,144.7545348,
81597,143.5316514,
81598,140.4000435,
81599,137.2031491,
81600,136.6707159,
81601,134.285437,
81602,131.5386497,
81603,130.1952132,
81604,128.7732143,
81605,127.1509316,
81606,125.4486521,
81607,124.0151614,
81608,123.3105437,
81609,121.1048003,
81610,119.1636228,
81611,118.3394811,
81612,116.7465545,
81613,114.4235709,
81614,112.8525749,
81615,112.14843,
81616,110.7019905,
81617,108.9815536,
81618,107.5622183,
81619,107.0065799,
81620,105.3060627,
81621,103.8808421,
81622,103.1576625,
81623,102.1739589,
81624,101.1872843,
81625,101.12917,
81626,101.0370035,
81627,100.9043091,
81628,100.5416737,
81629,100.7014279,
81630,100.811429,
81631,101.1230333,
81632,101.5804197,
81633,101.9968152,
81634,102.7923201,
81635,103.5921788,
81636,104.0810143,
81637,104.6628178,
81638,105.3733913,
81639,106.726982,
81640,107.5904506,
81641,108.2960088,
81642,108.914323,
81643,110.1116426,
81644,112.1114983,
81645,112.7479242,
81646,113.9178892,
81647,116.0335774,
81648,117.7406755,
81649,118.3295052,
81650,120.8401057,
81651,122.8104695,
81652,123.9948341,
81653,124.3209593,
81654,126.1602553,
81655,128.1154502,
81656,129.7748062,
81657,130.4321954,
81658,133.1414673,
81659,134.4665479,
81660,135.2610783,
81661,135.8224941,
81662,138.0073382,
81663,139.6708508,
81664,140.4331753,
81665,142.0885041,
81666,143.7204503,
81667,146.0066689,
81668,147.2261622,
81669,147.4404223,
81670,149.6143507,
81671,151.6341626,
81672,152.897928,
81673,153.508863,
81674,155.7389668,
81675,157.9126597,
81676,159.2031718,
81677,159.5901339,
81678,161.5157293,
81679,163.9077548,
81680,164.7351589,
81681,165.3150611,
81682,166.6527862,
81683,170.1343054,
81684,171.8114831,
81685,173.1253077,
81686,174.7155644,
81687,176.7094264,
81688,178.2498792,
81689,179.3579917,
81690,180.2257943,
81691,182.1299509,
81692,182.8590052,
81693,184.2173523,
81694,185.6227701,
81695,187.656349,
81696,189.6645092,
81697,192.2735354,
81698,193.2871017,
81699,194.7633792,
81700,197.6946536,
81701,200.1511756,
81702,200.7910934,
81703,202.489516,
81704,204.3961268,
81705,206.2358347,
81706,206.3909898,
81707,208.033812,
81708,209.934346,
81709,211.70868,
81710,212.2748295,
81711,213.2596847,
81712,214.0463072,
81713,215.470511,
81714,215.8835229,
81715,216.0825119,
81716,218.0158605,
81717,220.3736992,
81718,220.9436114,
81719,221.7271238,
81720,223.5541631,
81721,225.1009381,
81722,226.0414404,
81723,226.5041925,
81724,227.9200742,
81725,229.140682,
81726,230.0435517,
81727,230.4789225,
81728,231.6932064,
81729,232.6134142,
81730,233.1352487,
81731,232.9805536,
81732,234.4192254,
81733,235.6335382,
81734,236.5670971,
81735,237.2738493,
81736,239.2726639,
81737,240.2266483,
81738,240.5880934,
81739,242.0225516,
81740,243.4750657,
81741,243.847509,
81742,245.105005,
81743,246.5847457,
81744,247.3018287,
81745,247.6252767,
81746,248.665663,
81747,250.0882307,
81748,250.1726774,
81749,251.3120141,
81750,252.2585436,
81751,253.043527,
81752,252.6829975,
81753,252.5996333,
81754,253.3210169,
81755,254.0788011,
81756,253.9852746,
81757,254.4425957,
81758,254.534264,
81759,254.527443,
81760,254.2647637,
81761,254.1682317,
81762,254.4051388,
81763,254.228182,
81764,254.1406574,
81765,254.0264563,
81766,253.5575101,
81767,253.5012097,
81768,253.1951564,
81769,253.2614233,
81770,252.9189632,
81771,252.2243465,
81772,252.0778146,
81773,251.4802284,
81774,251.0450421,
81775,250.2169883,
81776,249.7258484,
81777,248.5871751,
81778,248.3365748,
81779,247.3167582,
81780,246.2040271,
81781,244.7890513,
81782,244.7815065,
81783,244.4434248,
81784,243.5271762,
81785,242.8461339,
81786,242.2080141,
81787,241.2039819,
81788,239.7586377,
81789,239.0435891,
81790,239.2470298,
81791,239.0981296,
81792,238.9369149,
81793,237.5250332,
81794,237.3599719,
81795,236.9880259,
81796,236.1502626,
81797,235.3389506,
81798,235.1838438,
81799,234.9791244,
81800,234.1675842,
81801,234.0582099,
81802,233.6708847,
81803,232.5508486,
81804,231.4375275,
81805,231.1162989,
81806,230.0950051,
81807,228.9008599,
81808,227.46162,
81809,227.1079226,
81810,225.9733014,
81811,224.5893483,
81812,222.9669712,
81813,222.3356047,
81814,221.5807277,
81815,219.8196683,
81816,218.7578485,
81817,217.8749061,
81818,216.3247075,
81819,214.2764632,
81820,212.4695038,
81821,211.9583736,
81822,210.6472834,
81823,208.8041867,
81824,206.6426063,
81825,206.51953,
81826,204.8496369,
81827,200.9209736,
81828,200.6247038,
81829,199.3924075,
81830,197.7817011,
81831,194.749368,
81832,193.0017494,
81833,192.0660892,
81834,188.3154856,
81835,186.3337699,
81836,185.2833648,
81837,183.8425971,
81838,182.2365472,
81839,180.4726388,
81840,179.5515728,
81841,178.0705325,
81842,175.7067007,
81843,173.2422192,
81844,171.0154331,
81845,169.8564857,
81846,166.8226511,
81847,164.3593616,
81848,163.2580665,
81849,161.2476999,
81850,157.3465176,
81851,155.4716705,
81852,155.1675833,
81853,153.1233742,
81854,150.6785361,
81855,148.7514088,
81856,148.2417363,
81857,146.8238132,
81858,143.8981193,
81859,141.5385392,
81860,140.7051764,
81861,139.3509499,
81862,136.5286297,
81863,134.3333673,
81864,133.464076,
81865,131.0658313,
81866,128.2551688,
81867,126.4824436,
81868,125.7331653,
81869,123.6514761,
81870,120.7885303,
81871,119.4568887,
81872,118.854115,
81873,116.4732711,
81874,113.6859882,
81875,112.1259173,
81876,110.7964741,
81877,108.4872323,
81878,105.5992569,
81879,104.9717884,
81880,103.7746066,
81881,102.3596865,
81882,102.5584659,
81883,101.6145358,
81884,100.8074636,
81885,99.33032566,
81886,97.98827026,
81887,96.98288025,
81888,96.40388011,
81889,96.12403385,
81890,95.52863276,
81891,95.05362711,
81892,93.97334467,
81893,94.02544398,
81894,93.87249771,
81895,93.60553846,
81896,93.48689679,
81897,93.47857417,
81898,94.01932122,
81899,94.00397619,
81900,93.92074134,
81901,94.02954918,
81902,94.41656425,
81903,95.17712246,
81904,95.78811837,
81905,95.87339006,
81906,96.31056705,
81907,97.31875584,
81908,98.01401106,
81909,98.61618077,
81910,99.54884456,
81911,100.5312501,
81912,101.9573955,
81913,102.638709,
81914,104.1933389,
81915,106.4458037,
81916,107.3796446,
81917,108.0312579,
81918,109.7187421,
81919,112.2914405,
81920,113.1889778,
81921,114.836567,
81922,117.7110691,
81923,119.5456519,
81924,119.5493535,
81925,121.7819151,
81926,123.6554845,
81927,125.2020451,
81928,126.4563764,
81929,129.3501531,
81930,131.6121119,
81931,133.0779437,
81932,133.6377558,
81933,135.7658531,
81934,138.5266169,
81935,140.4144266,
81936,141.3944659,
81937,144.2104653,
81938,146.9510076,
81939,148.011616,
81940,149.4167361,
81941,151.9068457,
81942,153.725952,
81943,154.3945852,
81944,155.5142942,
81945,157.839819,
81946,159.3375795,
81947,160.6502086,
81948,162.5277224,
81949,165.0664934,
81950,166.3036383,
81951,167.431507,
81952,169.6602636,
81953,172.517454,
81954,173.9267575,
81955,176.1983979,
81956,178.490406,
81957,180.4310578,
81958,181.1037691,
81959,183.7972759,
81960,186.9034797,
81961,187.2387256,
81962,189.8039284,
81963,192.4853543,
81964,193.4484458,
81965,194.286488,
81966,196.4422416,
81967,198.1544819,
81968,199.2260359,
81969,200.0659389,
81970,202.1841181,
81971,204.0544906,
81972,205.3875708,
81973,205.1031144,
81974,206.1601094,
81975,207.9763529,
81976,209.693191,
81977,209.7368198,
81978,210.1877907,
81979,211.0937056,
81980,212.715622,
81981,213.4619219,
81982,213.6903258,
81983,214.474439,
81984,215.3443361,
81985,215.8061654,
81986,216.2346589,
81987,216.6188457,
81988,216.6018687,
81989,216.6620438,
81990,216.3524937,
81991,216.7161118,
81992,217.2911889,
81993,217.2885217,
81994,217.067504,
81995,216.9585372,
81996,216.598225,
81997,216.489167,
81998,215.7352932,
81999,215.1608608,
82000,214.7913324,
82001,215.1407821,
82002,214.4403355,
82003,213.6537066,
82004,213.0821817,
82005,212.9260422,
82006,212.0144025,
82007,211.1394675,
82008,210.5231042,
82009,210.5778267,
82010,209.9981098,
82011,208.8184163,
82012,208.0265949,
82013,207.3885904,
82014,206.2194363,
82015,204.8422257,
82016,204.3475448,
82017,203.2558293,
82018,202.0442782,
82019,200.8188712,
82020,200.1752217,
82021,198.7760053,
82022,196.8327019,
82023,196.1978855,
82024,195.7135991,
82025,194.1379889,
82026,192.5405933,
82027,191.5016311,
82028,190.1751179,
82029,187.6727703,
82030,186.3998434,
82031,186.4010207,
82032,184.626515,
82033,182.3972315,
82034,181.281394,
82035,180.815885,
82036,178.6961941,
82037,176.8988316,
82038,177.013139,
82039,175.3956451,
82040,173.2526713,
82041,172.219203,
82042,171.2546933,
82043,168.7241643,
82044,166.898681,
82045,166.1325321,
82046,164.3703079,
82047,161.7410311,
82048,160.2062184,
82049,159.6090099,
82050,157.3645785,
82051,155.1403514,
82052,154.1522513,
82053,152.9040498,
82054,151.0706454,
82055,148.1645109,
82056,147.6130373,
82057,147.0943255,
82058,144.9923246,
82059,143.3510486,
82060,141.9854178,
82061,142.1865551,
82062,141.146602,
82063,139.1748051,
82064,136.7430865,
82065,135.7213845,
82066,133.7755456,
82067,130.5670455,
82068,129.657095,
82069,128.4807443,
82070,126.9598411,
82071,124.2477966,
82072,122.2996257,
82073,121.9949992,
82074,119.7119419,
82075,117.0870285,
82076,114.7454695,
82077,114.3334626,
82078,112.0267375,
82079,109.3004979,
82080,108.2638994,
82081,106.6459437,
82082,104.4691453,
82083,102.8633278,
82084,101.6930838,
82085,100.8595231,
82086,98.62702436,
82087,96.51864211,
82088,95.52820593,
82089,95.23943032,
82090,93.5211812,
82091,91.9837389,
82092,90.67077485,
82093,90.10475896,
82094,89.12537304,
82095,88.43760027,
82096,88.21222215,
82097,88.43907908,
82098,88.39175945,
82099,87.38720254,
82100,86.69290462,
82101,86.39093263,
82102,86.27478175,
82103,86.01072653,
82104,85.40961956,
82105,85.64784039,
82106,85.68476295,
82107,85.45808054,
82108,85.47910658,
82109,85.27558363,
82110,85.68954891,
82111,86.17474462,
82112,86.39908422,
82113,87.57856984,
82114,88.49211062,
82115,89.09596197,
82116,88.98787805,
82117,89.90451178,
82118,92.06782793,
82119,92.89578272,
82120,94.47007857,
82121,95.91535938,
82122,98.18938071,
82123,98.64749621,
82124,99.87080877,
82125,102.6814874,
82126,103.8914204,
82127,104.9309616,
82128,107.5327755,
82129,110.0443913,
82130,110.7334918,
82131,111.9410905,
82132,114.6710334,
82133,116.8392876,
82134,117.8686956,
82135,120.1977661,
82136,123.3206473,
82137,125.1538331,
82138,126.1019324,
82139,128.6826252,
82140,131.2026364,
82141,132.5173345,
82142,134.2065325,
82143,137.9635786,
82144,140.3742436,
82145,140.9228914,
82146,143.1127174,
82147,146.4567645,
82148,147.8294777,
82149,149.5989399,
82150,152.6076756,
82151,155.1605321,
82152,155.7989896,
82153,159.4342929,
82154,162.098672,
82155,163.6069493,
82156,166.5731786,
82157,169.641078,
82158,170.4139156,
82159,172.2566062,
82160,175.5564798,
82161,178.2620863,
82162,178.4460292,
82163,180.7675408,
82164,183.7091662,
82165,185.237177,
82166,186.4322162,
82167,188.9992633,
82168,191.4209648,
82169,191.8996251,
82170,193.0777788,
82171,195.8971069,
82172,198.7508447,
82173,199.7387257,
82174,202.4014493,
82175,205.5290775,
82176,206.15376,
82177,207.2897774,
82178,210.0602591,
82179,212.1324006,
82180,212.3825696,
82181,213.9731966,
82182,216.7767708,
82183,218.157878,
82184,218.639526,
82185,219.4560461,
82186,221.9101881,
82187,222.7499502,
82188,223.163736,
82189,224.2855121,
82190,225.1112633,
82191,225.7685604,
82192,225.7685852,
82193,226.4401746,
82194,227.8623336,
82195,228.6773142,
82196,229.2677626,
82197,230.5048606,
82198,231.3776989,
82199,232.2183248,
82200,232.5402182,
82201,233.2186477,
82202,234.9395853,
82203,235.9026523,
82204,236.4109697,
82205,238.1336912,
82206,239.1956739,
82207,239.4936942,
82208,240.1206134,
82209,241.4486151,
82210,242.1238125,
82211,242.7875522,
82212,243.7486794,
82213,244.3687428,
82214,244.6049585,
82215,244.80828,
82216,244.9263706,
82217,245.3927404,
82218,246.0789804,
82219,246.0867039,
82220,246.5770594,
82221,246.5751624,
82222,246.5685532,
82223,246.4238079,
82224,246.161288,
82225,246.0228377,
82226,245.8697206,
82227,245.7132073,
82228,245.4960449,
82229,244.7053025,
82230,244.2702096,
82231,243.821743,
82232,242.6047854,
82233,241.071093,
82234,240.654883,
82235,240.9531426,
82236,240.399145,
82237,239.6895828,
82238,237.7933493,
82239,237.5799042,
82240,236.7768689,
82241,235.1629053,
82242,233.0141171,
82243,232.4606301,
82244,232.1844853,
82245,231.2490014,
82246,229.9179982,
82247,228.8907699,
82248,228.1439942,
82249,225.6975115,
82250,224.1625595,
82251,224.1752984,
82252,223.7265149,
82253,222.4717628,
82254,221.0183262,
82255,220.210425,
82256,218.2067192,
82257,216.852961,
82258,215.1632381,
82259,214.8249152,
82260,213.563568,
82261,211.8349529,
82262,210.5219031,
82263,209.8240828,
82264,208.1464354,
82265,206.7324793,
82266,204.9202719,
82267,204.8070674,
82268,203.4835583,
82269,201.6600759,
82270,200.1143449,
82271,199.1295389,
82272,198.1678548,
82273,196.1750657,
82274,193.7689515,
82275,193.1338768,
82276,192.505328,
82277,190.3667265,
82278,188.4371869,
82279,187.5334776,
82280,186.986186,
82281,184.7853667,
82282,181.9591734,
82283,180.8736363,
82284,178.5890306,
82285,178.0132841,
82286,175.6193645,
82287,172.4688818,
82288,170.9907549,
82289,169.0158163,
82290,166.4125197,
82291,164.3704046,
82292,163.6813862,
82293,162.0130254,
82294,159.0817457,
82295,156.8752292,
82296,156.2607447,
82297,154.077085,
82298,150.9444773,
82299,149.3025833,
82300,148.5379723,
82301,147.2331365,
82302,144.7801187,
82303,142.6148048,
82304,141.5821787,
82305,139.6107408,
82306,137.664702,
82307,136.4370803,
82308,135.254503,
82309,134.1242277,
82310,132.1105415,
82311,130.1066668,
82312,129.7863642,
82313,129.1556111,
82314,128.1509326,
82315,126.4784548,
82316,124.3522664,
82317,123.3567921,
82318,122.1940739,
82319,119.8729234,
82320,119.5647908,
82321,118.4347714,
82322,118.6694078,
82323,117.8076253,
82324,116.0511623,
82325,114.5688861,
82326,114.1993459,
82327,113.4114259,
82328,111.8066309,
82329,110.4119159,
82330,110.1739059,
82331,109.8766982,
82332,109.8102712,
82333,108.571467,
82334,107.0980002,
82335,106.9788129,
82336,106.8823036,
82337,106.7771518,
82338,106.4949343,
82339,106.4258029,
82340,106.557035,
82341,106.7761681,
82342,107.0599781,
82343,106.8524642,
82344,106.5854972,
82345,106.8271601,
82346,106.8813754,
82347,106.7266524,
82348,106.4043779,
82349,106.6181257,
82350,106.3458736,
82351,106.7898894,
82352,107.1744175,
82353,107.7667878,
82354,107.6361562,
82355,107.388622,
82356,107.9523146,
82357,108.4366514,
82358,108.8515653,
82359,109.2396856,
82360,110.1044139,
82361,110.4116015,
82362,110.4949614,
82363,109.9620189,
82364,110.4281413,
82365,110.6081022,
82366,110.4719655,
82367,110.7173349,
82368,110.8344592,
82369,110.9404925,
82370,111.3050977,
82371,111.0540247,
82372,111.2306805,
82373,111.7599145,
82374,111.8835959,
82375,111.9827949,
82376,112.0951436,
82377,112.346163,
82378,112.5366775,
82379,112.8211121,
82380,113.3808609,
82381,113.7642631,
82382,114.4401202,
82383,115.2188951,
82384,115.8931367,
82385,116.5498917,
82386,117.6569016,
82387,118.4116469,
82388,118.7308881,
82389,119.4070371,
82390,120.3028411,
82391,121.6122913,
82392,122.1039808,
82393,122.5347734,
82394,122.9670528,
82395,125.0949684,
82396,126.3267571,
82397,126.82082,
82398,128.3178887,
82399,130.1997406,
82400,132.3910556,
82401,133.2191032,
82402,133.269969,
82403,134.9780424,
82404,136.5633087,
82405,137.9524933,
82406,138.1446553,
82407,140.2594142,
82408,142.2498113,
82409,144.3490432,
82410,144.8878759,
82411,146.3628501,
82412,148.9841656,
82413,150.9801766,
82414,151.7659898,
82415,152.8954049,
82416,155.3319084,
82417,158.0533897,
82418,158.6204974,
82419,160.2763342,
82420,163.6505824,
82421,166.010732,
82422,166.4359532,
82423,169.447394,
82424,172.3640541,
82425,173.877938,
82426,175.1488827,
82427,177.8361267,
82428,180.327837,
82429,180.3298859,
82430,182.246449,
82431,184.0504253,
82432,185.7192599,
82433,187.2357167,
82434,187.8566549,
82435,190.2285655,
82436,192.5113531,
82437,192.7844906,
82438,195.208017,
82439,197.6680183,
82440,198.2422005,
82441,200.1953722,
82442,202.7999357,
82443,205.5111923,
82444,205.3291862,
82445,207.979815,
82446,210.4540192,
82447,211.8341749,
82448,211.6012779,
82449,213.8387984,
82450,216.0723232,
82451,217.1421197,
82452,217.7633849,
82453,219.4915092,
82454,221.1785365,
82455,222.0325736,
82456,221.7596833,
82457,222.5121928,
82458,224.2548889,
82459,224.9066898,
82460,225.2314485,
82461,226.0862672,
82462,226.6023551,
82463,226.8982613,
82464,226.8406631,
82465,226.6570564,
82466,226.8995274,
82467,227.2718208,
82468,227.5706827,
82469,227.6342249,
82470,227.7304297,
82471,228.0727814,
82472,227.9651382,
82473,227.5926717,
82474,227.3912773,
82475,227.4991446,
82476,227.8200974,
82477,228.0663986,
82478,228.4560911,
82479,228.917588,
82480,228.9537543,
82481,228.6280678,
82482,228.3578997,
82483,227.5362262,
82484,226.9785114,
82485,226.8677273,
82486,227.2334777,
82487,226.8718055,
82488,226.2336595,
82489,225.4753739,
82490,225.1538289,
82491,224.0443486,
82492,222.8116189,
82493,222.0714826,
82494,222.1335107,
82495,221.5055099,
82496,220.1797621,
82497,218.8914571,
82498,218.0557739,
82499,217.1159269,
82500,215.236815,
82501,213.6527503,
82502,213.0192205,
82503,212.4243341,
82504,210.6915792,
82505,209.0018904,
82506,208.2039362,
82507,207.3878563,
82508,205.5937208,
82509,203.9184045,
82510,203.0409724,
82511,202.3466532,
82512,201.770956,
82513,199.7855811,
82514,198.865229,
82515,198.2984783,
82516,196.7765418,
82517,195.589142,
82518,194.7784321,
82519,194.2700946,
82520,194.2402177,
82521,192.5617641,
82522,191.4080703,
82523,190.9539445,
82524,190.7359573,
82525,189.6290077,
82526,188.6059521,
82527,188.1811566,
82528,188.2847025,
82529,188.3319413,
82530,188.0073092,
82531,187.7101448,
82532,187.366156,
82533,186.9838679,
82534,186.1111927,
82535,185.3548872,
82536,184.8487339,
82537,184.5409259,
82538,184.326869,
82539,183.1447774,
82540,182.8752206,
82541,182.7689841,
82542,182.2296785,
82543,181.6002253,
82544,181.0494303,
82545,181.341334,
82546,180.920797,
82547,180.3584234,
82548,179.8100831,
82549,179.4058305,
82550,178.8008028,
82551,178.3183447,
82552,177.4977331,
82553,177.3246731,
82554,176.5649777,
82555,175.4097921,
82556,174.234669,
82557,174.0979437,
82558,172.635944,
82559,171.3531729,
82560,170.0033832,
82561,170.0264486,
82562,169.1637205,
82563,167.7513878,
82564,166.6110045,
82565,165.2939968,
82566,164.531867,
82567,163.5902359,
82568,161.365605,
82569,159.4954347,
82570,159.2318842,
82571,158.7797437,
82572,157.5114204,
82573,155.6317737,
82574,153.7966681,
82575,152.5240402,
82576,150.9783607,
82577,147.6653283,
82578,146.078025,
82579,145.2962439,
82580,143.6581061,
82581,141.4266261,
82582,139.6426792,
82583,139.561712,
82584,136.2950364,
82585,134.3487966,
82586,133.2845511,
82587,132.3531235,
82588,130.2837136,
82589,128.7112525,
82590,126.9534073,
82591,126.8070467,
82592,123.324774,
82593,121.0095837,
82594,120.4224112,
82595,119.9228607,
82596,118.9819785,
82597,117.7284053,
82598,117.6744478,
82599,117.3670067,
82600,117.1139985,
82601,117.1428442,
82602,117.0004259,
82603,116.8399267,
82604,117.2581962,
82605,117.0522125,
82606,117.3117791,
82607,117.3237744,
82608,117.7578895,
82609,117.8451051,
82610,117.8766167,
82611,117.6852352,
82612,117.7733207,
82613,117.5632102,
82614,117.3958344,
82615,117.278953,
82616,117.4384677,
82617,117.3664343,
82618,117.6498266,
82619,117.4521342,
82620,117.4141846,
82621,117.9735202,
82622,118.43833,
82623,118.6192606,
82624,119.0235322,
82625,119.0186188,
82626,119.2095556,
82627,119.206049,
82628,119.0814855,
82629,119.475545,
82630,119.3868622,
82631,118.3912191,
82632,117.8771061,
82633,117.3554116,
82634,116.9121707,
82635,116.2235449,
82636,115.3943443,
82637,114.7491577,
82638,114.1208871,
82639,113.6976996,
82640,112.8084335,
82641,111.9779611,
82642,111.1367423,
82643,110.6803311,
82644,110.0023946,
82645,108.9249179,
82646,108.2089605,
82647,107.8467913,
82648,107.0130835,
82649,106.4097267,
82650,106.0309656,
82651,105.905604,
82652,105.7353562,
82653,105.8045806,
82654,105.6964372,
82655,105.1958311,
82656,104.9433108,
82657,105.0287245,
82658,104.5241543,
82659,104.6217866,
82660,104.1967909,
82661,105.0966677,
82662,104.9262079,
82663,104.5801619,
82664,104.686171,
82665,104.6367913,
82666,105.0119125,
82667,105.1560508,
82668,105.7873912,
82669,106.1857837,
82670,105.9060649,
82671,106.1649943,
82672,106.3157423,
82673,106.1187467,
82674,105.6586363,
82675,105.0459714,
82676,104.4788972,
82677,103.575072,
82678,102.3176252,
82679,100.8763092,
82680,100.8515915,
82681,100.1511068,
82682,98.01638665,
82683,97.30013137,
82684,96.32377421,
82685,94.83685397,
82686,93.59855012,
82687,92.94059263,
82688,91.72879105,
82689,91.00533192,
82690,89.88948954,
82691,88.16615774,
82692,87.41420554,
82693,86.40056008,
82694,85.10421279,
82695,83.05379905,
82696,81.1756982,
82697,80.7032455,
82698,79.8586623,
82699,78.50561325,
82700,76.72873157,
82701,76.06814691,
82702,75.13323161,
82703,73.79685392,
82704,72.21091223,
82705,71.22910221,
82706,70.80234965,
82707,70.13720871,
82708,69.76801685,
82709,69.64512286,
82710,69.24446885,
82711,68.84029855,
82712,68.39197656,
82713,67.69116955,
82714,66.37941261,
82715,66.03283467,
82716,64.45127265,
82717,62.21712083,
82718,61.06717769,
82719,59.9545582,
82720,58.7980081,
82721,56.91895197,
82722,55.06924811,
82723,54.19470654,
82724,53.88399697,
82725,51.92044008,
82726,50.67300111,
82727,49.87464441,
82728,48.55118434,
82729,48.52046614,
82730,47.05881313,
82731,46.50345373,
82732,45.75849566,
82733,45.46221156,
82734,44.87083058,
82735,44.51317315,
82736,44.31145035,
82737,43.24183806,
82738,42.26712617,
82739,41.50334163,
82740,40.65871648,
82741,40.65109814,
82742,40.64366047,
82743,39.7812834,
82744,39.98450678,
82745,38.68022887,
82746,38.34063361,
82747,37.74580587,
82748,37.43614234,
82749,36.70429074,
82750,36.9690516,
82751,36.44785696,
82752,35.75655461,
82753,35.75209975,
82754,34.94090501,
82755,33.97176915,
82756,33.55265572,
82757,32.80055837,
82758,32.0575869,
82759,32.04562553,
82760,31.8165356,
82761,31.28659703,
82762,30.98165243,
82763,30.81181212,
82764,30.78458396,
82765,30.37603799,
82766,29.71088005,
82767,29.05625433,
82768,28.615024,
82769,28.00877172,
82770,27.1481564,
82771,26.53570074,
82772,26.14545952,
82773,25.65302386,
82774,24.74245335,
82775,24.27869429,
82776,23.97994815,
82777,23.55486015,
82778,23.06234626,
82779,23.0412904,
82780,22.82830368,
82781,22.66198854,
82782,22.00881697,
82783,21.42372556,
82784,21.39941569,
82785,21.401066,
82786,21.25687267,
82787,21.28311662,
82788,21.32081987,
82789,21.49578288,
82790,21.262331,
82791,21.36380339,
82792,22.15574007,
82793,22.44534082,
82794,22.86247736,
82795,24.04454491,
82796,25.02982208,
82797,25.43479468,
82798,26.0693428,
82799,27.16344125,
82800,28.38150281,
82801,28.94846142,
82802,29.88844591,
82803,31.45780403,
82804,32.74132764,
82805,33.55030265,
82806,33.58939082,
82807,34.73038705,
82808,36.76653433,
82809,37.27617036,
82810,37.6927115,
82811,39.48866554,
82812,41.01289466,
82813,41.93387327,
82814,42.06556108,
82815,42.01729161,
82816,42.78072565,
82817,43.30656931,
82818,44.15371717,
82819,44.59053264,
82820,45.28454727,
82821,46.60300278,
82822,47.48698203,
82823,47.48902464,
82824,47.42689198,
82825,48.29450155,
82826,49.12777186,
82827,50.71658776,
82828,50.7508241,
82829,51.37548057,
82830,51.70721665,
82831,52.00875838,
82832,52.17939699,
82833,52.44869608,
82834,52.5112223,
82835,52.80777835,
82836,53.01086139,
82837,54.09215693,
82838,54.57256014,
82839,55.48993373,
82840,56.01585095,
82841,56.37021541,
82842,57.00434204,
82843,58.26182729,
82844,59.4257853,
82845,60.22120933,
82846,60.65295884,
82847,62.10524872,
82848,63.48503015,
82849,63.79453168,
82850,64.75513834,
82851,65.3754031,
82852,67.27992958,
82853,67.27359447,
82854,67.73306639,
82855,67.57053279,
82856,67.28338259,
82857,67.8241521,
82858,68.33173877,
82859,68.68480238,
82860,69.0310995,
82861,69.56307167,
82862,70.14929559,
82863,70.52804246,
82864,71.24877252,
82865,72.13661554,
82866,73.14052501,
82867,73.51447257,
82868,74.49460191,
82869,75.5841443,
82870,76.62107882,
82871,77.02098055,
82872,78.0368448,
82873,79.42000936,
82874,80.61118259,
82875,80.76608968,
82876,80.8665624,
82877,82.10277715,
82878,83.28985624,
82879,83.67523893,
82880,84.29155702,
82881,85.79383085,
82882,86.76703448,
82883,87.32295334,
82884,87.48705027,
82885,88.9076403,
82886,89.99473149,
82887,91.03720167,
82888,91.5696087,
82889,92.65794551,
82890,94.1612549,
82891,95.70818882,
82892,96.38678289,
82893,97.17202892,
82894,98.84413363,
82895,100.1541621,
82896,100.9435701,
82897,101.34538,
82898,101.3793008,
82899,101.9799522,
82900,102.4310516,
82901,103.5862985,
82902,103.6738017,
82903,103.9266472,
82904,104.654546,
82905,105.8400356,
82906,106.354747,
82907,106.3320673,
82908,106.6350732,
82909,107.0640013,
82910,107.5257955,
82911,107.6258668,
82912,107.8372184,
82913,107.7573527,
82914,107.4621914,
82915,107.4775184,
82916,107.870905,
82917,108.1975899,
82918,108.1770055,
82919,108.0853515,
82920,107.9692371,
82921,107.7080963,
82922,107.4211405,
82923,107.1374883,
82924,106.7641503,
82925,106.3558059,
82926,106.0321926,
82927,106.000001,
82928,105.8288043,
82929,105.2400256,
82930,104.8412145,
82931,104.7549217,
82932,104.4971202,
82933,104.227885,
82934,103.94789,
82935,103.6936066,
82936,103.5632132,
82937,103.425689,
82938,103.1403296,
82939,102.2661625,
82940,101.9010577,
82941,101.5394834,
82942,100.4703257,
82943,99.74493857,
82944,99.01721588,
82945,98.8015752,
82946,98.41010286,
82947,98.17975208,
82948,97.56610005,
82949,96.77557173,
82950,95.86437501,
82951,95.2759609,
82952,94.43174307,
82953,93.03493465,
82954,92.00177901,
82955,91.47867198,
82956,90.85451684,
82957,89.52496525,
82958,89.19382963,
82959,88.31770847,
82960,88.65271422,
82961,86.40073003,
82962,84.83839566,
82963,84.2743045,
82964,83.73684796,
82965,82.98953281,
82966,80.95608443,
82967,79.87910089,
82968,79.35686733,
82969,77.71980135,
82970,76.09927732,
82971,75.23072852,
82972,75.41837096,
82973,74.42297234,
82974,73.29789558,
82975,72.50071643,
82976,71.865344,
82977,70.45194417,
82978,69.33878094,
82979,68.57210081,
82980,68.55666031,
82981,67.78202689,
82982,66.51634244,
82983,66.072015,
82984,65.48157043,
82985,64.59918358,
82986,63.26108656,
82987,63.30564522,
82988,62.87015924,
82989,62.1134157,
82990,61.54112226,
82991,61.35691037,
82992,60.74805309,
82993,60.69446954,
82994,61.03813541,
82995,61.47080017,
82996,61.63277788,
82997,62.08987049,
82998,62.13469744,
82999,62.57504197,
83000,63.56987565,
83001,63.92458336,
83002,64.16370644,
83003,64.97924842,
83004,65.75918842,
83005,66.16870587,
83006,66.60408683,
83007,67.9201177,
83008,69.164523,
83009,69.97534127,
83010,71.55578033,
83011,72.96249033,
83012,73.17288804,
83013,74.29663428,
83014,76.44044434,
83015,77.76148878,
83016,78.27178137,
83017,79.62798946,
83018,81.53193274,
83019,81.93869799,
83020,83.24204374,
83021,85.27667152,
83022,85.72577072,
83023,86.49716461,
83024,87.42499282,
83025,88.33494146,
83026,89.00867095,
83027,90.04138192,
83028,92.14931176,
83029,92.53250623,
83030,92.72454573,
83031,93.9762836,
83032,94.63957414,
83033,95.50238027,
83034,95.97706763,
83035,97.15749267,
83036,98.17571482,
83037,98.12584322,
83038,98.62275069,
83039,99.23228532,
83040,99.26021223,
83041,99.12187776,
83042,98.41274963,
83043,97.96622201,
83044,97.89884865,
83045,97.93520786,
83046,97.45064037,
83047,96.39287482,
83048,95.54846778,
83049,95.28202887,
83050,94.84381006,
83051,93.6281281,
83052,92.32043188,
83053,92.07948505,
83054,91.39144379,
83055,90.06913943,
83056,88.60942284,
83057,88.17656577,
83058,86.66723594,
83059,84.74193763,
83060,83.89287286,
83061,83.70397481,
83062,82.3309308,
83063,80.44999354,
83064,78.85382879,
83065,78.48971837,
83066,77.13995985,
83067,75.25988356,
83068,74.3486482,
83069,73.65080827,
83070,72.23953375,
83071,70.76818649,
83072,68.57980575,
83073,68.09700012,
83074,67.14724022,
83075,65.68488092,
83076,64.2177451,
83077,63.7945285,
83078,63.23642306,
83079,61.17684116,
83080,60.3316449,
83081,58.77316319,
83082,58.87255438,
83083,57.69330726,
83084,57.26547659,
83085,56.12876831,
83086,56.34039078,
83087,56.28930804,
83088,56.29413547,
83089,55.83245659,
83090,55.57892547,
83091,55.69263625,
83092,55.33962782,
83093,56.07777646,
83094,56.57482536,
83095,56.85713325,
83096,56.56543441,
83097,56.66378214,
83098,56.6069533,
83099,57.1150998,
83100,56.62366187,
83101,56.67217684,
83102,56.83579207,
83103,56.95084049,
83104,56.40286288,
83105,56.78368107,
83106,56.54988058,
83107,56.51713307,
83108,55.97881541,
83109,55.39471546,
83110,55.47570425,
83111,54.89711172,
83112,55.0972605,
83113,54.86660298,
83114,55.27988367,
83115,55.57368387,
83116,55.27635355,
83117,54.97490754,
83118,54.53787003,
83119,54.24303555,
83120,53.58842603,
83121,53.12198089,
83122,52.725063,
83123,52.35016319,
83124,52.18530546,
83125,52.06708639,
83126,51.61269138,
83127,51.43852308,
83128,50.91123789,
83129,50.50418978,
83130,49.77251827,
83131,49.55259539,
83132,49.61191208,
83133,49.1439324,
83134,49.19271814,
83135,49.38586741,
83136,49.38929813,
83137,49.350751,
83138,49.48256872,
83139,49.55400776,
83140,49.42059216,
83141,49.29995385,
83142,49.26975117,
83143,49.13001641,
83144,48.80090257,
83145,48.58416913,
83146,48.12140637,
83147,47.68951519,
83148,47.6009643,
83149,47.47652923,
83150,47.31507616,
83151,47.16521788,
83152,46.92102962,
83153,46.95221314,
83154,46.84731352,
83155,46.67680555,
83156,46.7109672,
83157,46.78119871,
83158,46.9487741,
83159,46.96818455,
83160,46.80627551,
83161,46.55887296,
83162,46.47541781,
83163,46.18880999,
83164,46.01376115,
83165,46.12480471,
83166,46.23247218,
83167,46.31047638,
83168,46.37210557,
83169,46.86992004,
83170,47.22606783,
83171,47.46106849,
83172,47.81139209,
83173,48.72326658,
83174,49.60727516,
83175,49.67475315,
83176,50.88901166,
83177,51.94593637,
83178,52.88176112,
83179,53.3539055,
83180,54.41610139,
83181,55.33826099,
83182,56.74981148,
83183,57.03699612,
83184,57.88123792,
83185,59.26128801,
83186,60.63249388,
83187,61.31929437,
83188,62.1189209,
83189,63.95715334,
83190,65.14693934,
83191,65.59650863,
83192,66.34965518,
83193,68.62769483,
83194,69.5358946,
83195,70.3766112,
83196,71.11091877,
83197,71.95227834,
83198,73.26816525,
83199,75.08991478,
83200,75.57472147,
83201,77.94176259,
83202,79.64149892,
83203,81.02927286,
83204,81.33813889,
83205,83.04170665,
83206,84.94276541,
83207,86.411644,
83208,87.19358099,
83209,89.38937577,
83210,91.45433786,
83211,92.06020278,
83212,92.83239124,
83213,95.48791461,
83214,97.31803158,
83215,97.23864169,
83216,98.86485631,
83217,100.4627277,
83218,101.5704832,
83219,101.8492416,
83220,103.1827799,
83221,104.8478754,
83222,106.7473899,
83223,107.0813146,
83224,108.4841219,
83225,110.2267822,
83226,111.8723927,
83227,112.3183611,
83228,113.0778763,
83229,115.3936085,
83230,116.7731009,
83231,116.9166846,
83232,119.2144068,
83233,121.3854328,
83234,123.0131224,
83235,123.1565549,
83236,124.8698921,
83237,127.3350478,
83238,128.5663484,
83239,129.4378209,
83240,131.7484127,
83241,133.7581412,
83242,134.9095854,
83243,135.981145,
83244,137.4848377,
83245,139.5640425,
83246,140.7611761,
83247,141.7407892,
83248,144.1120455,
83249,145.7952343,
83250,147.6233249,
83251,147.8723511,
83252,149.0091114,
83253,151.427246,
83254,152.7002219,
83255,153.5145923,
83256,155.1193272,
83257,156.052641,
83258,157.2250036,
83259,157.5457527,
83260,157.646172,
83261,159.8362896,
83262,161.4478447,
83263,162.5206383,
83264,163.9666719,
83265,166.3161632,
83266,167.3625197,
83267,167.3079886,
83268,169.2079891,
83269,170.8497826,
83270,171.3284618,
83271,171.6251631,
83272,172.3440128,
83273,173.163029,
83274,173.5860883,
83275,173.6605483,
83276,173.4813117,
83277,173.9297388,
83278,174.2417622,
83279,174.5052951,
83280,174.4584142,
83281,174.3022838,
83282,174.343914,
83283,174.2782105,
83284,173.8595421,
83285,173.7176278,
83286,173.5663634,
83287,173.750445,
83288,174.1126027,
83289,173.9561463,
83290,173.7351553,
83291,173.5965115,
83292,173.3550622,
83293,173.1468219,
83294,172.7656971,
83295,172.5198909,
83296,172.1532336,
83297,171.8986532,
83298,171.213328,
83299,170.2654226,
83300,169.6421886,
83301,168.3054496,
83302,167.4478189,
83303,167.0376052,
83304,166.7017465,
83305,165.7141609,
83306,164.7905127,
83307,163.7231663,
83308,163.4584693,
83309,162.4862266,
83310,161.1310018,
83311,159.8447318,
83312,158.5994983,
83313,158.3913177,
83314,157.4319442,
83315,156.0979981,
83316,154.9445212,
83317,154.3264524,
83318,154.0651066,
83319,152.8565879,
83320,151.081311,
83321,149.6857794,
83322,149.553384,
83323,148.5534728,
83324,147.355462,
83325,146.5271242,
83326,145.7410123,
83327,144.6157353,
83328,142.8375868,
83329,142.0315824,
83330,141.4452657,
83331,140.3460333,
83332,138.7745045,
83333,137.4860277,
83334,136.8236929,
83335,135.5634696,
83336,133.6939402,
83337,132.4341095,
83338,132.2647714,
83339,130.7064718,
83340,129.0482275,
83341,127.8057877,
83342,127.6362886,
83343,125.7818251,
83344,124.0183321,
83345,122.5932074,
83346,122.1139438,
83347,120.4547318,
83348,118.9889324,
83349,117.4822346,
83350,117.2044861,
83351,114.6500086,
83352,112.6397068,
83353,111.3169861,
83354,111.3693425,
83355,109.4294646,
83356,107.7566955,
83357,106.0106645,
83358,104.932032,
83359,103.537556,
83360,100.5544488,
83361,99.56552692,
83362,99.19130375,
83363,97.01259727,
83364,95.01768157,
83365,94.59661693,
83366,94.30538488,
83367,92.34289264,
83368,89.17137634,
83369,87.65452082,
83370,86.85127151,
83371,84.97861689,
83372,82.25461699,
83373,80.85234015,
83374,79.39359887,
83375,75.99708167,
83376,73.78276887,
83377,73.23924266,
83378,71.87822759,
83379,68.92516148,
83380,67.22137859,
83381,65.06595746,
83382,61.52251235,
83383,60.61738033,
83384,59.15046365,
83385,57.06246183,
83386,54.85064443,
83387,53.0570533,
83388,51.31438271,
83389,47.91608216,
83390,46.82561803,
83391,46.1244455,
83392,43.47448103,
83393,41.01771039,
83394,40.39742686,
83395,38.57057049,
83396,36.3691496,
83397,35.99483961,
83398,34.64332367,
83399,32.77262311,
83400,31.27599609,
83401,29.5750487,
83402,28.74414395,
83403,27.97312931,
83404,27.22648214,
83405,26.86715721,
83406,26.90120488,
83407,27.33292234,
83408,26.87793283,
83409,26.43374536,
83410,25.17946039,
83411,24.90936514,
83412,24.17909698,
83413,23.82667218,
83414,23.84051744,
83415,24.00089065,
83416,24.07341135,
83417,24.19811557,
83418,24.36900345,
83419,24.57932574,
83420,25.23199122,
83421,25.9310486,
83422,26.66410697,
83423,27.24798415,
83424,27.81556061,
83425,29.05858358,
83426,30.27886005,
83427,31.13328977,
83428,31.65581562,
83429,32.76666962,
83430,35.18484627,
83431,35.70163258,
83432,36.76924523,
83433,39.56606138,
83434,41.9021899,
83435,42.72182021,
83436,44.95306702,
83437,47.97099151,
83438,49.23936582,
83439,51.37622573,
83440,54.2636562,
83441,55.78077585,
83442,56.89165653,
83443,60.11273956,
83444,62.59243223,
83445,63.8395539,
83446,65.08205218,
83447,67.9859068,
83448,69.80687696,
83449,70.60431622,
83450,71.94505708,
83451,73.63240557,
83452,74.41716578,
83453,75.2351942,
83454,76.08041543,
83455,77.90637987,
83456,79.99855612,
83457,81.11752199,
83458,81.70739984,
83459,84.20964558,
83460,86.47945977,
83461,87.27128101,
83462,88.24840872,
83463,90.39997866,
83464,92.09977378,
83465,92.39183614,
83466,93.6592715,
83467,95.97747215,
83468,97.57024645,
83469,98.15101524,
83470,99.64894561,
83471,101.394968,
83472,102.9998553,
83473,103.5984812,
83474,104.9935489,
83475,106.225384,
83476,106.6746874,
83477,106.7335934,
83478,107.0177656,
83479,107.7864143,
83480,108.7604944,
83481,109.0696565,
83482,109.8782468,
83483,110.9472918,
83484,111.8249418,
83485,111.7601135,
83486,111.7306661,
83487,112.6375855,
83488,113.222467,
83489,113.7113376,
83490,114.527977,
83491,114.9723579,
83492,114.9768871,
83493,115.5512471,
83494,116.5448054,
83495,117.0100876,
83496,117.3800202,
83497,118.3230463,
83498,119.3374066,
83499,119.6791502,
83500,119.7794303,
83501,120.4408459,
83502,121.1678862,
83503,121.5732876,
83504,122.5823837,
83505,123.4717609,
83506,123.8890601,
83507,124.1618983,
83508,124.8583729,
83509,125.6484801,
83510,125.8470182,
83511,126.3828984,
83512,127.0258985,
83513,127.1340912,
83514,127.1582483,
83515,127.8250621,
83516,128.7204841,
83517,128.9363948,
83518,130.5983762,
83519,131.7356818,
83520,131.9378061,
83521,131.8121693,
83522,133.3590095,
83523,134.3252872,
83524,134.644528,
83525,135.29646,
83526,136.1068099,
83527,136.643194,
83528,136.9379983,
83529,137.1598302,
83530,138.1336673,
83531,138.5759169,
83532,138.7215054,
83533,138.8916647,
83534,139.6428946,
83535,139.4970043,
83536,139.0839754,
83537,138.5742534,
83538,138.1389628,
83539,138.1176755,
83540,138.2424277,
83541,138.0582399,
83542,137.4562138,
83543,136.8732582,
83544,136.0661877,
83545,135.5889201,
83546,134.669585,
83547,133.8982407,
83548,133.2806753,
83549,133.2817883,
83550,133.2908913,
83551,132.371046,
83552,131.5440959,
83553,130.7092891,
83554,130.1829903,
83555,128.6411381,
83556,127.8328084,
83557,127.1456736,
83558,127.1271962,
83559,126.0930851,
83560,124.6812446,
83561,124.4551867,
83562,123.0849633,
83563,121.8094602,
83564,120.6749305,
83565,120.4020514,
83566,119.6896049,
83567,118.2362176,
83568,117.0400687,
83569,116.0307956,
83570,114.976098,
83571,112.84323,
83572,112.2197667,
83573,111.7962123,
83574,110.1590167,
83575,108.7027524,
83576,108.0329777,
83577,106.7097495,
83578,104.3504275,
83579,103.5270817,
83580,103.5649427,
83581,102.7513985,
83582,101.5192528,
83583,100.4731546,
83584,99.88928043,
83585,98.58523712,
83586,97.61092844,
83587,97.14659547,
83588,97.01139408,
83589,96.3375641,
83590,95.30457299,
83591,94.18847329,
83592,93.61427519,
83593,92.33104062,
83594,90.99854524,
83595,89.20937732,
83596,89.20809238,
83597,88.7549098,
83598,86.90376816,
83599,85.60843026,
83600,84.33455378,
83601,84.31454398,
83602,83.70163734,
83603,82.33222543,
83604,79.64843754,
83605,79.03608178,
83606,78.05030902,
83607,76.40937253,
83608,75.07193269,
83609,73.88554044,
83610,72.89352665,
83611,71.37733369,
83612,69.46451128,
83613,68.77195796,
83614,67.56243245,
83615,67.01215238,
83616,64.30340185,
83617,63.62792554,
83618,63.00997959,
83619,61.61711177,
83620,59.17806739,
83621,58.47877134,
83622,58.60951991,
83623,58.14562875,
83624,55.71270936,
83625,53.86406934,
83626,52.85785427,
83627,52.85847341,
83628,50.96123798,
83629,48.03112623,
83630,48.03792026,
83631,46.87497197,
83632,44.73301421,
83633,42.854548,
83634,41.65969943,
83635,40.87536025,
83636,38.60122904,
83637,35.86029443,
83638,35.63779886,
83639,34.15956002,
83640,32.50900406,
83641,31.32785845,
83642,30.84933119,
83643,30.68642639,
83644,29.66502196,
83645,28.37054881,
83646,27.26722154,
83647,26.7627353,
83648,25.83327358,
83649,24.99714914,
83650,25.02926813,
83651,24.8797787,
83652,24.94745646,
83653,24.76861097,
83654,24.69696533,
83655,24.34837729,
83656,24.40888111,
83657,24.74427562,
83658,25.70498814,
83659,25.71052577,
83660,27.0075723,
83661,28.07882399,
83662,28.6601713,
83663,29.42183684,
83664,30.46125593,
83665,31.89458736,
83666,32.83835614,
83667,33.24944023,
83668,35.50600106,
83669,37.90332464,
83670,38.56547813,
83671,39.47527617,
83672,40.81949262,
83673,42.22646052,
83674,43.01269538,
83675,43.63273151,
83676,45.25386751,
83677,46.89730151,
83678,47.74212871,
83679,48.70051953,
83680,50.88774152,
83681,52.89483282,
83682,54.15571998,
83683,55.30238755,
83684,57.9637373,
83685,59.97327442,
83686,60.77833144,
83687,62.3015632,
83688,64.54679579,
83689,67.1597659,
83690,67.0223097,
83691,70.19721443,
83692,71.96502341,
83693,74.16874999,
83694,74.46710746,
83695,76.43432678,
83696,78.61120637,
83697,80.8219263,
83698,81.70848474,
83699,83.29007015,
83700,85.83879846,
83701,87.55157294,
83702,88.31428629,
83703,89.8926919,
83704,91.79327414,
83705,93.0515375,
83706,94.15514252,
83707,95.65343495,
83708,97.17131584,
83709,97.66220188,
83710,99.06367912,
83711,101.4813955,
83712,102.4110168,
83713,102.9281646,
83714,105.0371872,
83715,107.4267056,
83716,108.141751,
83717,109.6818878,
83718,112.2371786,
83719,114.3054462,
83720,114.5764528,
83721,116.246351,
83722,119.178852,
83723,120.1457867,
83724,120.871642,
83725,122.6689387,
83726,124.0703284,
83727,125.4955552,
83728,126.0907774,
83729,127.1197493,
83730,129.0342647,
83731,129.9897568,
83732,130.3946662,
83733,131.8709763,
83734,132.6985269,
83735,132.9644929,
83736,132.9186478,
83737,133.0335981,
83738,133.7457697,
83739,134.3005371,
83740,134.3611234,
83741,134.5513862,
83742,134.4069268,
83743,134.347777,
83744,134.6573589,
83745,134.3992495,
83746,134.1128684,
83747,134.2006724,
83748,134.2553279,
83749,134.3322798,
83750,134.6212272,
83751,134.9325255,
83752,135.2673211,
83753,135.3907422,
83754,135.6416617,
83755,135.5539308,
83756,135.7309939,
83757,136.0754857,
83758,136.6959183,
83759,137.2504473,
83760,137.4019335,
83761,137.2792867,
83762,137.6260069,
83763,137.868198,
83764,137.928601,
83765,137.8922734,
83766,138.4536087,
83767,138.6743604,
83768,138.5348914,
83769,138.5948523,
83770,138.70857,
83771,138.6900179,
83772,138.7200298,
83773,139.0259462,
83774,139.3906823,
83775,139.2596235,
83776,138.8775744,
83777,138.2870046,
83778,138.0125687,
83779,137.7852797,
83780,137.9478766,
83781,137.4905602,
83782,137.0487656,
83783,136.2765958,
83784,136.0851495,
83785,135.5834302,
83786,134.576589,
83787,133.9950458,
83788,133.8720422,
83789,133.7054092,
83790,133.3092293,
83791,132.6627142,
83792,132.1924129,
83793,131.8323233,
83794,131.19439,
83795,131.0002478,
83796,130.9945891,
83797,130.9953753,
83798,130.6733086,
83799,130.3606767,
83800,130.2622513,
83801,129.9171348,
83802,129.5037279,
83803,129.0410077,
83804,128.9833809,
83805,128.6446591,
83806,127.5107149,
83807,126.8096884,
83808,126.0627958,
83809,125.0528041,
83810,123.6856327,
83811,122.9034774,
83812,122.3511029,
83813,121.1226117,
83814,120.116432,
83815,118.8823233,
83816,118.2475463,
83817,117.6060538,
83818,115.9657377,
83819,114.3320111,
83820,113.5882886,
83821,112.8096461,
83822,111.8039591,
83823,110.3882652,
83824,109.1349685,
83825,108.8042825,
83826,106.8332042,
83827,104.6069373,
83828,103.7286959,
83829,103.3557217,
83830,101.4018446,
83831,99.12220461,
83832,98.48678387,
83833,97.18566466,
83834,95.62525816,
83835,93.92532835,
83836,93.05931635,
83837,92.38817326,
83838,91.70394455,
83839,90.38609361,
83840,89.27249906,
83841,88.14303712,
83842,86.73851708,
83843,85.18890997,
83844,83.83736241,
83845,83.74295066,
83846,83.52615079,
83847,82.17274031,
83848,80.03610035,
83849,79.82264189,
83850,78.44757882,
83851,77.07998984,
83852,76.1862534,
83853,75.52281109,
83854,74.77695786,
83855,73.42103181,
83856,72.13984746,
83857,71.65768969,
83858,70.48227298,
83859,68.66956384,
83860,67.87473843,
83861,67.70334975,
83862,66.40738533,
83863,64.96199698,
83864,63.95692555,
83865,63.26792882,
83866,62.16404549,
83867,60.440256,
83868,59.15585876,
83869,58.35340862,
83870,57.01464238,
83871,55.38214385,
83872,54.57225954,
83873,53.89963135,
83874,52.2564813,
83875,50.52299261,
83876,49.63804317,
83877,49.55265238,
83878,47.2013433,
83879,45.70160905,
83880,46.06079935,
83881,43.43776814,
83882,41.928095,
83883,41.26552341,
83884,41.1668498,
83885,40.19273939,
83886,38.60072749,
83887,37.96339359,
83888,36.53000729,
83889,35.95693135,
83890,35.47981865,
83891,35.77201811,
83892,35.39080523,
83893,34.98242211,
83894,34.5704394,
83895,34.02396947,
83896,34.62358795,
83897,34.90955997,
83898,35.43252982,
83899,35.93352741,
83900,36.35783647,
83901,36.2851884,
83902,36.74431764,
83903,37.66610282,
83904,37.84215167,
83905,37.85215782,
83906,38.55593323,
83907,38.92786463,
83908,39.36756727,
83909,38.83597612,
83910,39.75389119,
83911,40.42266953,
83912,40.42776619,
83913,40.11387162,
83914,40.46162591,
83915,41.55643316,
83916,41.72599087,
83917,41.87526038,
83918,42.46464802,
83919,43.30623818,
83920,43.69117752,
83921,44.39686307,
83922,45.07133271,
83923,45.82888359,
83924,45.6051173,
83925,46.41671335,
83926,48.16626237,
83927,48.52380743,
83928,48.99453059,
83929,49.68812985,
83930,50.52658642,
83931,50.75393304,
83932,50.47989702,
83933,50.62359379,
83934,51.60307811,
83935,51.95478974,
83936,51.91600978,
83937,51.96289679,
83938,52.15655178,
83939,51.84209513,
83940,51.89902057,
83941,51.91187681,
83942,52.18513304,
83943,52.17113369,
83944,51.84200766,
83945,52.2577811,
83946,52.37224728,
83947,52.285949,
83948,52.36695157,
83949,52.64745076,
83950,53.24848134,
83951,53.36853282,
83952,53.70148381,
83953,54.2608356,
83954,54.51670309,
83955,54.57591951,
83956,54.8322579,
83957,55.16324199,
83958,55.8070678,
83959,55.7510007,
83960,55.8721702,
83961,55.92509392,
83962,55.74904558,
83963,55.40363554,
83964,55.48427093,
83965,55.59909758,
83966,55.66730206,
83967,55.79357335,
83968,56.19352881,
83969,56.70585594,
83970,56.80834362,
83971,57.16169959,
83972,57.85294635,
83973,58.43712899,
83974,59.03858585,
83975,59.84686818,
83976,60.20823892,
83977,60.35416579,
83978,60.46193727,
83979,61.87487592,
83980,62.62954651,
83981,63.0726682,
83982,64.51255392,
83983,65.74203027,
83984,65.90431159,
83985,66.8143081,
83986,68.66819377,
83987,69.44649739,
83988,69.85960359,
83989,71.16437278,
83990,72.17488276,
83991,72.76530079,
83992,73.35840854,
83993,74.49844747,
83994,76.09261258,
83995,76.46029269,
83996,77.47263441,
83997,78.85639207,
83998,80.1090766,
83999,80.08296163,
84000,81.68862471,
84001,83.33828906,
84002,84.07736645,
84003,84.60926644,
84004,86.71861518,
84005,88.51016281,
84006,88.94225918,
84007,89.95175137,
84008,91.90528626,
84009,92.92851036,
84010,93.60723719,
84011,95.43934925,
84012,96.67561464,
84013,96.65643256,
84014,97.19715259,
84015,98.98681263,
84016,100.806789,
84017,101.2606538,
84018,102.8172081,
84019,104.8572063,
84020,105.3281427,
84021,105.7901376,
84022,107.6053369,
84023,109.5523502,
84024,110.4419906,
84025,111.9794207,
84026,114.5413751,
84027,115.740022,
84028,116.0459308,
84029,118.4956893,
84030,120.5165789,
84031,121.1026377,
84032,121.4784523,
84033,122.6169344,
84034,123.7094911,
84035,123.8212857,
84036,123.9711423,
84037,124.4414691,
84038,124.3901326,
84039,124.9716444,
84040,125.119713,
84041,125.496737,
84042,125.7903555,
84043,125.9680351,
84044,125.9686506,
84045,125.634528,
84046,125.7111089,
84047,125.5187638,
84048,125.3775803,
84049,124.7325378,
84050,124.1054534,
84051,123.7295433,
84052,123.1684431,
84053,122.310477,
84054,121.5622124,
84055,121.2106474,
84056,120.9303873,
84057,119.8903148,
84058,119.0430479,
84059,118.1621537,
84060,117.6859664,
84061,116.7419936,
84062,115.5280745,
84063,114.9414811,
84064,114.7446462,
84065,113.7676838,
84066,112.8944419,
84067,111.7667784,
84068,111.3780687,
84069,109.9843099,
84070,108.9559542,
84071,108.1010945,
84072,108.451134,
84073,107.4649957,
84074,105.941989,
84075,104.9484943,
84076,104.6205671,
84077,103.7866805,
84078,102.8659084,
84079,102.4820894,
84080,102.3960066,
84081,101.8495018,
84082,101.1184884,
84083,100.4622518,
84084,100.2263045,
84085,99.62896992,
84086,99.0941578,
84087,98.29390425,
84088,97.84272132,
84089,97.41207683,
84090,97.10035801,
84091,96.84869798,
84092,96.89489399,
84093,96.18799062,
84094,95.65564571,
84095,95.0411272,
84096,94.02959865,
84097,93.05422023,
84098,92.85484957,
84099,91.8759851,
84100,91.55022496,
84101,91.04715278,
84102,89.43488417,
84103,88.99726467,
84104,88.45144635,
84105,87.72372421,
84106,86.28882046,
84107,86.44272936,
84108,86.40724791,
84109,84.09280203,
84110,83.41339271,
84111,82.11847853,
84112,81.49073905,
84113,81.15073784,
84114,80.13333755,
84115,79.11163102,
84116,76.64020088,
84117,75.13041885,
84118,75.28579358,
84119,73.37356942,
84120,73.82915668,
84121,71.59534737,
84122,70.61289398,
84123,70.6713282,
84124,70.71762813,
84125,70.05806742,
84126,69.3462433,
84127,68.16210038,
84128,68.22776791,
84129,66.54595946,
84130,66.05334563,
84131,64.52269776,
84132,63.85041665,
84133,63.23517506,
84134,62.46063038,
84135,61.30734122,
84136,60.39456994,
84137,59.02725954,
84138,58.3851333,
84139,57.02354671,
84140,56.16520316,
84141,55.14349381,
84142,54.20507543,
84143,53.37812179,
84144,51.23972266,
84145,52.29580696,
84146,51.66398501,
84147,50.16539922,
84148,49.25040953,
84149,48.26218572,
84150,47.87278687,
84151,47.70682272,
84152,46.32222502,
84153,45.51085053,
84154,46.33129679,
84155,45.23755875,
84156,44.8629937,
84157,44.77799868,
84158,44.34551414,
84159,44.02671074,
84160,43.95030498,
84161,44.3120686,
84162,43.71253462,
84163,43.24027343,
84164,42.92981354,
84165,43.45058496,
84166,43.45022345,
84167,43.67176957,
84168,43.72184993,
84169,43.9085685,
84170,43.51981752,
84171,43.52696126,
84172,43.3550442,
84173,43.49043964,
84174,43.67200802,
84175,43.75729263,
84176,43.89660185,
84177,43.6950711,
84178,44.17829943,
84179,44.04897761,
84180,43.44288489,
84181,43.62757058,
84182,42.98023447,
84183,43.39477871,
84184,43.65037252,
84185,43.87644945,
84186,44.35774183,
84187,44.70628053,
84188,45.12783691,
84189,45.74984382,
84190,46.24754767,
84191,47.01354342,
84192,47.63121242,
84193,48.21454863,
84194,48.56614172,
84195,48.78356712,
84196,49.20688797,
84197,49.53678124,
84198,50.41079477,
84199,51.06826261,
84200,51.16082769,
84201,51.49902917,
84202,51.87915369,
84203,52.86947883,
84204,53.27809885,
84205,53.83543572,
84206,54.24427648,
84207,54.95606302,
84208,55.52863642,
84209,56.87139517,
84210,57.06337067,
84211,57.87868249,
84212,59.36674262,
84213,59.97930369,
84214,60.46513299,
84215,62.01949248,
84216,64.15672877,
84217,65.21336833,
84218,65.59419332,
84219,67.33709715,
84220,70.10981249,
84221,70.44701079,
84222,71.0530823,
84223,72.89871389,
84224,75.41864302,
84225,76.75617794,
84226,77.94879373,
84227,80.11418215,
84228,82.59720229,
84229,83.38028639,
84230,85.12048496,
84231,87.74106447,
84232,89.636257,
84233,90.45655067,
84234,92.55467807,
84235,94.9820115,
84236,96.50029882,
84237,97.88147586,
84238,101.204899,
84239,103.2496722,
84240,103.6298492,
84241,105.3768176,
84242,107.4722732,
84243,109.7246602,
84244,110.5962295,
84245,112.4520929,
84246,114.7011813,
84247,116.5498748,
84248,117.0967804,
84249,118.849279,
84250,120.9095382,
84251,122.4946315,
84252,123.2473413,
84253,124.3293408,
84254,125.8194691,
84255,127.627168,
84256,128.9159393,
84257,129.4991451,
84258,130.5410173,
84259,132.1513605,
84260,133.1359871,
84261,133.6041655,
84262,134.0117358,
84263,134.43291,
84264,135.253316,
84265,135.9950484,
84266,135.8432183,
84267,136.8700477,
84268,137.1089696,
84269,137.7301717,
84270,138.4191168,
84271,138.4386351,
84272,139.3474153,
84273,139.5849211,
84274,139.8824662,
84275,139.8706194,
84276,140.6517471,
84277,141.6980385,
84278,142.1740945,
84279,142.0472104,
84280,141.9568119,
84281,142.1887209,
84282,142.5681212,
84283,142.9491388,
84284,142.8116412,
84285,142.7064724,
84286,142.2637617,
84287,142.3378586,
84288,142.0647856,
84289,141.4552043,
84290,141.1739966,
84291,140.811219,
84292,140.2006866,
84293,139.717911,
84294,139.4711361,
84295,138.9545874,
84296,138.9120762,
84297,139.0445886,
84298,139.1899251,
84299,139.2664222,
84300,139.0920131,
84301,138.9916893,
84302,138.5549569,
84303,138.0881365,
84304,138.1433083,
84305,138.315019,
84306,138.1795362,
84307,138.1585791,
84308,138.4132277,
84309,138.5909873,
84310,138.3339611,
84311,138.0872407,
84312,138.0938219,
84313,137.8608003,
84314,137.4972915,
84315,137.1355554,
84316,136.5457453,
84317,135.993477,
84318,135.6255011,
84319,135.2541214,
84320,134.4957045,
84321,134.4441255,
84322,134.424408,
84323,134.2486262,
84324,133.3499662,
84325,131.7947189,
84326,131.2235792,
84327,131.3273887,
84328,130.7982474,
84329,130.5614888,
84330,130.0529198,
84331,128.8254118,
84332,128.5588835,
84333,127.7469572,
84334,127.0493072,
84335,126.1897833,
84336,125.1937659,
84337,124.9096778,
84338,124.7484516,
84339,123.8531622,
84340,122.9116615,
84341,122.7652459,
84342,121.3754092,
84343,121.5418177,
84344,120.1660329,
84345,120.499201,
84346,119.9290298,
84347,117.3543198,
84348,115.9820214,
84349,114.7784045,
84350,114.0562889,
84351,112.3153136,
84352,111.5315027,
84353,110.1404828,
84354,109.3101308,
84355,107.6498944,
84356,106.0117275,
84357,103.7834868,
84358,102.8674305,
84359,102.026155,
84360,100.6616481,
84361,98.68886141,
84362,97.66635271,
84363,97.51745808,
84364,95.93785031,
84365,94.50360436,
84366,94.18398103,
84367,93.5777369,
84368,93.25232255,
84369,91.97190194,
84370,89.77087154,
84371,89.26449443,
84372,88.691065,
84373,87.66275932,
84374,87.05254675,
84375,85.42980087,
84376,84.91579693,
84377,84.2595155,
84378,83.62179107,
84379,82.36204622,
84380,81.05817415,
84381,80.57630448,
84382,80.11248224,
84383,78.47362683,
84384,77.27043607,
84385,76.07821223,
84386,75.84637745,
84387,75.06991241,
84388,74.85386626,
84389,73.46377955,
84390,73.1772216,
84391,73.29606245,
84392,73.43107245,
84393,73.3407441,
84394,72.41500853,
84395,72.01241324,
84396,72.12227154,
84397,72.08434464,
84398,72.05679555,
84399,71.43023058,
84400,71.2795464,
84401,71.50276472,
84402,71.51147038,
84403,71.07343705,
84404,70.78576692,
84405,70.20705573,
84406,69.77985384,
84407,69.43765198,
84408,69.0965237,
84409,68.79176671,
84410,67.78981147,
84411,67.46187998,
84412,66.9669649,
84413,66.94375948,
84414,66.22581769,
84415,65.41376368,
84416,65.51052076,
84417,64.47654456,
84418,64.39536712,
84419,63.51487116,
84420,63.90910419,
84421,62.33287007,
84422,62.55556306,
84423,62.23598038,
84424,61.98265248,
84425,61.12877856,
84426,60.40470234,
84427,59.96535386,
84428,59.58964004,
84429,59.43679063,
84430,58.9851683,
84431,59.02557433,
84432,58.24097657,
84433,57.74251911,
84434,58.0281536,
84435,57.05841209,
84436,56.62374406,
84437,56.25453396,
84438,56.03222059,
84439,56.5385012,
84440,56.40258365,
84441,56.29503495,
84442,55.95152328,
84443,56.5930344,
84444,55.69046236,
84445,55.77575567,
84446,55.69056572,
84447,55.48008073,
84448,55.44121609,
84449,55.75905596,
84450,57.19586508,
84451,57.26499303,
84452,57.07654128,
84453,58.66477799,
84454,57.46381838,
84455,58.74264376,
84456,58.00468188,
84457,57.41741715,
84458,59.54853464,
84459,59.19288201,
84460,58.91781301,
84461,59.40845632,
84462,60.48223668,
84463,60.55257497,
84464,59.62044534,
84465,60.60895859,
84466,60.67232144,
84467,60.25579791,
84468,60.47661169,
84469,60.43909844,
84470,61.04138924,
84471,61.29947206,
84472,61.18336734,
84473,60.79791817,
84474,61.28224235,
84475,60.51326857,
84476,61.62027758,
84477,61.84391867,
84478,62.04761201,
84479,62.01273252,
84480,62.09815081,
84481,62.29650761,
84482,62.31605926,
84483,62.57219512,
84484,62.67070785,
84485,63.18223132,
84486,63.66668619,
84487,63.8866272,
84488,65.1234536,
84489,65.65037361,
84490,65.955018,
84491,65.61050498,
84492,65.50142693,
84493,65.74308831,
84494,65.72292657,
84495,66.11358035,
84496,66.50682705,
84497,65.85742602,
84498,66.09276262,
84499,65.70594378,
84500,65.53668028,
84501,65.58161789,
84502,66.37416568,
84503,66.38608776,
84504,66.78996135,
84505,66.71596792,
84506,66.19749458,
84507,65.63245931,
84508,65.3054156,
84509,65.92494738,
84510,65.14613609,
84511,64.85458847,
84512,65.10597419,
84513,65.13883136,
84514,65.84621379,
84515,66.04023225,
84516,65.30718482,
84517,65.40317096,
84518,66.04746522,
84519,65.25035769,
84520,65.27777469,
84521,65.03689124,
84522,64.63087195,
84523,64.97350242,
84524,64.72476742,
84525,64.39205121,
84526,64.10622664,
84527,63.79040666,
84528,63.96521839,
84529,64.27413234,
84530,64.06325309,
84531,64.08006707,
84532,64.04555844,
84533,64.42887566,
84534,64.20431624,
84535,64.08994598,
84536,64.55996744,
84537,64.48781896,
84538,64.78363904,
84539,65.10297443,
84540,65.11069323,
84541,65.69525165,
84542,66.16584079,
84543,66.60682827,
84544,66.61425073,
84545,66.63506134,
84546,66.63513472,
84547,67.0066168,
84548,67.36049791,
84549,67.62177127,
84550,67.98302342,
84551,68.20651309,
84552,68.59934664,
84553,68.68047037,
84554,68.95718251,
84555,69.18309615,
84556,69.30897406,
84557,69.49993742,
84558,69.81640771,
84559,69.85783995,
84560,70.20984812,
84561,70.29161062,
84562,71.10141501,
84563,71.64412384,
84564,72.1450487,
84565,72.9233528,
84566,73.56728785,
84567,73.93920479,
84568,75.10762741,
84569,75.81173595,
84570,76.42384179,
84571,77.06659727,
84572,78.0288808,
84573,78.9497709,
84574,79.91635762,
84575,80.63924343,
84576,81.42161883,
84577,82.69479204,
84578,83.73418297,
84579,84.5510717,
84580,85.02303331,
84581,86.00782836,
84582,87.16688991,
84583,88.87523553,
84584,89.84553935,
84585,90.51404336,
84586,91.06009285,
84587,91.82092709,
84588,92.8719095,
84589,93.0238385,
84590,93.14966849,
84591,92.8755312,
84592,93.28273711,
84593,93.30743612,
84594,93.73984575,
84595,93.49931047,
84596,94.31750135,
84597,94.01230009,
84598,94.58177307,
84599,94.48933573,
84600,95.06848186,
84601,94.72306664,
84602,95.27292276,
84603,94.93127134,
84604,95.47752725,
84605,96.62312685,
84606,97.27134628,
84607,97.7774527,
84608,98.09496048,
84609,98.79413259,
84610,99.53209248,
84611,100.3972646,
84612,100.9007907,
84613,101.6975586,
84614,103.0303635,
84615,103.9718396,
84616,104.4119458,
84617,105.6253293,
84618,107.1625458,
84619,107.822985,
84620,108.5014276,
84621,109.2098096,
84622,110.2801898,
84623,111.5327159,
84624,112.0786725,
84625,112.9002989,
84626,114.2029099,
84627,115.0058236,
84628,115.2740235,
84629,116.537989,
84630,117.4336539,
84631,118.1456457,
84632,118.4982604,
84633,118.8051466,
84634,119.2520885,
84635,119.0430037,
84636,119.1000171,
84637,118.8980257,
84638,118.6793513,
84639,118.5342768,
84640,118.7918426,
84641,119.3252968,
84642,119.5294469,
84643,119.6565757,
84644,119.6712197,
84645,119.7114906,
84646,119.4879193,
84647,119.0929832,
84648,118.5554743,
84649,118.0934201,
84650,117.6015154,
84651,117.2529302,
84652,117.2338855,
84653,117.0011321,
84654,116.6618854,
84655,116.2252141,
84656,115.9385164,
84657,114.9846306,
84658,114.7479205,
84659,114.4387594,
84660,114.37937,
84661,114.2748961,
84662,113.7724675,
84663,113.6148665,
84664,113.0775946,
84665,113.1674259,
84666,112.3946498,
84667,112.6359296,
84668,112.698768,
84669,112.7279426,
84670,111.7424782,
84671,111.9369012,
84672,112.5078423,
84673,111.4875109,
84674,110.9456948,
84675,111.591324,
84676,110.9076354,
84677,111.4116519,
84678,112.0101984,
84679,111.3401296,
84680,111.6183364,
84681,111.0978774,
84682,111.3351592,
84683,110.7670323,
84684,111.0214328,
84685,110.837129,
84686,111.3349272,
84687,110.5012117,
84688,111.7841693,
84689,111.5329864,
84690,111.1751448,
84691,112.034221,
84692,112.2763991,
84693,112.312641,
84694,111.4840521,
84695,111.0939007,
84696,111.491145,
84697,111.8137215,
84698,111.7321557,
84699,112.9179523,
84700,112.5171664,
84701,113.0052662,
84702,113.5624438,
84703,114.0433657,
84704,114.2194612,
84705,113.644137,
84706,114.2908409,
84707,114.0564588,
84708,113.9674389,
84709,113.6580303,
84710,114.1878266,
84711,114.1450019,
84712,114.3360104,
84713,113.8706631,
84714,114.4750557,
84715,114.8229893,
84716,115.2464744,
84717,115.3195381,
84718,115.8247833,
84719,115.7879317,
84720,115.9696983,
84721,116.1192897,
84722,116.3635193,
84723,116.7173876,
84724,116.9094706,
84725,116.7396632,
84726,116.3192999,
84727,115.5224396,
84728,115.0422159,
84729,114.4700355,
84730,113.7155246,
84731,113.0902007,
84732,112.8033725,
84733,112.2421078,
84734,111.7427906,
84735,111.3352155,
84736,110.5841004,
84737,110.164228,
84738,109.3008361,
84739,108.6395111,
84740,107.3960853,
84741,107.1081421,
84742,106.7999646,
84743,105.9504633,
84744,105.2904391,
84745,104.8595115,
84746,104.2020918,
84747,103.9970935,
84748,103.1862885,
84749,102.1397609,
84750,101.8607822,
84751,101.4405927,
84752,101.281269,
84753,101.3496967,
84754,101.2260459,
84755,100.9248513,
84756,100.7046379,
84757,100.9765019,
84758,101.8574006,
84759,101.7554858,
84760,101.780396,
84761,101.0809827,
84762,101.0808124,
84763,101.453507,
84764,101.6533508,
84765,101.993674,
84766,102.2381977,
84767,102.541849,
84768,103.1827543,
84769,103.7089863,
84770,103.8544989,
84771,103.9837282,
84772,104.0208202,
84773,103.9811423,
84774,104.1112409,
84775,104.1263206,
84776,104.2286102,
84777,104.1601644,
84778,104.4748715,
84779,104.6087975,
84780,104.5232502,
84781,105.0443778,
84782,105.0671031,
84783,104.746886,
84784,105.3179476,
84785,105.6636001,
84786,105.6187217,
84787,105.2999424,
84788,105.6302239,
84789,106.4327204,
84790,104.723558,
84791,105.3899626,
84792,105.0315167,
84793,105.5671793,
84794,106.3632191,
84795,106.585266,
84796,106.8400652,
84797,107.4957884,
84798,107.5984184,
84799,108.5494288,
84800,108.4463976,
84801,108.1802947,
84802,108.5740418,
84803,109.0519401,
84804,108.9678628,
84805,109.0544428,
84806,108.6088892,
84807,108.9973845,
84808,109.3285055,
84809,107.5380902,
84810,108.7039728,
84811,108.4456643,
84812,108.451495,
84813,108.5690622,
84814,108.9882857,
84815,108.8012255,
84816,108.8456925,
84817,109.8300271,
84818,110.4182137,
84819,110.167379,
84820,109.9673664,
84821,110.9171599,
84822,110.8107946,
84823,111.8212338,
84824,110.3322941,
84825,110.7239865,
84826,111.4650717,
84827,111.2076153,
84828,110.7714103,
84829,111.1393523,
84830,111.2761368,
84831,111.5996069,
84832,111.6740714,
84833,111.9663995,
84834,112.3154391,
84835,112.4612157,
84836,111.8905283,
84837,112.0439718,
84838,112.0574128,
84839,112.8437502,
84840,113.0164994,
84841,113.3856095,
84842,113.207986,
84843,113.4170684,
84844,113.4667124,
84845,113.3575454,
84846,112.9458919,
84847,112.7420401,
84848,112.6782493,
84849,112.6148848,
84850,112.4096949,
84851,112.3386186,
84852,112.4309932,
84853,112.366356,
84854,111.9893076,
84855,111.866077,
84856,111.6834661,
84857,111.4728258,
84858,111.4435287,
84859,111.6493048,
84860,111.7440589,
84861,112.3816012,
84862,112.4438224,
84863,112.2898887,
84864,112.6395866,
84865,112.9052414,
84866,113.0713123,
84867,113.8290789,
84868,114.8980058,
84869,115.6983429,
84870,116.4469723,
84871,116.5766041,
84872,117.3632551,
84873,118.1055859,
84874,118.3543865,
84875,119.2041926,
84876,119.7069906,
84877,120.7703475,
84878,121.8660153,
84879,122.1670746,
84880,122.5095289,
84881,122.1622423,
84882,122.428169,
84883,122.5444089,
84884,122.9878675,
84885,123.5268793,
84886,124.2268419,
84887,124.7555061,
84888,124.6495698,
84889,125.9282091,
84890,126.1535803,
84891,127.2748024,
84892,127.8539677,
84893,128.0113255,
84894,129.2213466,
84895,130.4672876,
84896,131.0135884,
84897,132.5068419,
84898,132.6952733,
84899,134.5611115,
84900,135.44219,
84901,137.0735124,
84902,137.8032643,
84903,138.1930167,
84904,138.8064474,
84905,140.6677619,
84906,141.9772141,
84907,143.3860737,
84908,144.2575022,
84909,145.6282177,
84910,147.7904938,
84911,149.4628387,
84912,150.3202026,
84913,151.1510501,
84914,152.4914819,
84915,153.8978202,
84916,155.0954465,
84917,156.9610077,
84918,156.5495959,
84919,157.3578471,
84920,158.7762468,
84921,159.9030219,
84922,161.0499954,
84923,162.0881738,
84924,162.8086658,
84925,163.0641623,
84926,164.6937954,
84927,164.4550096,
84928,164.9853,
84929,166.2600561,
84930,167.5036271,
84931,167.7000857,
84932,168.072957,
84933,168.5892286,
84934,169.3165919,
84935,169.883984,
84936,169.8464837,
84937,169.7467338,
84938,169.0738729,
84939,168.8235632,
84940,168.5761221,
84941,168.5151246,
84942,168.4638178,
84943,168.0619109,
84944,167.5443965,
84945,166.8275486,
84946,166.3868057,
84947,166.2050905,
84948,166.06474,
84949,165.6098471,
84950,166.1073511,
84951,166.1880696,
84952,166.2927813,
84953,166.4301855,
84954,166.1392289,
84955,166.9115902,
84956,166.5321054,
84957,166.4108675,
84958,167.1806423,
84959,167.6357684,
84960,168.4702278,
84961,168.1156419,
84962,167.6666674,
84963,168.0994552,
84964,168.3140344,
84965,169.0705543,
84966,169.2806936,
84967,169.2532758,
84968,169.966276,
84969,170.2625538,
84970,170.3523343,
84971,169.8120182,
84972,169.6586793,
84973,169.6033223,
84974,169.7290585,
84975,169.2610572,
84976,169.467025,
84977,168.6326356,
84978,169.0431805,
84979,170.2105587,
84980,170.3016715,
84981,170.6987965,
84982,171.3267316,
84983,171.3134506,
84984,171.2909689,
84985,171.7052032,
84986,171.1271671,
84987,171.3206233,
84988,171.6405456,
84989,170.4606154,
84990,170.5028083,
84991,170.0729579,
84992,169.1212747,
84993,168.9786919,
84994,168.9578048,
84995,169.7828124,
84996,168.2981789,
84997,168.3134132,
84998,168.2025494,
84999,169.4319882,
85000,169.0602487,
85001,168.5550402,
85002,168.028514,
85003,166.1912392,
85004,164.8924972,
85005,165.1359053,
85006,164.2674544,
85007,164.0081086,
85008,163.4544668,
85009,162.7899826,
85010,162.0603041,
85011,161.0935651,
85012,159.6303721,
85013,159.0586478,
85014,157.6998597,
85015,156.6913967,
85016,156.1629573,
85017,155.5021879,
85018,155.4648776,
85019,154.8894528,
85020,153.8252065,
85021,152.6230609,
85022,151.535868,
85023,150.5778309,
85024,149.4316855,
85025,147.891655,
85026,146.7921254,
85027,146.2983508,
85028,145.5257838,
85029,144.4049754,
85030,143.6280496,
85031,143.4607201,
85032,142.7510725,
85033,141.9121078,
85034,140.9399287,
85035,139.9431635,
85036,139.3259751,
85037,139.2515472,
85038,138.3181604,
85039,138.2562216,
85040,138.502724,
85041,138.5256803,
85042,138.6133306,
85043,139.1493827,
85044,139.0707674,
85045,139.3159168,
85046,139.5379113,
85047,140.0465026,
85048,140.4807835,
85049,140.9909495,
85050,141.3268679,
85051,141.8617976,
85052,141.9945853,
85053,142.3230011,
85054,142.6262756,
85055,142.8820892,
85056,143.1300753,
85057,142.8824132,
85058,143.0677842,
85059,143.8974998,
85060,144.1496511,
85061,144.6122983,
85062,145.8679309,
85063,146.0460276,
85064,146.4329361,
85065,147.4402859,
85066,148.2672117,
85067,149.4050602,
85068,150.1771952,
85069,150.6901017,
85070,151.9405514,
85071,152.9825429,
85072,154.6032448,
85073,155.0564149,
85074,155.4734809,
85075,155.8688826,
85076,157.8560315,
85077,158.6336217,
85078,158.5795206,
85079,159.2366087,
85080,160.4375373,
85081,161.0778012,
85082,163.6950582,
85083,164.1515877,
85084,164.8023695,
85085,165.317371,
85086,165.4261064,
85087,164.6723677,
85088,164.9604659,
85089,164.0671197,
85090,164.8655371,
85091,166.2359214,
85092,166.2351764,
85093,166.8564771,
85094,167.8638691,
85095,169.3293316,
85096,170.5320486,
85097,172.1189316,
85098,173.0117715,
85099,172.5554865,
85100,172.6951905,
85101,173.2056382,
85102,173.8085926,
85103,175.4094624,
85104,175.6488893,
85105,175.5377529,
85106,175.690745,
85107,175.245347,
85108,175.5195,
85109,175.6921925,
85110,175.8079642,
85111,175.7234974,
85112,176.3343474,
85113,176.8503985,
85114,176.7241057,
85115,177.3055547,
85116,177.4682442,
85117,177.7661078,
85118,178.0046008,
85119,178.1506408,
85120,178.1053447,
85121,178.575568,
85122,178.6534054,
85123,178.8740809,
85124,179.4018272,
85125,179.817765,
85126,180.7699131,
85127,181.4098838,
85128,182.6479907,
85129,182.7557283,
85130,183.5700442,
85131,184.0661705,
85132,184.4559279,
85133,184.6059218,
85134,184.727955,
85135,186.3859328,
85136,187.1224579,
85137,187.9106153,
85138,189.3387077,
85139,190.477739,
85140,191.5180555,
85141,192.7639295,
85142,192.9838361,
85143,194.429131,
85144,196.0787922,
85145,197.2218592,
85146,198.0295253,
85147,199.2790544,
85148,201.4668144,
85149,202.7270316,
85150,203.3996584,
85151,204.3156824,
85152,206.126549,
85153,207.255054,
85154,208.5982885,
85155,208.7730158,
85156,209.9737929,
85157,211.5845672,
85158,212.8032274,
85159,213.485542,
85160,214.1055214,
85161,213.7948303,
85162,214.6135836,
85163,215.0014493,
85164,215.1275045,
85165,214.893327,
85166,214.887131,
85167,214.2476705,
85168,214.3417987,
85169,214.3723002,
85170,213.7839333,
85171,214.1810534,
85172,213.2758855,
85173,213.3233897,
85174,213.0672759,
85175,213.2593318,
85176,212.8516448,
85177,212.6556215,
85178,212.5415489,
85179,212.3893673,
85180,212.1216343,
85181,212.2514059,
85182,212.18648,
85183,212.3967847,
85184,212.6517332,
85185,213.0730682,
85186,213.2099246,
85187,213.4841538,
85188,213.7149264,
85189,213.8816229,
85190,213.3654877,
85191,213.1426164,
85192,213.1214913,
85193,212.6791538,
85194,212.5084279,
85195,212.6256444,
85196,212.460078,
85197,212.7109597,
85198,212.7364928,
85199,213.1992777,
85200,213.8717962,
85201,214.1091398,
85202,213.7734435,
85203,213.3493031,
85204,212.5804468,
85205,211.7197793,
85206,211.5002126,
85207,209.5739287,
85208,209.449625,
85209,208.0140554,
85210,207.4087129,
85211,207.165706,
85212,206.591636,
85213,205.7463164,
85214,204.7615204,
85215,204.4543211,
85216,203.6074097,
85217,202.3999833,
85218,200.6041096,
85219,199.2268628,
85220,197.5417639,
85221,196.8707597,
85222,195.3565548,
85223,193.9503827,
85224,191.8904573,
85225,190.9299655,
85226,190.3301659,
85227,188.3215878,
85228,185.8962219,
85229,184.278356,
85230,183.4866027,
85231,182.4351049,
85232,180.7508547,
85233,178.8260057,
85234,177.0675531,
85235,176.4662108,
85236,175.5622501,
85237,173.1794483,
85238,171.5778956,
85239,170.2443314,
85240,169.4805003,
85241,167.3191211,
85242,165.6771922,
85243,163.6925367,
85244,163.2495327,
85245,162.0490816,
85246,159.7428581,
85247,158.5861195,
85248,156.8426513,
85249,156.6083702,
85250,155.4490174,
85251,153.5750513,
85252,152.4278379,
85253,151.1344659,
85254,149.9451204,
85255,148.7657148,
85256,146.5164394,
85257,145.4660258,
85258,144.097127,
85259,143.4832094,
85260,142.7656309,
85261,141.5089639,
85262,140.9198958,
85263,140.2336036,
85264,139.0012668,
85265,138.8119984,
85266,138.5158047,
85267,137.2875943,
85268,136.7534393,
85269,136.5221474,
85270,136.9850828,
85271,136.9005215,
85272,137.3387516,
85273,137.5261698,
85274,136.8339202,
85275,136.64451,
85276,138.3969502,
85277,137.802412,
85278,137.6981485,
85279,139.8992388,
85280,139.6939162,
85281,139.9198061,
85282,140.9680106,
85283,139.8596121,
85284,140.2992418,
85285,140.0444251,
85286,140.2079049,
85287,140.5687693,
85288,141.1362787,
85289,141.1857275,
85290,141.9644052,
85291,142.2132779,
85292,142.3568796,
85293,141.7179402,
85294,142.0596227,
85295,142.7114587,
85296,143.0099434,
85297,143.000912,
85298,143.2919295,
85299,143.4127286,
85300,144.2145959,
85301,144.5253005,
85302,145.2243132,
85303,145.5313334,
85304,146.0383299,
85305,146.5404962,
85306,147.9849803,
85307,148.9081372,
85308,149.3949753,
85309,150.1000846,
85310,150.9788624,
85311,152.408205,
85312,153.0932821,
85313,153.6599524,
85314,154.4396379,
85315,157.3336209,
85316,157.7426376,
85317,158.6960725,
85318,160.3506905,
85319,161.1469342,
85320,162.9332873,
85321,163.3433632,
85322,163.9464085,
85323,165.0174694,
85324,167.5469986,
85325,168.8321653,
85326,169.9123588,
85327,171.0898853,
85328,173.3180267,
85329,174.5067593,
85330,175.8264125,
85331,176.5288021,
85332,178.6657089,
85333,180.2748885,
85334,181.7860451,
85335,181.6262042,
85336,183.2899404,
85337,183.2429329,
85338,184.992868,
85339,186.0179776,
85340,186.0230302,
85341,186.691546,
85342,187.6662938,
85343,189.1999733,
85344,189.6760564,
85345,190.4432677,
85346,190.898617,
85347,191.8389051,
85348,193.5478981,
85349,194.0832386,
85350,193.8127494,
85351,195.1909327,
85352,196.241597,
85353,197.3553486,
85354,198.3002283,
85355,199.1946652,
85356,199.3373688,
85357,200.9420895,
85358,201.8719639,
85359,201.5130781,
85360,202.3084099,
85361,204.1854019,
85362,204.1519447,
85363,203.9220076,
85364,204.4026928,
85365,204.7578507,
85366,205.6084555,
85367,205.3396844,
85368,205.282536,
85369,204.390127,
85370,203.6123522,
85371,203.6549746,
85372,203.5252562,
85373,203.5804649,
85374,203.0126828,
85375,202.4591582,
85376,202.0737797,
85377,201.8696889,
85378,201.7176736,
85379,201.4067804,
85380,201.0087242,
85381,200.5761075,
85382,200.0077949,
85383,200.020703,
85384,199.7770623,
85385,199.6517251,
85386,199.3975814,
85387,199.2095873,
85388,199.1213547,
85389,198.9003383,
85390,198.0289962,
85391,197.1983816,
85392,197.1821846,
85393,197.2718676,
85394,197.3036246,
85395,197.3897008,
85396,197.1609676,
85397,196.9607184,
85398,196.863857,
85399,197.0801206,
85400,197.2537917,
85401,197.6808444,
85402,198.1221204,
85403,198.2164469,
85404,198.4052186,
85405,198.3189014,
85406,198.0622464,
85407,197.7758307,
85408,197.7215228,
85409,197.6646788,
85410,197.8078649,
85411,197.8737114,
85412,198.0155686,
85413,197.7877973,
85414,197.6499182,
85415,197.4730677,
85416,197.4252751,
85417,197.2207617,
85418,197.3751664,
85419,197.235312,
85420,196.8797519,
85421,196.6105833,
85422,196.376757,
85423,196.0443544,
85424,195.6455527,
85425,195.5727501,
85426,195.6279376,
85427,195.3769447,
85428,195.4418377,
85429,195.639525,
85430,195.4977557,
85431,195.2312842,
85432,194.5512102,
85433,194.6648786,
85434,194.59979,
85435,194.9162403,
85436,194.9697455,
85437,193.6348099,
85438,193.2308403,
85439,193.4810557,
85440,194.3351802,
85441,193.3969171,
85442,191.72956,
85443,191.6903944,
85444,191.8578306,
85445,191.170322,
85446,190.8012801,
85447,191.5166403,
85448,189.990975,
85449,188.5728769,
85450,187.8640006,
85451,187.7280491,
85452,185.7601214,
85453,185.0356052,
85454,183.5447084,
85455,182.9099615,
85456,182.4047451,
85457,181.6585501,
85458,182.030579,
85459,179.5195443,
85460,178.527645,
85461,177.0974509,
85462,176.5132689,
85463,175.3927568,
85464,173.8546402,
85465,173.1064769,
85466,172.7798394,
85467,171.9261855,
85468,170.2223289,
85469,168.8245147,
85470,168.347624,
85471,166.9041388,
85472,166.070528,
85473,164.6328366,
85474,163.6077422,
85475,163.2778879,
85476,162.2206853,
85477,161.1573779,
85478,159.9846318,
85479,160.2888534,
85480,159.3930073,
85481,160.7971921,
85482,160.95977,
85483,161.0504329,
85484,160.5136299,
85485,160.2911645,
85486,160.8871355,
85487,161.4460311,
85488,161.3422702,
85489,161.4546827,
85490,161.9742584,
85491,161.9549582,
85492,162.7461703,
85493,162.959874,
85494,163.5327003,
85495,163.7442352,
85496,164.2030669,
85497,164.155926,
85498,164.2100674,
85499,164.3412236,
85500,164.5974132,
85501,164.7495603,
85502,164.8152315,
85503,164.5832321,
85504,164.5611766,
85505,165.6505046,
85506,166.1869296,
85507,166.3900707,
85508,166.7919585,
85509,167.3228755,
85510,168.3676882,
85511,168.9778867,
85512,169.5373843,
85513,169.7154548,
85514,170.3914847,
85515,171.4155644,
85516,171.7747738,
85517,172.469845,
85518,173.190857,
85519,174.4069016,
85520,176.0619105,
85521,176.1292723,
85522,176.9827363,
85523,178.8485532,
85524,179.9792227,
85525,180.9971631,
85526,181.4158358,
85527,183.2224975,
85528,184.238844,
85529,185.9390673,
85530,186.2476296,
85531,186.6304743,
85532,188.5234827,
85533,189.8339229,
85534,190.5655183,
85535,192.3347651,
85536,193.3998915,
85537,194.2604466,
85538,194.5226744,
85539,194.9465489,
85540,196.9569295,
85541,198.0242187,
85542,198.6876636,
85543,200.1093404,
85544,201.2678361,
85545,202.4504709,
85546,202.8221759,
85547,203.8912827,
85548,204.7080898,
85549,204.2200682,
85550,204.8978595,
85551,205.9967648,
85552,205.9734589,
85553,207.7144292,
85554,208.7148373,
85555,210.3121976,
85556,210.0690582,
85557,211.0451167,
85558,211.0805127,
85559,212.1184237,
85560,213.588682,
85561,214.0693751,
85562,214.9433807,
85563,215.5304519,
85564,216.69228,
85565,218.3651816,
85566,219.0495713,
85567,218.5551128,
85568,220.1126486,
85569,221.0313246,
85570,222.5647001,
85571,222.5661528,
85572,223.1554645,
85573,223.8649154,
85574,224.4340124,
85575,226.3903618,
85576,226.0125625,
85577,226.6104336,
85578,228.5062062,
85579,229.4090121,
85580,229.8990027,
85581,231.20505,
85582,232.1754656,
85583,233.5430993,
85584,233.0457447,
85585,235.2684791,
85586,236.7833107,
85587,237.9404223,
85588,239.2479995,
85589,239.6604022,
85590,240.2134772,
85591,243.0653102,
85592,243.4384253,
85593,243.3230579,
85594,244.3081418,
85595,245.3319022,
85596,246.1541714,
85597,247.291116,
85598,247.2845309,
85599,247.9323228,
85600,249.3266939,
85601,250.7517516,
85602,251.832811,
85603,253.2069337,
85604,255.5165988,
85605,256.7890532,
85606,257.1355473,
85607,258.6453007,
85608,261.4839189,
85609,262.8776514,
85610,263.2745255,
85611,266.7043358,
85612,268.7099545,
85613,268.6148539,
85614,270.6215169,
85615,272.4441449,
85616,273.7139613,
85617,275.1812803,
85618,276.5509824,
85619,277.7081991,
85620,278.8954829,
85621,279.8279432,
85622,281.2340264,
85623,282.1687386,
85624,282.9772452,
85625,283.7270505,
85626,283.4149681,
85627,284.9777243,
85628,285.877607,
85629,286.6907982,
85630,287.8457921,
85631,288.0803016,
85632,288.1030288,
85633,288.0209011,
85634,288.8584736,
85635,289.5060068,
85636,289.6277294,
85637,289.5739597,
85638,290.0165681,
85639,290.344772,
85640,290.6049668,
85641,290.5463901,
85642,290.6000425,
85643,290.6288677,
85644,290.2777776,
85645,290.2903058,
85646,290.2752997,
85647,289.6917498,
85648,289.0628534,
85649,288.639629,
85650,288.7938442,
85651,288.2903036,
85652,287.6509158,
85653,287.1367777,
85654,287.1420498,
85655,287.1377636,
85656,286.5909123,
85657,285.6693615,
85658,285.8508692,
85659,285.0428956,
85660,283.9798419,
85661,283.5585755,
85662,283.4682291,
85663,283.0835808,
85664,282.30582,
85665,281.5099964,
85666,281.0903982,
85667,279.4854858,
85668,278.2624883,
85669,277.9927759,
85670,277.7878753,
85671,277.0320836,
85672,275.583088,
85673,274.7041378,
85674,274.1442609,
85675,273.6740924,
85676,273.3654185,
85677,271.6887402,
85678,270.5918141,
85679,270.0959198,
85680,270.0390342,
85681,268.5211932,
85682,266.8537187,
85683,265.922622,
85684,265.1712079,
85685,262.5599853,
85686,261.1105778,
85687,260.2286487,
85688,259.1130492,
85689,257.5968817,
85690,256.9105152,
85691,255.1160233,
85692,254.5377041,
85693,252.4459374,
85694,251.1799499,
85695,250.0973949,
85696,247.5378713,
85697,246.1515681,
85698,243.7279322,
85699,241.7821557,
85700,241.6263905,
85701,239.5774509,
85702,237.9459095,
85703,235.2908242,
85704,234.5450205,
85705,233.2671628,
85706,231.7672303,
85707,229.7623191,
85708,228.0487333,
85709,227.2114477,
85710,223.4321141,
85711,221.2302988,
85712,220.2268159,
85713,218.9269329,
85714,216.5491003,
85715,215.6912337,
85716,213.6844358,
85717,213.371705,
85718,212.3479581,
85719,209.7045794,
85720,208.4342308,
85721,207.8450138,
85722,205.8528121,
85723,203.9481787,
85724,202.2390161,
85725,201.4167188,
85726,200.1702285,
85727,197.340927,
85728,194.9183822,
85729,193.7906674,
85730,191.3761432,
85731,188.6965123,
85732,187.6057913,
85733,185.8633546,
85734,183.2865769,
85735,181.5831657,
85736,180.2011266,
85737,177.163728,
85738,174.4809526,
85739,173.5453294,
85740,170.858241,
85741,167.876994,
85742,166.2073269,
85743,165.1990255,
85744,163.212236,
85745,160.7188706,
85746,159.2766382,
85747,158.1187488,
85748,155.5498902,
85749,152.3418315,
85750,151.6985216,
85751,150.7233794,
85752,149.4687583,
85753,148.5026202,
85754,147.3801476,
85755,146.4099743,
85756,146.4856454,
85757,144.8009726,
85758,142.4683078,
85759,140.5723339,
85760,140.0599777,
85761,139.1300601,
85762,138.847344,
85763,138.719005,
85764,138.8248909,
85765,139.3216553,
85766,140.3301264,
85767,140.5799112,
85768,141.0400906,
85769,141.4070461,
85770,142.0150928,
85771,142.5577588,
85772,142.7558506,
85773,143.1809363,
85774,143.9536475,
85775,144.7973105,
85776,145.412866,
85777,145.7569966,
85778,146.09079,
85779,147.4292124,
85780,148.2909483,
85781,148.9633343,
85782,149.5964807,
85783,151.068027,
85784,151.9557119,
85785,153.1099668,
85786,153.5151141,
85787,154.6607159,
85788,155.612127,
85789,158.0297324,
85790,158.8961419,
85791,161.2196584,
85792,164.0960813,
85793,165.1432163,
85794,166.3030556,
85795,168.0880108,
85796,171.2642667,
85797,172.1970935,
85798,173.5924803,
85799,176.1926612,
85800,176.8518618,
85801,178.1209872,
85802,180.4206948,
85803,182.0513831,
85804,184.1338057,
85805,186.2132713,
85806,186.0056099,
85807,187.8628928,
85808,190.628121,
85809,191.9357652,
85810,192.74928,
85811,194.7848734,
85812,197.3826471,
85813,199.55564,
85814,200.8395481,
85815,203.1642316,
85816,205.8557353,
85817,206.7495045,
85818,207.5280621,
85819,210.2964009,
85820,212.0972193,
85821,212.7899365,
85822,214.8748154,
85823,218.1033395,
85824,217.0603094,
85825,217.8923313,
85826,220.0044264,
85827,222.0867709,
85828,223.2461709,
85829,223.4485709,
85830,224.9036756,
85831,225.7151237,
85832,225.0305765,
85833,227.1915579,
85834,229.5457312,
85835,228.1477963,
85836,229.5556432,
85837,232.0005476,
85838,232.2191934,
85839,232.114262,
85840,231.4448524,
85841,230.3321564,
85842,231.1423764,
85843,230.239154,
85844,230.8898484,
85845,229.9569473,
85846,230.2310877,
85847,229.9096612,
85848,230.3274166,
85849,229.9585131,
85850,229.0582435,
85851,228.6763776,
85852,228.3913997,
85853,227.9267425,
85854,227.9852935,
85855,227.9791275,
85856,227.0880634,
85857,226.534833,
85858,226.3164157,
85859,225.9611194,
85860,225.5397256,
85861,225.0081549,
85862,224.6965737,
85863,224.3293943,
85864,223.8608604,
85865,223.7673635,
85866,223.5210449,
85867,222.662883,
85868,221.9569682,
85869,221.863543,
85870,221.3555568,
85871,220.7953479,
85872,219.8866137,
85873,219.3506491,
85874,219.2450329,
85875,218.5528197,
85876,218.1756258,
85877,217.8148772,
85878,217.2584037,
85879,216.5607677,
85880,215.6472124,
85881,214.8115071,
85882,214.6295899,
85883,214.0498255,
85884,213.2632193,
85885,212.4423423,
85886,212.5881199,
85887,211.8070344,
85888,211.3516412,
85889,210.5774411,
85890,210.4649553,
85891,210.2011886,
85892,209.1030058,
85893,208.4334682,
85894,207.6795779,
85895,206.1104949,
85896,205.5103784,
85897,204.6726695,
85898,203.4854215,
85899,201.85776,
85900,201.4086871,
85901,200.942207,
85902,200.9785964,
85903,201.3641274,
85904,199.9798602,
85905,198.4324514,
85906,197.1353534,
85907,195.2542072,
85908,195.0062116,
85909,193.6291313,
85910,191.5797772,
85911,191.5162702,
85912,189.1341582,
85913,187.0658279,
85914,185.872851,
85915,185.324846,
85916,184.0278439,
85917,181.8456224,
85918,180.6304287,
85919,179.7474115,
85920,177.4088244,
85921,175.3204779,
85922,175.1442212,
85923,174.1672862,
85924,172.1061588,
85925,170.9126668,
85926,170.4191289,
85927,169.329902,
85928,167.9819744,
85929,166.7335959,
85930,166.8187359,
85931,165.893226,
85932,164.8602846,
85933,164.1835064,
85934,163.80616,
85935,162.7159711,
85936,161.3411464,
85937,161.4086095,
85938,160.2646471,
85939,159.8284197,
85940,158.0519757,
85941,158.0692507,
85942,156.6330715,
85943,154.5615173,
85944,153.0978048,
85945,152.0064483,
85946,150.9642843,
85947,149.5875824,
85948,148.8935238,
85949,148.7648062,
85950,147.5015024,
85951,145.6510446,
85952,144.9587029,
85953,144.3301975,
85954,143.202725,
85955,142.5944709,
85956,141.9454627,
85957,142.335247,
85958,141.3517452,
85959,140.4245573,
85960,140.103111,
85961,140.4853762,
85962,140.5985868,
85963,140.780445,
85964,141.4629642,
85965,141.7681422,
85966,142.0838449,
85967,142.5446187,
85968,142.7815461,
85969,143.453178,
85970,143.732582,
85971,144.0733364,
85972,144.5025317,
85973,145.0650289,
85974,145.5180522,
85975,145.1861732,
85976,145.8471986,
85977,146.2513473,
85978,146.6262129,
85979,146.4868177,
85980,146.7020562,
85981,146.5440775,
85982,146.6264673,
85983,146.7676055,
85984,146.8018619,
85985,147.345168,
85986,147.6220563,
85987,148.3836346,
85988,149.6918571,
85989,150.2445515,
85990,150.0494521,
85991,150.4923944,
85992,151.3728849,
85993,152.2997332,
85994,152.5011039,
85995,153.4091815,
85996,155.020038,
85997,156.2152258,
85998,156.0540078,
85999,156.3986118,
86000,157.8682625,
86001,158.6445659,
86002,158.4341595,
86003,160.2933182,
86004,160.8874381,
86005,161.6845825,
86006,162.1871722,
86007,162.9610749,
86008,163.6052921,
86009,165.0862144,
86010,165.1325023,
86011,166.0644463,
86012,167.9059219,
86013,169.3120922,
86014,169.3252458,
86015,170.2312054,
86016,171.5857756,
86017,172.5196574,
86018,173.0444182,
86019,174.5931928,
86020,176.3628575,
86021,176.2860409,
86022,177.2738572,
86023,178.7742742,
86024,180.5143086,
86025,180.768615,
86026,182.4995069,
86027,183.7223105,
86028,184.2433885,
86029,184.9664727,
86030,187.0429987,
86031,188.3322188,
86032,189.0215508,
86033,190.5019695,
86034,191.8087294,
86035,193.2100636,
86036,193.5855871,
86037,195.2059098,
86038,197.1276937,
86039,198.4820185,
86040,199.7506581,
86041,201.7859894,
86042,202.3858541,
86043,203.456788,
86044,205.310947,
86045,207.475231,
86046,208.1629378,
86047,210.1091451,
86048,212.5038451,
86049,213.8295221,
86050,214.5559357,
86051,216.5211292,
86052,217.6483836,
86053,218.9262494,
86054,219.9064541,
86055,220.8502764,
86056,223.607995,
86057,225.3782921,
86058,226.2833656,
86059,228.1793822,
86060,230.4502202,
86061,231.1482603,
86062,232.1518799,
86063,233.6233966,
86064,234.7963647,
86065,235.937993,
86066,237.611525,
86067,238.2931635,
86068,239.9243491,
86069,241.8291895,
86070,243.9346644,
86071,245.7854712,
86072,246.3839459,
86073,248.7357088,
86074,251.0654821,
86075,252.597455,
86076,253.3042508,
86077,255.0900081,
86078,256.6302091,
86079,257.5204907,
86080,258.3404135,
86081,260.5164594,
86082,262.4497786,
86083,262.9986408,
86084,264.0508211,
86085,265.9293954,
86086,268.14727,
86087,269.6486518,
86088,270.381488,
86089,271.9656989,
86090,273.8376385,
86091,274.740518,
86092,276.080569,
86093,277.0427909,
86094,277.7086508,
86095,278.6806086,
86096,278.9101655,
86097,278.7864547,
86098,280.0065501,
86099,280.5418661,
86100,280.8333492,
86101,280.3728728,
86102,280.1179096,
86103,279.4224456,
86104,280.0383707,
86105,279.6975959,
86106,279.4616695,
86107,279.0422416,
86108,278.7808203,
86109,278.5360928,
86110,279.0209945,
86111,279.0632893,
86112,278.7723743,
86113,278.1273484,
86114,277.734684,
86115,277.1749712,
86116,276.4434979,
86117,276.1353561,
86118,275.4914988,
86119,274.8266532,
86120,274.516546,
86121,273.7513286,
86122,273.5272102,
86123,272.9012723,
86124,272.797381,
86125,271.9311798,
86126,271.0999506,
86127,269.893823,
86128,269.4144554,
86129,268.8717762,
86130,267.4766252,
86131,266.5502024,
86132,266.2540862,
86133,265.3805569,
86134,263.6533159,
86135,262.8098401,
86136,262.4342754,
86137,261.9144618,
86138,261.0801093,
86139,260.2466475,
86140,259.5117542,
86141,258.8075721,
86142,256.6360119,
86143,256.4120842,
86144,255.4792949,
86145,254.5458742,
86146,253.1046095,
86147,251.976874,
86148,250.963226,
86149,249.4876673,
86150,247.4794108,
86151,246.9924891,
86152,246.4901944,
86153,245.8998228,
86154,245.1951222,
86155,242.7387261,
86156,241.7578718,
86157,241.2113858,
86158,238.9375227,
86159,237.6193796,
86160,237.2140747,
86161,236.5387899,
86162,234.4195726,
86163,234.1309986,
86164,233.1959574,
86165,232.8027978,
86166,230.4875753,
86167,228.6074176,
86168,227.6680831,
86169,226.8283817,
86170,225.1696817,
86171,223.3630419,
86172,222.1539087,
86173,221.4354278,
86174,218.8380924,
86175,217.0532521,
86176,215.630671,
86177,214.5405788,
86178,212.7488162,
86179,210.8206159,
86180,209.6294144,
86181,208.1664023,
86182,206.3242829,
86183,203.7578557,
86184,202.6874993,
86185,201.963831,
86186,200.0470977,
86187,197.5516646,
86188,196.0461055,
86189,195.918851,
86190,193.5769173,
86191,190.9570742,
86192,190.0186675,
86193,188.6403713,
86194,187.1569084,
86195,185.2860766,
86196,184.1651968,
86197,184.4411043,
86198,182.620482,
86199,181.0483589,
86200,180.5236705,
86201,180.6672305,
86202,179.3327805,
86203,178.9156322,
86204,178.6988268,
86205,177.8539644,
86206,177.557327,
86207,177.2011401,
86208,177.2587779,
86209,176.852519,
86210,176.5464999,
86211,176.8184859,
86212,176.6279669,
86213,176.489318,
86214,176.085153,
86215,175.3727554,
86216,175.3221787,
86217,175.6075945,
86218,174.2922655,
86219,173.5756771,
86220,172.6919183,
86221,172.1516815,
86222,171.7309292,
86223,171.2045179,
86224,168.8998452,
86225,167.8017959,
86226,167.3951896,
86227,165.6677533,
86228,164.2219658,
86229,163.034736,
86230,162.2603617,
86231,160.7690143,
86232,159.2730791,
86233,157.7840504,
86234,157.2065936,
86235,157.1398909,
86236,155.0495958,
86237,152.794034,
86238,151.788246,
86239,150.4246594,
86240,148.2546844,
86241,147.0536682,
86242,146.4590945,
86243,145.2069889,
86244,143.2186298,
86245,142.2061575,
86246,141.6215327,
86247,139.3029867,
86248,136.8892252,
86249,136.5064871,
86250,134.9432544,
86251,132.274803,
86252,130.7469397,
86253,129.7575044,
86254,128.1251993,
86255,125.7294095,
86256,125.3667409,
86257,123.3659657,
86258,122.0181307,
86259,120.1936883,
86260,120.0745303,
86261,119.1042311,
86262,117.3723107,
86263,116.0228063,
86264,115.3551146,
86265,114.1266882,
86266,112.6290133,
86267,111.462786,
86268,110.6201767,
86269,110.4824583,
86270,110.3600259,
86271,111.1907161,
86272,111.7957595,
86273,111.5595135,
86274,111.9642333,
86275,112.4938784,
86276,112.4918004,
86277,112.4839808,
86278,112.3404764,
86279,112.3739939,
86280,113.230897,
86281,114.0025801,
86282,114.6108962,
86283,114.7615333,
86284,115.3745536,
86285,115.2278343,
86286,115.7216752,
86287,115.8564643,
86288,116.5417582,
86289,116.7666798,
86290,117.3350571,
86291,118.1329112,
86292,118.5764721,
86293,118.7102112,
86294,119.3394838,
86295,120.037103,
86296,120.2031687,
86297,120.3446772,
86298,120.3824038,
86299,120.7993362,
86300,121.5315856,
86301,122.6718898,
86302,122.6819897,
86303,123.1141301,
86304,124.030407,
86305,124.7479502,
86306,125.740997,
86307,126.4979728,
86308,126.9212403,
86309,128.2424837,
86310,129.121416,
86311,131.1387759,
86312,131.2569088,
86313,132.3001864,
86314,134.6866961,
86315,136.3066104,
86316,137.1786416,
86317,139.0190298,
86318,140.3612119,
86319,142.1602317,
86320,142.8324766,
86321,143.7212563,
86322,145.7200812,
86323,147.4201868,
86324,149.1834471,
86325,149.9814525,
86326,152.0979847,
86327,155.0997546,
86328,155.7878214,
86329,156.6033812,
86330,158.5477293,
86331,161.6254916,
86332,163.4118247,
86333,163.9244639,
86334,166.5967943,
86335,169.6740346,
86336,170.8070473,
86337,172.6643944,
86338,175.7217562,
86339,176.6498238,
86340,176.8043938,
86341,180.934048,
86342,183.1333313,
86343,183.8951909,
86344,185.2352064,
86345,187.5885514,
86346,190.1330293,
86347,190.73232,
86348,193.5952627,
86349,196.6939089,
86350,197.2170154,
86351,197.4709172,
86352,199.5169538,
86353,201.8635421,
86354,203.526125,
86355,204.3617988,
86356,206.916928,
86357,209.7796156,
86358,210.6840912,
86359,213.0586875,
86360,214.7828127,
86361,215.8060394,
86362,216.4793642,
86363,217.6521173,
86364,220.3720884,
86365,220.7158124,
86366,221.5402789,
86367,222.2184621,
86368,222.6802978,
86369,223.2862813,
86370,222.8488805,
86371,222.445358,
86372,223.1338304,
86373,223.037254,
86374,222.4224565,
86375,221.8475988,
86376,221.5192659,
86377,220.8673754,
86378,220.6587829,
86379,220.4911828,
86380,220.267341,
86381,219.7794542,
86382,219.2061528,
86383,218.6384245,
86384,218.2716011,
86385,218.0600902,
86386,216.847189,
86387,215.2827745,
86388,213.7144387,
86389,213.5290812,
86390,212.6130837,
86391,211.1516809,
86392,210.0439063,
86393,209.2689092,
86394,208.8196175,
86395,206.4581025,
86396,204.6801588,
86397,203.7386418,
86398,202.742926,
86399,201.3461929,
86400,200.0768605,
86401,198.2590661,
86402,196.954865,
86403,194.0722386,
86404,192.6796536,
86405,191.9420422,
86406,189.933441,
86407,187.9459838,
86408,186.3827046,
86409,185.6342641,
86410,182.9816693,
86411,180.4942971,
86412,179.9512611,
86413,177.8756892,
86414,174.9494488,
86415,173.507309,
86416,173.1601837,
86417,170.4805835,
86418,167.4609689,
86419,166.6903853,
86420,165.236925,
86421,162.8902925,
86422,160.5611151,
86423,159.4423937,
86424,157.6023521,
86425,154.9895184,
86426,153.1311539,
86427,152.2514386,
86428,150.014565,
86429,147.2975881,
86430,146.323358,
86431,144.5283466,
86432,142.3877676,
86433,139.9115943,
86434,138.9468477,
86435,136.8655875,
86436,134.3488594,
86437,133.5412902,
86438,131.5481924,
86439,128.845064,
86440,126.7089768,
86441,126.5968859,
86442,125.780307,
86443,123.5145454,
86444,122.016178,
86445,121.0041197,
86446,119.7453582,
86447,116.9849315,
86448,115.9577492,
86449,114.8586843,
86450,113.6723958,
86451,112.8033522,
86452,111.7803735,
86453,112.5485948,
86454,110.9545067,
86455,110.6681926,
86456,110.4324431,
86457,110.5474366,
86458,110.1231613,
86459,109.5818777,
86460,108.9646207,
86461,109.4608327,
86462,109.8748924,
86463,109.6558901,
86464,109.8250846,
86465,109.9969635,
86466,110.7163718,
86467,111.1470146,
86468,111.483448,
86469,111.7215249,
86470,112.3304736,
86471,112.7106023,
86472,113.0901752,
86473,113.4181209,
86474,114.0297131,
86475,114.6354424,
86476,115.4494234,
86477,116.3141539,
86478,117.2228051,
86479,118.2760107,
86480,119.5567182,
86481,119.7285199,
86482,120.9389285,
86483,122.5492346,
86484,123.6306064,
86485,124.0925037,
86486,125.7373844,
86487,127.7577906,
86488,128.3619236,
86489,129.0723909,
86490,130.464322,
86491,133.2752978,
86492,134.1494912,
86493,134.8061956,
86494,137.1079565,
86495,138.6690655,
86496,140.3295298,
86497,141.1525445,
86498,142.8870234,
86499,144.379641,
86500,146.3248951,
86501,146.6933755,
86502,148.4016719,
86503,150.4108962,
86504,152.1931404,
86505,152.8783383,
86506,154.2375646,
86507,154.9892942,
86508,156.6706061,
86509,156.7508525,
86510,158.045543,
86511,159.6530966,
86512,162.5630407,
86513,163.5605493,
86514,164.1731651,
86515,165.5174178,
86516,166.2408829,
86517,166.3849775,
86518,167.6891823,
86519,169.2330594,
86520,171.2203574,
86521,172.896174,
86522,174.6465041,
86523,175.500371,
86524,176.2622092,
86525,178.2890542,
86526,181.3855748,
86527,182.733978,
86528,183.8833576,
86529,185.8426488,
86530,186.8032457,
86531,188.8822926,
86532,189.6042475,
86533,190.4267755,
86534,191.5736725,
86535,193.6688548,
86536,196.5220896,
86537,196.7830102,
86538,198.5977138,
86539,201.0320009,
86540,202.6609266,
86541,204.0504873,
86542,206.0387652,
86543,207.2209831,
86544,208.583222,
86545,209.1116154,
86546,211.2270078,
86547,213.0582235,
86548,214.4916475,
86549,215.2661041,
86550,216.9741563,
86551,218.8753192,
86552,219.9637532,
86553,220.4802083,
86554,222.2138856,
86555,223.4894263,
86556,224.7220921,
86557,225.7414055,
86558,227.0210623,
86559,228.253283,
86560,228.6146485,
86561,230.3839564,
86562,232.0343931,
86563,233.7257552,
86564,234.6181729,
86565,236.1644637,
86566,237.7815803,
86567,238.8169301,
86568,240.3230868,
86569,242.6954597,
86570,244.0650435,
86571,244.8298904,
86572,246.0223458,
86573,247.7296858,
86574,249.4287616,
86575,249.5908494,
86576,250.8734476,
86577,252.9371886,
86578,254.4937722,
86579,255.2984129,
86580,255.9536634,
86581,256.7980806,
86582,257.7366795,
86583,258.5804996,
86584,258.963569,
86585,259.1838469,
86586,258.6089829,
86587,258.8141902,
86588,259.0079711,
86589,258.7088576,
86590,258.8027884,
86591,258.1122978,
86592,258.4895836,
86593,258.4734128,
86594,258.1992033,
86595,257.9825291,
86596,258.2511475,
86597,257.8893056,
86598,257.9248964,
86599,257.7332549,
86600,257.5433607,
86601,257.9746259,
86602,258.289855,
86603,258.2792223,
86604,257.7772516,
86605,257.7431462,
86606,257.8634465,
86607,257.8187052,
86608,257.6539867,
86609,256.9362264,
86610,256.4356327,
86611,255.8275906,
86612,254.7139595,
86613,254.7467619,
86614,254.7878751,
86615,254.3827557,
86616,253.3563655,
86617,252.7917315,
86618,252.1124064,
86619,250.6511302,
86620,249.9164844,
86621,249.8149555,
86622,248.6483472,
86623,247.375918,
86624,245.8925747,
86625,245.670983,
86626,244.5198931,
86627,242.7292203,
86628,240.8048033,
86629,240.4866732,
86630,239.3826084,
86631,237.2949273,
86632,235.5408692,
86633,234.8422995,
86634,233.5677903,
86635,230.9385701,
86636,230.2642449,
86637,229.6639827,
86638,227.779921,
86639,226.0389416,
86640,226.8629713,
86641,224.3046015,
86642,223.294102,
86643,219.8234812,
86644,218.0328168,
86645,217.3379805,
86646,215.0033411,
86647,212.8903227,
86648,210.8748862,
86649,210.1591143,
86650,207.6489419,
86651,205.3757259,
86652,203.3016242,
86653,202.7573629,
86654,200.4168115,
86655,198.2687918,
86656,196.8829064,
86657,195.896997,
86658,192.869507,
86659,190.4168136,
86660,189.9800747,
86661,188.0286489,
86662,185.3489105,
86663,182.4667313,
86664,182.2584763,
86665,180.8060783,
86666,177.7976456,
86667,175.3789646,
86668,175.2891438,
86669,173.4878174,
86670,171.3157731,
86671,169.9274393,
86672,169.9992177,
86673,168.5747329,
86674,165.8740292,
86675,164.33516,
86676,163.7473916,
86677,162.8716168,
86678,160.7807102,
86679,159.5545386,
86680,159.3691459,
86681,158.0108117,
86682,155.909035,
86683,155.1779193,
86684,154.0419434,
86685,151.9049879,
86686,150.2652028,
86687,149.6336318,
86688,148.2813577,
86689,146.2292665,
86690,145.7815194,
86691,144.635887,
86692,143.4599201,
86693,141.7263179,
86694,141.5336777,
86695,140.7678418,
86696,138.6537279,
86697,137.6857522,
86698,137.1437264,
86699,135.704823,
86700,134.7783691,
86701,134.6971454,
86702,134.6458733,
86703,133.8858858,
86704,133.1799535,
86705,132.8716565,
86706,132.7530115,
86707,132.8219446,
86708,132.7936717,
86709,133.7107594,
86710,134.1276684,
86711,133.7690492,
86712,134.498068,
86713,135.3472487,
86714,135.7783948,
86715,136.4629976,
86716,138.0360004,
86717,139.3188822,
86718,139.4741668,
86719,140.5170142,
86720,142.4366799,
86721,142.5022494,
86722,144.7422532,
86723,146.0228624,
86724,146.5124639,
86725,147.7469975,
86726,150.0616782,
86727,151.0606059,
86728,151.9790253,
86729,154.746106,
86730,156.7340301,
86731,157.2181002,
86732,159.5285423,
86733,162.605199,
86734,162.8719447,
86735,164.9803295,
86736,167.43435,
86737,168.2059025,
86738,168.978641,
86739,171.6989324,
86740,174.2545086,
86741,175.2597334,
86742,177.5631393,
86743,180.7693871,
86744,182.6447135,
86745,183.4062285,
86746,186.4719366,
86747,189.4657785,
86748,190.101526,
86749,191.9657223,
86750,195.5321074,
86751,197.5656651,
86752,199.3970355,
86753,201.536416,
86754,203.5188549,
86755,204.1953016,
86756,207.3513924,
86757,210.3252571,
86758,211.2066162,
86759,212.4156833,
86760,215.0309423,
86761,216.9583351,
86762,217.3404447,
86763,218.5292572,
86764,220.4815412,
86765,222.2193951,
86766,223.8221815,
86767,225.0605525,
86768,226.6880944,
86769,227.6535189,
86770,228.060831,
86771,230.8554332,
86772,231.8857748,
86773,232.0472964,
86774,232.699518,
86775,233.3136642,
86776,234.2167797,
86777,235.3980483,
86778,235.8478788,
86779,236.2597838,
86780,236.1583856,
86781,237.3447991,
86782,237.9360828,
86783,238.2430764,
86784,238.4253434,
86785,238.1653628,
86786,238.6790858,
86787,239.1501539,
86788,239.3070339,
86789,239.2524981,
86790,239.4849936,
86791,240.2785156,
86792,240.6575246,
86793,240.8022463,
86794,241.4656495,
86795,242.7242724,
86796,243.6283752,
86797,243.5522797,
86798,244.7247738,
86799,245.6224292,
86800,246.1950276,
86801,246.6183941,
86802,247.4778693,
86803,248.798487,
86804,249.7656289,
86805,251.2943304,
86806,251.6808623,
86807,252.582582,
86808,253.4376225,
86809,254.3491326,
86810,255.3345502,
86811,256.1464052,
86812,257.9583393,
86813,259.4727462,
86814,260.6121416,
86815,261.4820716,
86816,261.8669984,
86817,262.3306872,
86818,265.3209425,
86819,266.3347145,
86820,266.3296949,
86821,267.3874833,
86822,268.9942767,
86823,269.5483613,
86824,269.9833621,
86825,270.5083347,
86826,270.9094357,
86827,271.7438678,
86828,272.0579205,
86829,272.8159616,
86830,273.462711,
86831,273.6031944,
86832,273.6481203,
86833,273.6607625,
86834,273.8141736,
86835,273.5176355,
86836,273.3655021,
86837,273.5736598,
86838,273.6613138,
86839,273.4087966,
86840,273.2445562,
86841,272.8226287,
86842,272.291686,
86843,272.0262822,
86844,271.4608652,
86845,270.9428012,
86846,270.3223742,
86847,269.6102821,
86848,268.8086882,
86849,268.1896248,
86850,267.9172747,
86851,267.758278,
86852,267.6608786,
86853,265.9914906,
86854,264.6907481,
86855,264.0077311,
86856,263.7579612,
86857,262.6684313,
86858,261.725814,
86859,260.939875,
86860,260.0806816,
86861,259.9502606,
86862,259.1747206,
86863,258.2248321,
86864,257.6791812,
86865,256.8977486,
86866,256.1340464,
86867,255.4567822,
86868,254.2954059,
86869,252.2720356,
86870,251.1283723,
86871,250.7111619,
86872,248.7539286,
86873,247.6498663,
86874,245.0112996,
86875,244.7429517,
86876,242.7399091,
86877,239.7680108,
86878,237.5579643,
86879,237.4927737,
86880,235.7903143,
86881,232.976231,
86882,230.7806299,
86883,229.6899143,
86884,228.1884739,
86885,225.4388349,
86886,222.9320365,
86887,222.0962427,
86888,219.8518435,
86889,217.4118481,
86890,215.9685788,
86891,215.2107374,
86892,212.5201799,
86893,210.2605487,
86894,208.9877152,
86895,208.2490801,
86896,205.6948048,
86897,203.1990807,
86898,202.154158,
86899,201.1203549,
86900,198.8328662,
86901,196.7253054,
86902,195.4158669,
86903,194.7306353,
86904,192.9200276,
86905,190.7997582,
86906,190.2472011,
86907,188.4586703,
86908,187.7524864,
86909,186.9254656,
86910,183.9502748,
86911,182.3647197,
86912,180.4988069,
86913,180.083999,
86914,178.4818756,
86915,175.0340462,
86916,173.5045923,
86917,172.8785425,
86918,171.4573129,
86919,169.4454221,
86920,168.3858546,
86921,167.8672565,
86922,165.3771742,
86923,163.68923,
86924,162.8703854,
86925,162.3659842,
86926,160.7077008,
86927,158.2964514,
86928,156.676989,
86929,154.9261237,
86930,152.364283,
86931,149.9734068,
86932,148.9715478,
86933,146.243125,
86934,143.5499092,
86935,142.8228826,
86936,141.139441,
86937,139.6844547,
86938,138.3125653,
86939,136.9942011,
86940,136.400168,
86941,133.7917667,
86942,132.4589313,
86943,131.718694,
86944,130.3479017,
86945,129.0720516,
86946,126.6912108,
86947,125.9560137,
86948,124.7392378,
86949,123.8120329,
86950,122.6054934,
86951,121.8091431,
86952,121.1643879,
86953,120.2724584,
86954,119.7670698,
86955,118.6734322,
86956,117.5686133,
86957,117.7561983,
86958,117.762289,
86959,118.4964649,
86960,118.753318,
86961,119.2937048,
86962,119.2272845,
86963,119.5429937,
86964,120.1198651,
86965,120.8635924,
86966,121.887025,
86967,122.619932,
86968,121.9615091,
86969,123.0580584,
86970,123.5595789,
86971,124.1481956,
86972,124.5600145,
86973,124.7521581,
86974,125.3502521,
86975,125.8787149,
86976,126.1083768,
86977,126.0722009,
86978,126.429166,
86979,127.1068147,
86980,128.107402,
86981,128.4691762,
86982,128.637238,
86983,129.1569779,
86984,130.1838088,
86985,130.7221632,
86986,131.2375459,
86987,131.6452678,
86988,133.0898262,
86989,133.9672498,
86990,135.3546072,
86991,135.8581566,
86992,136.6003204,
86993,137.8861779,
86994,139.076957,
86995,140.0652661,
86996,141.8795628,
86997,142.1535794,
86998,144.425858,
86999,146.6001477,
87000,147.6127971,
87001,148.870369,
87002,150.3054116,
87003,151.3704597,
87004,153.1667291,
87005,154.8685074,
87006,155.7532149,
87007,156.3390454,
87008,157.2978541,
87009,158.1194487,
87010,158.5243039,
87011,159.6297364,
87012,158.9894621,
87013,160.333017,
87014,161.05901,
87015,161.8853951,
87016,161.0543071,
87017,161.5998101,
87018,162.5713167,
87019,163.02336,
87020,163.5237289,
87021,164.3384081,
87022,165.01406,
87023,165.7825481,
87024,166.7353715,
87025,167.7521585,
87026,167.5774961,
87027,168.7337153,
87028,170.6856256,
87029,171.1689149,
87030,170.8060561,
87031,172.3195878,
87032,172.4761138,
87033,172.6827574,
87034,172.976992,
87035,173.813305,
87036,174.2688704,
87037,174.5772265,
87038,174.5938306,
87039,174.3718039,
87040,174.9696077,
87041,174.8653749,
87042,174.6662902,
87043,175.2333449,
87044,175.3652283,
87045,175.8622225,
87046,176.1011288,
87047,176.2616169,
87048,176.7476434,
87049,176.8426662,
87050,177.2260295,
87051,177.9352891,
87052,178.5424869,
87053,178.8244087,
87054,179.6198846,
87055,180.2365485,
87056,180.629028,
87057,180.8181402,
87058,180.7111147,
87059,181.8723014,
87060,182.2114748,
87061,182.6699641,
87062,183.0869026,
87063,183.3907854,
87064,183.2127697,
87065,182.8847377,
87066,182.3982363,
87067,181.8845038,
87068,181.4682703,
87069,180.9896398,
87070,180.2701986,
87071,179.5989415,
87072,179.5970593,
87073,178.8193605,
87074,177.9969342,
87075,176.9068819,
87076,176.0309333,
87077,175.6823966,
87078,174.7235186,
87079,173.1428224,
87080,172.2439296,
87081,171.6762973,
87082,171.1779603,
87083,169.7269147,
87084,168.6571006,
87085,167.7787088,
87086,166.5283514,
87087,165.6449799,
87088,164.7678054,
87089,162.7347472,
87090,162.4873445,
87091,162.0847872,
87092,161.2528697,
87093,159.7836888,
87094,158.6175721,
87095,157.7122687,
87096,156.7499186,
87097,156.2348632,
87098,153.948338,
87099,152.6386205,
87100,151.8326331,
87101,150.3465585,
87102,148.5586886,
87103,147.1830362,
87104,146.4570385,
87105,146.4263408,
87106,145.5262492,
87107,144.8152075,
87108,145.0681418,
87109,145.2630434,
87110,144.950763,
87111,145.0387701,
87112,145.2208292,
87113,145.5967218,
87114,145.2102558,
87115,146.3494776,
87116,145.6508269,
87117,146.4412875,
87118,146.1355167,
87119,145.1499621,
87120,146.6427542,
87121,145.2862489,
87122,145.2075981,
87123,145.259163,
87124,145.142118,
87125,144.5982864,
87126,143.8900051,
87127,142.9172271,
87128,142.1426749,
87129,141.8368587,
87130,140.9775965,
87131,140.1412534,
87132,138.7979812,
87133,138.4043016,
87134,137.8619399,
87135,137.0647594,
87136,136.5362264,
87137,136.5312093,
87138,135.41132,
87139,134.3995522,
87140,134.3668573,
87141,133.4747951,
87142,132.5642262,
87143,132.2382747,
87144,132.0986256,
87145,131.3605506,
87146,130.6519552,
87147,130.6642644,
87148,130.424734,
87149,130.2212333,
87150,129.9298534,
87151,129.970705,
87152,129.626011,
87153,129.4900294,
87154,129.6786021,
87155,129.5994411,
87156,129.4414661,
87157,129.6563388,
87158,129.7875384,
87159,129.7993247,
87160,130.3054978,
87161,131.2519765,
87162,131.420063,
87163,131.1488421,
87164,131.2724923,
87165,131.9143479,
87166,132.37249,
87167,132.9215143,
87168,133.8707809,
87169,135.1678818,
87170,135.4431871,
87171,136.3341381,
87172,137.3804067,
87173,139.2063319,
87174,140.0438155,
87175,141.6473126,
87176,143.3305527,
87177,144.4250319,
87178,145.9772009,
87179,147.9499096,
87180,148.511859,
87181,149.5156783,
87182,151.6362051,
87183,154.2469142,
87184,154.692388,
87185,156.8806936,
87186,157.3746353,
87187,158.665557,
87188,159.9901859,
87189,160.9257705,
87190,162.0226571,
87191,164.3922752,
87192,165.8320016,
87193,167.1462562,
87194,169.3035084,
87195,170.2447787,
87196,171.75071,
87197,171.2113591,
87198,172.2343339,
87199,172.0881543,
87200,172.4830678,
87201,173.0739935,
87202,173.1615577,
87203,173.0397962,
87204,173.2463927,
87205,173.3746946,
87206,173.0446995,
87207,172.7612573,
87208,172.7421122,
87209,172.4752132,
87210,172.7395381,
87211,172.6305583,
87212,172.5252463,
87213,172.8203113,
87214,172.2794705,
87215,171.9775238,
87216,171.7397435,
87217,171.5516709,
87218,171.612799,
87219,171.7744546,
87220,171.7045529,
87221,171.6742332,
87222,172.2390861,
87223,172.4551006,
87224,172.6635824,
87225,172.3824973,
87226,172.288536,
87227,172.6557256,
87228,172.9099667,
87229,173.3059754,
87230,173.470783,
87231,173.8780569,
87232,174.3234272,
87233,174.4539711,
87234,174.7125698,
87235,175.0660352,
87236,176.1311499,
87237,176.8162371,
87238,177.0424955,
87239,177.7371223,
87240,178.0184529,
87241,179.353964,
87242,179.4352639,
87243,180.0003047,
87244,180.3495565,
87245,181.079858,
87246,181.2888405,
87247,181.3154542,
87248,181.3895463,
87249,181.7187768,
87250,182.0105893,
87251,182.5439528,
87252,183.1739796,
87253,183.4848708,
87254,183.3192092,
87255,183.6407982,
87256,184.6155673,
87257,184.6341631,
87258,184.8654486,
87259,185.5542261,
87260,186.0587551,
87261,186.8110512,
87262,186.9565012,
87263,187.9814497,
87264,189.0432938,
87265,189.5513058,
87266,190.6876095,
87267,191.2356135,
87268,191.2809555,
87269,191.5054019,
87270,192.0394424,
87271,193.0492144,
87272,193.6707149,
87273,194.2435332,
87274,194.4942355,
87275,194.9928867,
87276,194.9714304,
87277,194.8341402,
87278,194.5909329,
87279,194.5273518,
87280,194.7060635,
87281,194.6378449,
87282,194.1355434,
87283,193.9780246,
87284,193.0959334,
87285,192.2456244,
87286,191.4292894,
87287,191.076471,
87288,190.2081238,
87289,189.6553553,
87290,188.7477278,
87291,187.9822756,
87292,187.3335775,
87293,185.9832148,
87294,185.0812913,
87295,184.1270779,
87296,184.0425784,
87297,183.817489,
87298,182.7284064,
87299,181.3904809,
87300,181.3406121,
87301,181.2385047,
87302,180.7103856,
87303,180.3808191,
87304,180.4933073,
87305,180.068968,
87306,180.4447413,
87307,180.7460847,
87308,180.9266953,
87309,181.282969,
87310,181.345686,
87311,181.9219333,
87312,182.0263513,
87313,182.4814176,
87314,182.7105472,
87315,183.0136876,
87316,183.2676335,
87317,184.2633628,
87318,184.9341606,
87319,185.3032531,
87320,185.5855736,
87321,186.114542,
87322,186.6614289,
87323,186.4414211,
87324,186.7032939,
87325,187.1031268,
87326,187.5261636,
87327,188.3370018,
87328,188.7885756,
87329,188.6159632,
87330,188.6820244,
87331,189.1135308,
87332,189.3306396,
87333,190.1653178,
87334,190.3775463,
87335,190.7745035,
87336,191.291253,
87337,191.5972509,
87338,191.9399206,
87339,191.7018546,
87340,191.6782601,
87341,191.6108383,
87342,191.5459481,
87343,191.468634,
87344,190.7217207,
87345,190.2621316,
87346,189.898351,
87347,189.7316488,
87348,189.2085621,
87349,189.0112373,
87350,189.2281602,
87351,188.9154007,
87352,187.5953953,
87353,187.2461045,
87354,187.1253354,
87355,186.9110189,
87356,186.7254056,
87357,186.1140737,
87358,185.3710507,
87359,184.7517123,
87360,185.9724371,
87361,185.7260636,
87362,184.221277,
87363,183.2556683,
87364,182.9344903,
87365,182.0745706,
87366,180.7548337,
87367,180.3780652,
87368,180.4352234,
87369,180.0726872,
87370,179.1588986,
87371,177.6123802,
87372,175.5831367,
87373,174.3948638,
87374,173.3720057,
87375,171.8428106,
87376,170.0537611,
87377,167.8896923,
87378,167.027733,
87379,165.9227613,
87380,164.0998877,
87381,161.5879383,
87382,162.0290894,
87383,160.8558821,
87384,160.7539054,
87385,156.9076917,
87386,155.3059811,
87387,154.5930122,
87388,151.8976165,
87389,150.053108,
87390,148.5238351,
87391,147.443298,
87392,144.4032485,
87393,142.3942374,
87394,141.6537352,
87395,139.8194361,
87396,137.3131363,
87397,135.6495704,
87398,135.0394002,
87399,133.9057785,
87400,131.7246774,
87401,131.1221665,
87402,130.3449121,
87403,127.7045445,
87404,126.1343386,
87405,125.2457129,
87406,123.2874736,
87407,122.2060006,
87408,121.0797409,
87409,121.227127,
87410,119.9499568,
87411,118.3132111,
87412,117.4249806,
87413,116.1547403,
87414,114.6697227,
87415,113.7656209,
87416,113.7796555,
87417,113.4150224,
87418,112.232615,
87419,111.3798821,
87420,111.2542037,
87421,110.0082041,
87422,109.1533042,
87423,108.8429443,
87424,108.1241046,
87425,107.443977,
87426,107.6213467,
87427,107.1810529,
87428,107.2856171,
87429,107.2420764,
87430,107.3621636,
87431,107.6088025,
87432,107.549706,
87433,107.6121644,
87434,107.967111,
87435,108.5114188,
87436,109.0711526,
87437,109.861521,
87438,110.4751087,
87439,112.3136142,
87440,112.6874916,
87441,112.7318729,
87442,112.6395668,
87443,112.2753,
87444,112.7781036,
87445,113.6774843,
87446,113.7491382,
87447,114.1874567,
87448,114.719103,
87449,115.114948,
87450,115.2746166,
87451,115.9505439,
87452,117.3897497,
87453,117.8093545,
87454,119.0642431,
87455,120.7240537,
87456,121.9866084,
87457,123.1654925,
87458,124.8849562,
87459,126.0907268,
87460,126.4957053,
87461,128.5743449,
87462,130.9310237,
87463,132.3620689,
87464,133.5647027,
87465,134.9309918,
87466,136.7526007,
87467,138.4170943,
87468,139.5200305,
87469,143.045742,
87470,144.7556818,
87471,145.1815215,
87472,148.4645226,
87473,151.65857,
87474,152.4896248,
87475,155.9348902,
87476,159.0829072,
87477,160.2860665,
87478,162.6705285,
87479,165.2977874,
87480,166.8890311,
87481,168.5964596,
87482,172.2240561,
87483,174.7968341,
87484,175.0675401,
87485,178.0317679,
87486,179.1040968,
87487,179.3832566,
87488,180.4862601,
87489,181.7164912,
87490,183.8685782,
87491,185.7396238,
87492,187.413266,
87493,188.1703058,
87494,190.5284528,
87495,192.2877025,
87496,193.825418,
87497,195.1502087,
87498,198.0871418,
87499,199.8159016,
87500,200.688932,
87501,202.6573565,
87502,204.5029501,
87503,205.7134939,
87504,205.750509,
87505,208.1248956,
87506,209.6241694,
87507,210.7811452,
87508,211.1488916,
87509,211.7572869,
87510,212.6293668,
87511,213.4074314,
87512,213.5651187,
87513,213.7289079,
87514,214.2643362,
87515,214.1311715,
87516,214.2416326,
87517,214.0787132,
87518,213.8024139,
87519,213.8628122,
87520,213.6292018,
87521,213.415932,
87522,213.1694676,
87523,212.9166831,
87524,212.9546392,
87525,212.6347324,
87526,212.15215,
87527,212.0079304,
87528,212.4384853,
87529,211.9830926,
87530,211.1872793,
87531,210.5201679,
87532,210.2164503,
87533,210.1297569,
87534,209.4189303,
87535,208.5885651,
87536,208.3252346,
87537,207.2700116,
87538,205.9786328,
87539,205.1839234,
87540,204.8590692,
87541,203.988275,
87542,202.9155552,
87543,201.9779547,
87544,200.856192,
87545,200.5920008,
87546,199.1605593,
87547,197.8833252,
87548,196.2675086,
87549,195.3452989,
87550,193.8930863,
87551,192.0875065,
87552,190.4719384,
87553,190.1188877,
87554,189.3515709,
87555,187.0621414,
87556,183.885341,
87557,182.8717677,
87558,181.5400497,
87559,178.6192533,
87560,176.3960304,
87561,175.3724644,
87562,172.6977578,
87563,169.5289232,
87564,168.8318641,
87565,166.4315103,
87566,163.7788144,
87567,161.9577235,
87568,160.5742747,
87569,157.1475076,
87570,154.7027349,
87571,154.050889,
87572,152.6176886,
87573,150.8037599,
87574,148.8424314,
87575,146.8301032,
87576,145.0716598,
87577,142.9574696,
87578,141.3527132,
87579,139.5655629,
87580,137.9706922,
87581,135.0424232,
87582,133.5726717,
87583,132.9103798,
87584,131.5738456,
87585,129.0009756,
87586,126.4878997,
87587,126.7685606,
87588,124.8466562,
87589,123.7525708,
87590,122.4124347,
87591,122.5100963,
87592,121.2000879,
87593,119.8600247,
87594,118.600602,
87595,117.5567256,
87596,117.366918,
87597,117.5306257,
87598,117.2965502,
87599,116.7726454,
87600,116.9381568,
87601,116.6529293,
87602,116.3764154,
87603,116.0745262,
87604,116.0420369,
87605,116.0972365,
87606,116.1505286,
87607,116.5832723,
87608,116.9028279,
87609,117.1079884,
87610,117.6732332,
87611,118.2164345,
87612,118.4974576,
87613,118.7665477,
87614,119.2137669,
87615,119.7565537,
87616,121.0446988,
87617,121.6697327,
87618,122.0711863,
87619,122.8553223,
87620,123.7640858,
87621,124.487415,
87622,125.2572067,
87623,125.6422404,
87624,126.8519799,
87625,128.1625205,
87626,129.4473048,
87627,129.5541621,
87628,131.4376434,
87629,133.303158,
87630,133.7557841,
87631,134.9958341,
87632,136.6237538,
87633,138.3957028,
87634,138.6128351,
87635,140.523291,
87636,142.761534,
87637,144.142906,
87638,144.0884533,
87639,145.3329606,
87640,147.8903394,
87641,149.1859707,
87642,150.1591541,
87643,151.7687279,
87644,154.3255249,
87645,156.4101795,
87646,156.6057122,
87647,158.0991897,
87648,160.5362025,
87649,163.0616082,
87650,163.4901916,
87651,166.162061,
87652,168.927048,
87653,170.2480158,
87654,171.0261163,
87655,173.4858925,
87656,176.130841,
87657,176.777638,
87658,178.785329,
87659,181.966582,
87660,184.0788344,
87661,185.6043841,
87662,188.6339836,
87663,190.3888493,
87664,191.5440604,
87665,194.803295,
87666,197.7335277,
87667,198.6024101,
87668,201.2577308,
87669,203.2803138,
87670,205.039966,
87671,206.0278089,
87672,209.0823734,
87673,211.5508451,
87674,212.1047345,
87675,214.1906822,
87676,216.6509827,
87677,218.7436055,
87678,219.5684614,
87679,221.5103255,
87680,224.1977572,
87681,226.058642,
87682,227.3798431,
87683,229.3097195,
87684,231.1184337,
87685,231.7096742,
87686,231.7693096,
87687,233.4899661,
87688,235.9019736,
87689,235.9902331,
87690,236.5999242,
87691,237.5559122,
87692,238.8652783,
87693,239.4042201,
87694,240.4426066,
87695,243.3649173,
87696,244.3567739,
87697,245.2053961,
87698,246.7758698,
87699,248.2222434,
87700,248.7194749,
87701,248.6434738,
87702,249.6413741,
87703,251.0815605,
87704,251.7814327,
87705,252.6881354,
87706,253.817195,
87707,254.8121516,
87708,255.4696217,
87709,255.4347126,
87710,256.6664514,
87711,258.2731484,
87712,259.4265681,
87713,260.654148,
87714,262.3651149,
87715,264.0900128,
87716,265.0967934,
87717,265.3116545,
87718,266.8536668,
87719,268.6834167,
87720,269.8836421,
87721,271.0420468,
87722,272.9996248,
87723,274.9503513,
87724,276.0407143,
87725,276.901731,
87726,279.3670701,
87727,280.4796128,
87728,281.1648765,
87729,281.1462485,
87730,281.1885919,
87731,281.0444069,
87732,281.9980738,
87733,283.077624,
87734,282.9114969,
87735,282.9201644,
87736,284.3944531,
87737,284.962774,
87738,285.3716901,
87739,285.7817815,
87740,286.7793906,
87741,287.8631949,
87742,288.2869483,
87743,289.3862164,
87744,290.596357,
87745,291.536032,
87746,292.0637911,
87747,293.4920611,
87748,295.0469663,
87749,295.8416636,
87750,296.0088047,
87751,297.3303159,
87752,298.5293981,
87753,299.0301232,
87754,299.4240289,
87755,300.3086795,
87756,301.3318791,
87757,301.4506074,
87758,301.2623309,
87759,301.8704146,
87760,302.6820254,
87761,302.7851889,
87762,302.8259194,
87763,302.8320046,
87764,302.6080379,
87765,302.3534908,
87766,301.8455792,
87767,301.3877351,
87768,301.3894952,
87769,301.1636738,
87770,301.1957031,
87771,301.0591835,
87772,301.2076708,
87773,300.146677,
87774,299.6663404,
87775,298.8070165,
87776,297.2271009,
87777,296.1537621,
87778,295.8631337,
87779,294.5604172,
87780,293.4761795,
87781,292.4043956,
87782,291.6014401,
87783,290.302838,
87784,288.2288168,
87785,286.8142015,
87786,286.7886509,
87787,285.5404325,
87788,283.5896782,
87789,282.238183,
87790,281.3717086,
87791,279.0133919,
87792,276.5526139,
87793,274.6560685,
87794,273.9392209,
87795,271.6808966,
87796,269.1510486,
87797,268.7312637,
87798,265.8133878,
87799,262.9518984,
87800,262.1110524,
87801,261.099644,
87802,258.39738,
87803,255.7282012,
87804,254.4421033,
87805,252.1951096,
87806,248.8532577,
87807,247.2588597,
87808,246.5296875,
87809,244.0269852,
87810,241.9146053,
87811,240.1461016,
87812,237.3638654,
87813,233.9246019,
87814,231.9244581,
87815,231.3065913,
87816,228.5261412,
87817,226.6622821,
87818,225.5847853,
87819,222.1901862,
87820,218.3324382,
87821,217.6286136,
87822,215.6774844,
87823,212.9873221,
87824,210.6351187,
87825,209.1261363,
87826,205.7717664,
87827,203.0183519,
87828,202.423741,
87829,200.0195194,
87830,197.051909,
87831,194.9392072,
87832,193.4539886,
87833,189.7730244,
87834,187.4308969,
87835,187.0479991,
87836,184.9641141,
87837,182.9859485,
87838,181.8544437,
87839,182.1123977,
87840,179.7756111,
87841,177.2206593,
87842,176.7631311,
87843,175.1254503,
87844,173.8983678,
87845,172.7483142,
87846,172.0146297,
87847,170.3206898,
87848,168.1773881,
87849,167.3283467,
87850,166.7412208,
87851,165.6477432,
87852,164.1167302,
87853,163.7094243,
87854,162.9131065,
87855,161.211472,
87856,160.3730208,
87857,159.4583175,
87858,158.2179708,
87859,157.5360054,
87860,157.6345788,
87861,156.9320889,
87862,156.0581191,
87863,155.4584707,
87864,154.9194017,
87865,154.3166859,
87866,153.6140573,
87867,154.0469953,
87868,153.8929919,
87869,153.4828039,
87870,153.7267635,
87871,153.9397128,
87872,154.4874998,
87873,154.9697382,
87874,155.3496773,
87875,156.6308835,
87876,157.1776773,
87877,157.6375831,
87878,158.5378532,
87879,160.3534758,
87880,160.8809271,
87881,161.8048839,
87882,163.3382057,
87883,165.1940221,
87884,165.894846,
87885,167.6944348,
87886,169.9958825,
87887,171.8017887,
87888,172.5784154,
87889,176.5951428,
87890,178.2437265,
87891,179.030278,
87892,181.2684785,
87893,184.0920497,
87894,185.2065926,
87895,186.6411269,
87896,189.9774154,
87897,191.8608694,
87898,193.0586687,
87899,195.5388021,
87900,197.4757825,
87901,198.0107036,
87902,200.6906339,
87903,202.3921364,
87904,205.1236277,
87905,205.51526,
87906,206.2283347,
87907,207.2957084,
87908,209.2105662,
87909,209.999122,
87910,210.4631338,
87911,211.931298,
87912,212.61069,
87913,213.9409914,
87914,215.087277,
87915,214.6681537,
87916,214.9097498,
87917,216.7542569,
87918,217.3894305,
87919,218.1620085,
87920,218.0603098,
87921,217.3514056,
87922,217.5285974,
87923,217.341293,
87924,217.5858409,
87925,218.1810064,
87926,218.2205414,
87927,217.8695529,
87928,217.7430399,
87929,218.3684225,
87930,218.6241088,
87931,218.2330549,
87932,218.5864918,
87933,217.8052948,
87934,217.7233496,
87935,217.2776223,
87936,216.807509,
87937,216.1965699,
87938,215.716534,
87939,215.383996,
87940,214.9485268,
87941,214.910842,
87942,214.8257748,
87943,214.6264036,
87944,214.0985231,
87945,213.8909795,
87946,213.2997224,
87947,212.5662787,
87948,212.2258145,
87949,211.6927275,
87950,211.2261417,
87951,210.3663314,
87952,210.1146657,
87953,210.0441705,
87954,209.3395761,
87955,209.0627249,
87956,208.5361692,
87957,207.879859,
87958,207.6309595,
87959,207.263263,
87960,207.0912512,
87961,206.5365256,
87962,205.8895048,
87963,205.0940143,
87964,204.4584128,
87965,203.9565945,
87966,203.6194266,
87967,202.0220108,
87968,201.1012735,
87969,200.8449835,
87970,199.9611741,
87971,199.8027813,
87972,199.7465142,
87973,199.0308506,
87974,198.9388906,
87975,198.2550503,
87976,198.2765554,
87977,198.0724046,
87978,197.3576407,
87979,197.48456,
87980,197.1454341,
87981,197.7099931,
87982,197.9135015,
87983,197.5940156,
87984,197.9999232,
87985,198.0762261,
87986,198.0532446,
87987,198.2368146,
87988,198.207986,
87989,198.1541268,
87990,198.2288155,
87991,198.1252577,
87992,197.7557048,
87993,197.5482178,
87994,197.5449456,
87995,197.4567773,
87996,197.1937485,
87997,197.3833157,
87998,197.5738415,
87999,197.283735,
88000,197.024739,
88001,196.8176766,
88002,196.4798046,
88003,195.9010359,
88004,195.7015042,
88005,195.6602947,
88006,195.7083115,
88007,195.8599538,
88008,195.4515413,
88009,195.4071818,
88010,195.3819331,
88011,195.2451403,
88012,194.7727467,
88013,194.4650628,
88014,194.1252786,
88015,193.6117994,
88016,193.2580309,
88017,193.5414878,
88018,193.7446353,
88019,193.6519912,
88020,193.5844974,
88021,193.42991,
88022,192.9235754,
88023,192.2029831,
88024,191.9195902,
88025,191.0862141,
88026,191.1555523,
88027,191.4712132,
88028,191.2953409,
88029,191.0207109,
88030,191.0233178,
88031,191.4503258,
88032,191.3584934,
88033,191.5104018,
88034,191.0977866,
88035,190.8644499,
88036,190.6346729,
88037,190.4993601,
88038,190.3138218,
88039,190.2826445,
88040,190.3309445,
88041,190.1451179,
88042,190.3086458,
88043,190.5305462,
88044,190.7638891,
88045,191.4825464,
88046,191.6164986,
88047,192.1092127,
88048,192.7111565,
88049,193.3123668,
88050,193.4433137,
88051,193.6886175,
88052,194.2271722,
88053,194.5012569,
88054,194.9178565,
88055,195.2260416,
88056,195.4824387,
88057,195.4482324,
88058,195.2092955,
88059,195.3309263,
88060,195.2890394,
88061,195.3238732,
88062,194.9964406,
88063,194.2683815,
88064,193.6943076,
88065,193.2090959,
88066,192.7664941,
88067,191.2609505,
88068,190.5978833,
88069,189.9633754,
88070,189.7863838,
88071,188.7121211,
88072,187.9830521,
88073,187.1207969,
88074,186.4093068,
88075,186.091109,
88076,185.8069681,
88077,185.1721439,
88078,184.1499823,
88079,183.1500726,
88080,182.8400915,
88081,182.026697,
88082,182.2969641,
88083,181.6721004,
88084,181.432641,
88085,181.3348961,
88086,181.8690661,
88087,181.1688247,
88088,179.979189,
88089,178.5793436,
88090,178.4415073,
88091,178.6596851,
88092,177.8581015,
88093,178.6124924,
88094,178.0705101,
88095,178.6325404,
88096,177.753231,
88097,177.1644597,
88098,175.6100083,
88099,175.3041823,
88100,174.8655424,
88101,174.2222872,
88102,173.6080259,
88103,172.6779578,
88104,171.6620091,
88105,170.9766397,
88106,169.501776,
88107,167.9632379,
88108,167.5062717,
88109,166.6933833,
88110,165.1526953,
88111,163.6372519,
88112,163.7052059,
88113,162.4998576,
88114,161.1378226,
88115,160.0034674,
88116,159.9224625,
88117,158.9889577,
88118,158.0996652,
88119,156.5221244,
88120,156.3836583,
88121,155.4625794,
88122,154.0248964,
88123,153.4148404,
88124,153.1736052,
88125,152.5932548,
88126,151.9260315,
88127,151.7025707,
88128,151.4752077,
88129,150.4899171,
88130,149.0931795,
88131,149.1368118,
88132,148.4524303,
88133,148.0089914,
88134,147.6310572,
88135,147.4734832,
88136,147.5049834,
88137,147.2075717,
88138,146.9562942,
88139,147.3382577,
88140,147.1329033,
88141,147.3308,
88142,147.6262413,
88143,147.7958963,
88144,148.6294479,
88145,149.3721934,
88146,149.2669269,
88147,150.3618356,
88148,151.3159691,
88149,152.1518128,
88150,152.3216965,
88151,153.5860498,
88152,154.0345033,
88153,155.9339987,
88154,156.21754,
88155,156.8749708,
88156,158.1742939,
88157,159.8110966,
88158,160.2694771,
88159,161.6666966,
88160,163.6001188,
88161,164.3327728,
88162,164.7311747,
88163,166.5836597,
88164,167.7199406,
88165,168.9320964,
88166,169.6354867,
88167,171.7883411,
88168,173.3660517,
88169,173.4508072,
88170,174.9840421,
88171,176.8733215,
88172,178.3603786,
88173,178.9850649,
88174,179.7940893,
88175,182.8649965,
88176,185.0499764,
88177,186.452805,
88178,188.3553535,
88179,190.7492063,
88180,192.6523685,
88181,193.1042667,
88182,195.1016281,
88183,197.5914327,
88184,199.5365926,
88185,199.9319784,
88186,201.9603356,
88187,203.5661934,
88188,205.2725233,
88189,206.0457275,
88190,207.5464716,
88191,211.621064,
88192,213.8193711,
88193,213.8514706,
88194,215.5448091,
88195,217.9761391,
88196,219.8099985,
88197,220.127365,
88198,222.0952157,
88199,224.4454385,
88200,226.6955316,
88201,227.177029,
88202,228.7868411,
88203,230.2279811,
88204,232.34635,
88205,233.3732779,
88206,234.6597126,
88207,236.1547685,
88208,238.3646437,
88209,239.0210954,
88210,240.4561851,
88211,242.722153,
88212,245.1937698,
88213,245.2411424,
88214,246.1806518,
88215,247.8984451,
88216,249.2010674,
88217,249.2080499,
88218,250.3736871,
88219,250.759306,
88220,251.9819705,
88221,252.4588405,
88222,252.5866444,
88223,253.9882527,
88224,254.5329045,
88225,254.5173493,
88226,255.0137109,
88227,255.1089432,
88228,256.1106405,
88229,256.6821732,
88230,257.6105722,
88231,258.8036745,
88232,259.7867005,
88233,260.1610387,
88234,260.8400425,
88235,261.2616566,
88236,261.3225522,
88237,261.3314151,
88238,260.9202897,
88239,261.6767298,
88240,262.2400443,
88241,262.4042291,
88242,262.866428,
88243,263.4601244,
88244,263.2975352,
88245,263.1542628,
88246,262.8640387,
88247,262.7218568,
88248,262.6732102,
88249,262.636808,
88250,262.496552,
88251,262.2840851,
88252,261.9102904,
88253,261.6768646,
88254,261.4297715,
88255,260.7725062,
88256,259.9844765,
88257,260.3549429,
88258,259.4652022,
88259,258.5950701,
88260,258.4927539,
88261,257.8308012,
88262,257.1344092,
88263,256.9796449,
88264,256.2952431,
88265,256.6758747,
88266,255.708255,
88267,255.2125692,
88268,254.2463404,
88269,252.45403,
88270,251.99766,
88271,251.5409719,
88272,251.0887439,
88273,250.0847506,
88274,249.6433802,
88275,248.5792602,
88276,247.3537744,
88277,246.81158,
88278,246.7084295,
88279,246.1637688,
88280,245.0391875,
88281,244.0247241,
88282,242.8996898,
88283,241.600024,
88284,240.9074502,
88285,240.8001639,
88286,240.1252644,
88287,239.1931895,
88288,238.8799496,
88289,237.7346687,
88290,236.2424962,
88291,235.169202,
88292,233.9899173,
88293,232.7266488,
88294,231.7512172,
88295,230.924825,
88296,230.2795882,
88297,228.5941491,
88298,226.7126437,
88299,224.8438365,
88300,224.8177068,
88301,222.3255954,
88302,220.1452821,
88303,218.6007706,
88304,217.6127317,
88305,214.9747807,
88306,212.8008524,
88307,211.9166016,
88308,210.3034685,
88309,208.3337315,
88310,205.197934,
88311,205.0228642,
88312,202.4366664,
88313,201.0215442,
88314,199.9618364,
88315,199.3014499,
88316,197.4995969,
88317,196.1446573,
88318,194.1330161,
88319,191.8794027,
88320,191.7510919,
88321,189.1531652,
88322,186.0860708,
88323,185.2511775,
88324,184.4207534,
88325,182.8273346,
88326,181.1165541,
88327,179.7479113,
88328,178.2976743,
88329,176.0741315,
88330,174.3775643,
88331,173.966591,
88332,172.7839667,
88333,170.006241,
88334,169.0093955,
88335,167.8422639,
88336,165.9844641,
88337,163.5203556,
88338,163.3733014,
88339,161.7436355,
88340,159.5200205,
88341,158.2950711,
88342,157.7760565,
88343,156.4395532,
88344,154.2315393,
88345,151.6044668,
88346,150.6996957,
88347,149.6494318,
88348,147.1847213,
88349,145.2518625,
88350,144.2076471,
88351,142.5153315,
88352,140.9750775,
88353,138.0122216,
88354,137.8735487,
88355,136.780521,
88356,134.6004707,
88357,132.1292834,
88358,130.6795992,
88359,130.5900134,
88360,129.2936631,
88361,127.311832,
88362,126.1618139,
88363,124.9432471,
88364,123.6962786,
88365,122.0986646,
88366,120.5447901,
88367,119.4113054,
88368,116.1738496,
88369,114.435591,
88370,113.876085,
88371,112.4228669,
88372,109.9285295,
88373,108.4144301,
88374,107.5488236,
88375,105.1229168,
88376,102.5798644,
88377,102.1127079,
88378,100.0265107,
88379,98.69874433,
88380,97.79790987,
88381,97.12284604,
88382,95.25102789,
88383,93.25352479,
88384,92.45686781,
88385,91.57787194,
88386,90.5908684,
88387,90.03048855,
88388,89.96926221,
88389,90.04375544,
88390,88.55136605,
88391,87.84865209,
88392,87.4771938,
88393,87.23119965,
88394,87.06060776,
88395,87.62186052,
88396,87.67181512,
88397,88.71695735,
88398,88.74589777,
88399,89.84370306,
88400,90.91894902,
88401,91.97455398,
88402,92.81231334,
88403,94.31163409,
88404,95.9418611,
88405,96.73604697,
88406,98.18516276,
88407,100.1024161,
88408,101.0713075,
88409,102.213143,
88410,103.7338088,
88411,106.4756067,
88412,108.413084,
88413,108.9877422,
88414,111.4314903,
88415,113.6877488,
88416,115.5104696,
88417,116.1657527,
88418,119.647149,
88419,122.6894009,
88420,123.1012935,
88421,125.3510398,
88422,128.5619238,
88423,130.0008549,
88424,131.5543253,
88425,134.5141396,
88426,137.2524597,
88427,137.5874135,
88428,138.9724607,
88429,142.0190918,
88430,143.902689,
88431,144.8982407,
88432,146.7294189,
88433,150.5413526,
88434,152.7281802,
88435,153.9421798,
88436,156.2239092,
88437,158.9702977,
88438,160.0949032,
88439,161.6141013,
88440,163.3123429,
88441,166.0222144,
88442,167.4317377,
88443,170.8249153,
88444,172.7567032,
88445,173.8611943,
88446,176.0228199,
88447,179.2441839,
88448,181.1455781,
88449,182.4609926,
88450,183.8695244,
88451,186.7603476,
88452,187.3134339,
88453,188.0812381,
88454,190.6843503,
88455,193.4768321,
88456,194.6557394,
88457,195.9324642,
88458,197.3787633,
88459,199.1281651,
88460,199.6790098,
88461,200.9404963,
88462,203.4314119,
88463,204.7755451,
88464,205.0955546,
88465,206.7105591,
88466,207.391939,
88467,207.8228615,
88468,208.2287097,
88469,210.1581653,
88470,210.9761163,
88471,211.7131132,
88472,212.8344334,
88473,213.8386578,
88474,214.3237695,
88475,214.4763404,
88476,215.2434021,
88477,215.9819458,
88478,216.5799595,
88479,217.8733356,
88480,218.9867455,
88481,219.0509021,
88482,219.6831797,
88483,220.1791731,
88484,220.4355666,
88485,220.8070711,
88486,221.0597409,
88487,221.2360033,
88488,220.8140342,
88489,219.9153136,
88490,219.7379276,
88491,219.7360902,
88492,219.7587376,
88493,219.3012323,
88494,218.4058701,
88495,217.9666464,
88496,216.8562008,
88497,215.6292651,
88498,214.9019854,
88499,214.8145389,
88500,214.7547277,
88501,213.2112659,
88502,211.7829648,
88503,211.0446825,
88504,209.3277017,
88505,208.2736207,
88506,208.3807367,
88507,207.2320108,
88508,205.6870022,
88509,205.1207033,
88510,204.3418101,
88511,202.4408609,
88512,201.1267825,
88513,201.2112079,
88514,200.5653435,
88515,199.1340746,
88516,198.3793984,
88517,197.9881735,
88518,197.1764073,
88519,195.6954651,
88520,195.8138303,
88521,195.3512691,
88522,194.0104755,
88523,193.3316744,
88524,192.7250205,
88525,191.240401,
88526,189.7545261,
88527,189.417684,
88528,188.3496182,
88529,186.6827912,
88530,185.2392866,
88531,184.140207,
88532,182.583448,
88533,180.7954008,
88534,179.9424282,
88535,178.8270363,
88536,176.8278402,
88537,175.0618448,
88538,174.046531,
88539,172.5407278,
88540,170.4681775,
88541,168.7232297,
88542,168.2621244,
88543,166.1966856,
88544,163.5346961,
88545,161.3035961,
88546,161.1861671,
88547,158.3781223,
88548,155.5473905,
88549,155.2651811,
88550,154.497234,
88551,152.6097856,
88552,150.6002411,
88553,148.6507068,
88554,147.7979821,
88555,144.9680523,
88556,141.9370114,
88557,141.0996494,
88558,139.1045965,
88559,136.7645068,
88560,134.7621995,
88561,133.9491089,
88562,131.7486049,
88563,129.2000275,
88564,128.3229879,
88565,128.0234163,
88566,126.7779663,
88567,124.415018,
88568,122.6976693,
88569,121.7414642,
88570,120.2734679,
88571,117.1291113,
88572,116.5756508,
88573,115.1650643,
88574,113.8480993,
88575,112.0110099,
88576,111.5165522,
88577,110.5357605,
88578,107.5866991,
88579,105.9627958,
88580,105.8035551,
88581,104.2207564,
88582,103.405837,
88583,103.3521248,
88584,103.3914055,
88585,102.325728,
88586,101.2585693,
88587,101.1653174,
88588,100.5466942,
88589,100.1212054,
88590,100.0610901,
88591,100.1513098,
88592,100.0863732,
88593,100.3714406,
88594,100.5057743,
88595,100.88621,
88596,101.9572213,
88597,101.996748,
88598,102.4630263,
88599,103.531505,
88600,103.8637532,
88601,104.2041956,
88602,104.5612467,
88603,106.5131866,
88604,108.1978579,
88605,108.7065368,
88606,110.0707601,
88607,112.0455014,
88608,112.8768956,
88609,114.0925491,
88610,114.8397051,
88611,117.1454347,
88612,117.7959577,
88613,118.5969898,
88614,121.1476923,
88615,123.9675651,
88616,124.6847506,
88617,125.8880856,
88618,128.0117066,
88619,130.1585044,
88620,131.1280213,
88621,133.0730563,
88622,135.9513929,
88623,137.4025887,
88624,138.9190952,
88625,141.6914648,
88626,144.052904,
88627,145.231181,
88628,147.4268924,
88629,151.5612841,
88630,152.4335069,
88631,154.0338601,
88632,157.6716008,
88633,160.0579994,
88634,160.4108977,
88635,164.2471323,
88636,167.3159959,
88637,168.2039873,
88638,171.330804,
88639,174.3444779,
88640,175.6195808,
88641,177.0785684,
88642,180.4020103,
88643,182.3435627,
88644,183.3195631,
88645,185.8488938,
88646,187.7918813,
88647,189.4885165,
88648,191.4802712,
88649,194.2384262,
88650,195.2510341,
88651,196.2230291,
88652,198.7238889,
88653,200.8949735,
88654,200.9815073,
88655,202.1748022,
88656,204.8569679,
88657,206.7139978,
88658,207.3717692,
88659,208.7953654,
88660,211.251534,
88661,212.998376,
88662,212.8518891,
88663,214.6275568,
88664,216.1924507,
88665,217.6196629,
88666,218.9158893,
88667,221.4073941,
88668,223.2662284,
88669,223.6025498,
88670,224.3756076,
88671,226.5096561,
88672,228.2086387,
88673,228.6440634,
88674,230.2846363,
88675,231.9401267,
88676,233.039815,
88677,233.7633701,
88678,234.4665851,
88679,235.1941863,
88680,236.7726034,
88681,237.3633959,
88682,238.177114,
88683,238.8036656,
88684,239.1846316,
88685,239.4646657,
88686,239.5493717,
88687,240.5966396,
88688,241.1120082,
88689,241.5629967,
88690,241.988031,
88691,242.2312494,
88692,242.1209394,
88693,241.8836746,
88694,242.0316844,
88695,242.742831,
88696,242.8814575,
88697,243.4253074,
88698,243.7324253,
88699,243.7702411,
88700,243.5385379,
88701,243.2243582,
88702,242.7065895,
88703,242.6464164,
88704,242.916623,
88705,242.5524112,
88706,241.9428948,
88707,241.2366223,
88708,241.3592705,
88709,240.061032,
88710,238.8457498,
88711,238.1069769,
88712,238.0970289,
88713,237.5551881,
88714,237.0282721,
88715,235.2914736,
88716,234.9055358,
88717,233.5604759,
88718,232.5410982,
88719,232.184831,
88720,232.1504425,
88721,230.8764645,
88722,229.8910393,
88723,228.8353439,
88724,227.2466292,
88725,225.5291113,
88726,224.9358474,
88727,224.8625507,
88728,223.3038345,
88729,222.3365655,
88730,221.2024677,
88731,219.2179885,
88732,216.5627159,
88733,216.2890691,
88734,215.6419904,
88735,214.1608021,
88736,212.6925443,
88737,211.6462094,
88738,210.5455835,
88739,208.3974415,
88740,207.6972208,
88741,206.4819462,
88742,205.6779855,
88743,204.8153401,
88744,202.8822113,
88745,202.1266778,
88746,201.0652962,
88747,198.1674787,
88748,196.7417242,
88749,196.1985041,
88750,194.1015352,
88751,192.8519702,
88752,191.9041661,
88753,190.8000595,
88754,188.6920133,
88755,187.1645564,
88756,186.7312396,
88757,185.8207183,
88758,184.8261554,
88759,183.2702764,
88760,182.0088675,
88761,180.622426,
88762,179.0188283,
88763,176.6257297,
88764,175.294464,
88765,174.1956674,
88766,172.4919284,
88767,170.644961,
88768,168.3919846,
88769,167.2876966,
88770,164.8911876,
88771,162.2416581,
88772,160.8947581,
88773,158.8770657,
88774,156.4114325,
88775,154.0401305,
88776,153.3941653,
88777,150.7121878,
88778,149.1395282,
88779,147.9350251,
88780,146.9357442,
88781,144.4544052,
88782,142.5907422,
88783,141.7054402,
88784,139.3337247,
88785,135.9843697,
88786,134.8035412,
88787,133.7249429,
88788,131.7956238,
88789,129.5520534,
88790,128.9959612,
88791,126.6956107,
88792,124.7747226,
88793,124.2583774,
88794,123.7184082,
88795,122.4157198,
88796,121.0076741,
88797,120.5058039,
88798,120.4455452,
88799,119.7124612,
88800,118.5547156,
88801,118.5005511,
88802,118.7219141,
88803,118.9443708,
88804,118.5932531,
88805,119.1424204,
88806,119.7892014,
88807,120.0374955,
88808,120.1828439,
88809,120.6086085,
88810,121.9809513,
88811,122.9706279,
88812,123.2971633,
88813,125.2287079,
88814,126.4576651,
88815,126.9490847,
88816,127.2266551,
88817,129.0326442,
88818,130.3295333,
88819,131.428935,
88820,133.2993952,
88821,135.533604,
88822,136.2670795,
88823,136.9502934,
88824,139.417186,
88825,141.0098958,
88826,142.3809411,
88827,145.1536245,
88828,147.1578401,
88829,147.8603682,
88830,149.4662571,
88831,152.5080608,
88832,154.1030886,
88833,155.1649983,
88834,157.878715,
88835,160.7178644,
88836,161.5336773,
88837,163.2275259,
88838,165.9790189,
88839,167.6901449,
88840,168.3109857,
88841,170.7767998,
88842,173.318535,
88843,174.2314927,
88844,175.9008639,
88845,178.2408912,
88846,179.8226901,
88847,179.8282646,
88848,181.3589192,
88849,186.0280551,
88850,186.7659471,
88851,188.2322461,
88852,190.474835,
88853,192.1290383,
88854,193.3481461,
88855,193.8102322,
88856,198.2482105,
88857,199.3710651,
88858,200.7330918,
88859,203.7729416,
88860,207.0402089,
88861,207.4429438,
88862,210.7435373,
88863,213.8900961,
88864,214.0444447,
88865,216.1687102,
88866,218.5463263,
88867,219.4482192,
88868,220.0342886,
88869,222.1450182,
88870,224.3197413,
88871,225.7188455,
88872,226.0523747,
88873,227.9236684,
88874,230.1725938,
88875,232.2338608,
88876,231.9925071,
88877,233.3254088,
88878,235.2763661,
88879,237.1285148,
88880,237.2323075,
88881,238.7293979,
88882,239.9528769,
88883,240.3195804,
88884,240.681279,
88885,240.9458328,
88886,241.672516,
88887,242.9301556,
88888,243.5357625,
88889,244.2890047,
88890,244.8407677,
88891,245.264343,
88892,245.9341184,
88893,246.6885877,
88894,246.973201,
88895,247.4850134,
88896,248.1409869,
88897,248.7144094,
88898,248.2371252,
88899,248.5402505,
88900,249.10278,
88901,249.3170941,
88902,249.8144916,
88903,250.6128775,
88904,250.6106543,
88905,250.269714,
88906,250.3453236,
88907,250.4914983,
88908,250.3554648,
88909,250.5728364,
88910,250.9450398,
88911,251.1881943,
88912,250.6018562,
88913,250.4247868,
88914,250.2450538,
88915,250.4094243,
88916,250.3498156,
88917,250.5401999,
88918,250.2035018,
88919,249.8272538,
88920,249.4492808,
88921,249.1372983,
88922,247.672447,
88923,247.1647739,
88924,247.3952534,
88925,246.9080224,
88926,246.8747712,
88927,245.16254,
88928,244.3366891,
88929,243.2541922,
88930,242.4387087,
88931,240.6325376,
88932,240.2991683,
88933,239.9791854,
88934,237.8099959,
88935,236.185734,
88936,235.4176368,
88937,234.5139972,
88938,231.9479764,
88939,230.0412495,
88940,229.9091437,
88941,228.4922878,
88942,227.7798542,
88943,226.6752342,
88944,225.6617276,
88945,224.6985222,
88946,222.5674851,
88947,220.6309006,
88948,219.2622576,
88949,218.7173962,
88950,217.6172736,
88951,215.237729,
88952,213.4746439,
88953,212.6698433,
88954,210.6893547,
88955,207.530237,
88956,207.11535,
88957,204.6129396,
88958,202.5815552,
88959,200.6644278,
88960,200.0961798,
88961,198.182844,
88962,195.3769012,
88963,194.5313465,
88964,192.9118117,
88965,191.2367964,
88966,189.2449603,
88967,188.3497767,
88968,187.8952426,
88969,184.9232736,
88970,182.5712541,
88971,181.9941742,
88972,180.3953782,
88973,177.6809169,
88974,175.5125051,
88975,174.2170613,
88976,170.7956366,
88977,168.6628318,
88978,167.6415476,
88979,165.4628045,
88980,162.3720719,
88981,160.9889662,
88982,160.1260396,
88983,156.7660231,
88984,154.3641347,
88985,153.2630705,
88986,150.7494958,
88987,148.0091856,
88988,147.4737969,
88989,146.0218422,
88990,142.5332199,
88991,140.875128,
88992,140.3954576,
88993,139.3358283,
88994,137.3402475,
88995,136.6601482,
88996,135.7361931,
88997,132.969325,
88998,130.0406985,
88999,129.4348058,
89000,127.5349327,
89001,125.2496577,
89002,123.8407331,
89003,123.8824188,
89004,122.0215388,
89005,121.4075201,
89006,121.1648678,
89007,121.2157246,
89008,121.4637647,
89009,121.7409258,
89010,121.8696837,
89011,122.1484302,
89012,121.6668032,
89013,121.5621269,
89014,121.8572153,
89015,121.8631668,
89016,122.101373,
89017,122.3792777,
89018,122.4296903,
89019,122.7464496,
89020,122.4929139,
89021,122.7342259,
89022,122.8705467,
89023,123.4403753,
89024,124.0476759,
89025,124.0195749,
89026,123.7670082,
89027,124.2106075,
89028,124.8866648,
89029,125.4860479,
89030,125.7264805,
89031,126.451587,
89032,127.4209132,
89033,128.298013,
89034,129.262648,
89035,130.3913397,
89036,131.635196,
89037,132.0869472,
89038,131.7303807,
89039,133.5216288,
89040,134.3010475,
89041,134.7377161,
89042,135.7542371,
89043,137.5309054,
89044,138.1430222,
89045,138.5975209,
89046,139.3372387,
89047,140.4246262,
89048,141.260714,
89049,142.2210534,
89050,143.6885169,
89051,145.7278392,
89052,146.5474356,
89053,147.2198951,
89054,148.8163031,
89055,150.5543058,
89056,151.5975915,
89057,152.1827465,
89058,153.7838694,
89059,156.3872431,
89060,157.2726049,
89061,157.2718907,
89062,159.0351901,
89063,161.0065782,
89064,162.5481505,
89065,162.8801023,
89066,163.6234585,
89067,165.3574051,
89068,166.5623487,
89069,166.5165092,
89070,167.7355082,
89071,168.8751223,
89072,168.4129278,
89073,170.0735222,
89074,170.0230609,
89075,170.643153,
89076,171.412165,
89077,172.0898893,
89078,173.7478119,
89079,173.7803289,
89080,174.2388389,
89081,175.4727975,
89082,176.3396197,
89083,175.9331254,
89084,175.5393993,
89085,175.7887523,
89086,177.2387214,
89087,178.0414153,
89088,178.5450067,
89089,179.0124472,
89090,180.3897123,
89091,181.8607796,
89092,182.4520781,
89093,182.2892526,
89094,183.1935298,
89095,185.1067935,
89096,186.0562861,
89097,186.4127226,
89098,188.1741284,
89099,189.8548862,
89100,190.246477,
89101,191.0497945,
89102,193.6752244,
89103,194.8984465,
89104,195.6721631,
89105,197.2810473,
89106,199.1091442,
89107,200.0878654,
89108,200.3551851,
89109,202.3119646,
89110,204.4573298,
89111,205.3635711,
89112,206.1476057,
89113,208.1852526,
89114,209.2186968,
89115,209.1533655,
89116,210.1367416,
89117,212.2107087,
89118,212.2872633,
89119,213.0596376,
89120,214.3443121,
89121,214.8492387,
89122,214.8414612,
89123,214.8333988,
89124,215.7248731,
89125,216.3996007,
89126,216.4796377,
89127,216.636465,
89128,216.7873374,
89129,216.5386655,
89130,216.5240882,
89131,216.7027199,
89132,216.533608,
89133,216.196796,
89134,215.9573132,
89135,215.3984414,
89136,215.5302753,
89137,215.5761289,
89138,215.8329175,
89139,215.7123132,
89140,215.2038585,
89141,214.0950299,
89142,214.1051169,
89143,214.0568302,
89144,213.4744671,
89145,212.7780861,
89146,212.294716,
89147,211.6753361,
89148,211.1171363,
89149,210.6216756,
89150,210.6548985,
89151,210.3489934,
89152,210.0306244,
89153,209.6312789,
89154,209.0679165,
89155,208.1350171,
89156,207.6923955,
89157,208.0994951,
89158,208.0194567,
89159,207.2657253,
89160,206.765331,
89161,205.9441529,
89162,205.4255335,
89163,205.0767116,
89164,204.394287,
89165,203.9369852,
89166,202.7798123,
89167,202.1504795,
89168,200.7139675,
89169,199.1560114,
89170,198.2790418,
89171,197.5249549,
89172,196.2221399,
89173,195.5253537,
89174,194.4139172,
89175,193.8522823,
89176,191.8435616,
89177,189.0640483,
89178,188.7455849,
89179,187.7580877,
89180,185.489208,
89181,183.2229632,
89182,182.618595,
89183,180.0338181,
89184,177.1252022,
89185,176.2952167,
89186,175.127305,
89187,172.226312,
89188,170.031674,
89189,168.9225481,
89190,164.9371132,
89191,162.9261523,
89192,162.1688711,
89193,160.446635,
89194,158.0231943,
89195,156.5137439,
89196,154.2601169,
89197,151.2202197,
89198,149.7148412,
89199,148.5395688,
89200,146.0870983,
89201,145.3166173,
89202,144.464065,
89203,142.3349816,
89204,139.6256253,
89205,137.9594489,
89206,136.9269525,
89207,134.4954108,
89208,132.2069997,
89209,131.7272343,
89210,130.1267002,
89211,127.9516916,
89212,127.7755128,
89213,126.9931659,
89214,124.9946268,
89215,122.8627166,
89216,121.8744091,
89217,121.7689292,
89218,119.8451003,
89219,118.5266529,
89220,117.5932735,
89221,116.0812822,
89222,114.6628389,
89223,114.4203517,
89224,113.3764508,
89225,112.1873217,
89226,111.7221429,
89227,111.1310621,
89228,109.9305064,
89229,109.0484659,
89230,108.4009065,
89231,108.2961957,
89232,107.7074135,
89233,106.5448674,
89234,106.3915276,
89235,105.9847298,
89236,105.5773404,
89237,105.6662435,
89238,105.856252,
89239,105.8021199,
89240,106.0183079,
89241,105.8562845,
89242,106.4069848,
89243,107.1538683,
89244,107.5937904,
89245,108.6552631,
89246,109.547852,
89247,109.8621308,
89248,110.0067518,
89249,110.8890592,
89250,112.2399917,
89251,113.3834529,
89252,114.5810025,
89253,116.6175014,
89254,117.1751863,
89255,118.667446,
89256,120.4852779,
89257,121.5453443,
89258,123.007592,
89259,125.7677881,
89260,127.5208046,
89261,128.6234143,
89262,131.5474,
89263,134.321863,
89264,134.6241397,
89265,136.96154,
89266,140.1658176,
89267,141.5124368,
89268,142.3014972,
89269,144.8850974,
89270,148.9747954,
89271,150.1617155,
89272,152.0770771,
89273,155.7257504,
89274,157.7151143,
89275,158.4218048,
89276,161.5357298,
89277,164.2727162,
89278,165.458866,
89279,167.0747582,
89280,171.2664818,
89281,172.9459407,
89282,174.3615492,
89283,178.0186968,
89284,180.8788777,
89285,181.7925893,
89286,184.4093842,
89287,187.640362,
89288,188.9402195,
89289,190.720989,
89290,192.9613066,
89291,195.7309846,
89292,196.7000287,
89293,199.0454808,
89294,202.098835,
89295,202.5951453,
89296,204.2151904,
89297,205.730457,
89298,206.6415557,
89299,208.0228628,
89300,208.9907424,
89301,209.5607575,
89302,211.8744057,
89303,212.9567743,
89304,214.1189267,
89305,214.7376741,
89306,216.4146228,
89307,217.9337936,
89308,219.6330465,
89309,219.9645237,
89310,221.7922976,
89311,225.1407267,
89312,225.4793201,
89313,226.6166307,
89314,227.3501313,
89315,228.5300248,
89316,228.6720455,
89317,229.3064975,
89318,229.7194089,
89319,230.8590321,
89320,231.273179,
89321,231.9051655,
89322,232.5988783,
89323,232.5543845,
89324,233.1985852,
89325,234.0087759,
89326,234.5038693,
89327,235.0455583,
89328,235.4084794,
89329,235.509047,
89330,234.9464713,
89331,234.254552,
89332,233.9461454,
89333,234.2902725,
89334,234.1004476,
89335,233.7315939,
89336,233.2262594,
89337,233.1332748,
89338,233.0237261,
89339,231.445401,
89340,230.8000315,
89341,230.7600193,
89342,230.2297708,
89343,229.3950707,
89344,228.4035301,
89345,228.4049484,
89346,227.6538044,
89347,226.6715905,
89348,226.2298067,
89349,225.9737588,
89350,225.4214255,
89351,224.6694162,
89352,223.7834143,
89353,223.1682436,
89354,221.5747462,
89355,220.5059777,
89356,219.9735894,
89357,219.5596841,
89358,218.3735046,
89359,216.9995503,
89360,215.7088644,
89361,214.5713313,
89362,212.5498312,
89363,210.3063572,
89364,210.0776514,
89365,209.4837715,
89366,207.7040869,
89367,205.8037819,
89368,204.7955373,
89369,202.9472554,
89370,200.7277044,
89371,199.3386737,
89372,198.9995759,
89373,197.2030305,
89374,196.1930334,
89375,194.547061,
89376,193.5210043,
89377,190.3764629,
89378,187.5947236,
89379,187.874757,
89380,186.2884111,
89381,183.9782466,
89382,182.5469156,
89383,181.2310726,
89384,179.3225418,
89385,177.6875814,
89386,177.5867871,
89387,176.7072209,
89388,174.5385811,
89389,173.1908205,
89390,172.7100829,
89391,171.2002543,
89392,168.8763063,
89393,167.5217432,
89394,167.1016961,
89395,165.5653319,
89396,163.5177436,
89397,162.3979635,
89398,161.3452258,
89399,159.8134917,
89400,158.8114019,
89401,157.8676233,
89402,157.0980584,
89403,156.8044416,
89404,155.8089904,
89405,154.8313689,
89406,153.3638947,
89407,152.9295656,
89408,152.4185997,
89409,151.1208982,
89410,149.2355111,
89411,148.606819,
89412,148.3328656,
89413,147.1831389,
89414,146.8439066,
89415,146.263272,
89416,145.0276784,
89417,143.9142623,
89418,142.216962,
89419,140.2974744,
89420,139.4734762,
89421,138.6812959,
89422,136.468819,
89423,134.7902706,
89424,134.2228748,
89425,132.463214,
89426,130.03712,
89427,128.5111629,
89428,128.5789151,
89429,126.1960203,
89430,124.3308546,
89431,123.4711769,
89432,122.5884762,
89433,120.9128974,
89434,118.7261761,
89435,118.3347622,
89436,117.1294118,
89437,115.5904106,
89438,114.3353277,
89439,113.5206925,
89440,111.7314326,
89441,110.4299266,
89442,110.2678317,
89443,109.6152305,
89444,109.075296,
89445,108.3649449,
89446,108.3793588,
89447,108.8279936,
89448,108.8043344,
89449,108.1893195,
89450,107.908929,
89451,107.9945101,
89452,107.9626954,
89453,107.7809287,
89454,108.1409676,
89455,108.8731435,
89456,109.4643219,
89457,110.0029089,
89458,110.1173271,
89459,110.9163736,
89460,111.0160537,
89461,111.8835334,
89462,112.7589515,
89463,114.0098702,
89464,114.9709827,
89465,115.6293547,
89466,115.8465212,
89467,117.2831587,
89468,119.115231,
89469,119.5319704,
89470,121.5097992,
89471,123.2011198,
89472,124.2472285,
89473,124.6184468,
89474,126.428161,
89475,128.2337261,
89476,128.8442097,
89477,129.5781081,
89478,131.1809523,
89479,133.3858646,
89480,133.6221461,
89481,134.7887869,
89482,136.4192075,
89483,138.0076215,
89484,139.7772656,
89485,141.4208367,
89486,143.1900441,
89487,145.2180053,
89488,146.0966873,
89489,147.2116957,
89490,148.85622,
89491,149.652648,
89492,150.3598769,
89493,151.9430255,
89494,153.8543693,
89495,157.2919431,
89496,160.1896405,
89497,160.7668991,
89498,161.7983903,
89499,163.7393752,
89500,166.1891025,
89501,167.2300436,
89502,168.3115945,
89503,171.1990062,
89504,173.1587881,
89505,174.4917624,
89506,175.9689111,
89507,179.7430232,
89508,180.6544594,
89509,181.9748482,
89510,183.774021,
89511,187.2252587,
89512,187.9790786,
89513,189.3971339,
89514,191.685516,
89515,194.2874698,
89516,194.9981767,
89517,196.4333385,
89518,199.3504128,
89519,201.0272956,
89520,202.2418692,
89521,203.1750228,
89522,204.4619098,
89523,206.5799898,
89524,207.9447993,
89525,208.8642569,
89526,211.7824365,
89527,213.3325559,
89528,213.5847825,
89529,215.3328397,
89530,216.8823263,
89531,218.0622004,
89532,218.7858476,
89533,218.61346,
89534,219.3098212,
89535,221.0472608,
89536,222.1244488,
89537,222.8555013,
89538,223.529069,
89539,224.1211308,
89540,225.4750414,
89541,225.2250055,
89542,226.2300457,
89543,227.5159372,
89544,227.8650081,
89545,229.089305,
89546,230.2852033,
89547,231.1594007,
89548,231.4404806,
89549,232.6749391,
89550,233.9692918,
89551,234.5269707,
89552,235.8435557,
89553,236.7164989,
89554,237.6144978,
89555,237.4799696,
89556,238.4277106,
89557,239.6883718,
89558,240.0449375,
89559,241.5171277,
89560,242.338778,
89561,242.4916778,
89562,242.2964516,
89563,242.7009447,
89564,243.2923997,
89565,243.4155544,
89566,243.4864902,
89567,243.2396719,
89568,243.2183578,
89569,242.4871285,
89570,242.1983168,
89571,241.4185643,
89572,240.9604112,
89573,240.9662088,
89574,240.8439212,
89575,240.2493833,
89576,240.2126504,
89577,239.4792906,
89578,238.6418352,
89579,237.0331755,
89580,236.1788602,
89581,236.0506737,
89582,235.4417403,
89583,234.3052325,
89584,233.0036483,
89585,232.2960792,
89586,230.5812251,
89587,229.1271753,
89588,228.3038258,
89589,228.1076061,
89590,226.7206363,
89591,225.3339246,
89592,224.1319663,
89593,223.5832803,
89594,221.1919958,
89595,218.5503433,
89596,217.521808,
89597,216.9810906,
89598,214.8780364,
89599,212.9383304,
89600,211.9630733,
89601,210.1364018,
89602,207.8841101,
89603,206.1980302,
89604,205.3639198,
89605,203.5101738,
89606,201.1336784,
89607,200.5161137,
89608,198.5600671,
89609,196.6278692,
89610,194.5509909,
89611,193.8839019,
89612,192.7515496,
89613,190.8836897,
89614,188.7438459,
89615,188.1956166,
89616,186.5794366,
89617,184.0564953,
89618,181.948681,
89619,181.2987659,
89620,179.7543941,
89621,178.8397281,
89622,178.0927776,
89623,177.4345106,
89624,177.2128414,
89625,176.0248757,
89626,174.2219076,
89627,172.6813427,
89628,172.5431516,
89629,171.3084061,
89630,170.8696079,
89631,169.7609797,
89632,168.6226056,
89633,169.4365456,
89634,168.9595455,
89635,168.4688514,
89636,167.8202976,
89637,168.0305456,
89638,168.4926419,
89639,168.1776208,
89640,168.3859488,
89641,167.7579438,
89642,166.9801198,
89643,167.4803773,
89644,166.9948311,
89645,166.6948038,
89646,165.80631,
89647,165.4388737,
89648,164.8736294,
89649,164.1260999,
89650,162.9885633,
89651,162.3715334,
89652,161.4175608,
89653,159.9953639,
89654,159.0921148,
89655,157.8344141,
89656,156.1711239,
89657,155.2834981,
89658,153.4450251,
89659,153.7084633,
89660,151.5279075,
89661,149.646515,
89662,148.346486,
89663,147.6122498,
89664,145.5261974,
89665,144.1172891,
89666,143.2321584,
89667,142.3249817,
89668,140.3302317,
89669,138.5737402,
89670,137.5816971,
89671,137.1923268,
89672,136.4726781,
89673,134.6162891,
89674,133.112111,
89675,132.9429938,
89676,132.2751612,
89677,131.5245141,
89678,129.9932681,
89679,128.1175466,
89680,127.7569948,
89681,127.4295448,
89682,125.6540132,
89683,124.2170973,
89684,124.167132,
89685,123.6988377,
89686,122.9723291,
89687,122.6114001,
89688,122.1382079,
89689,122.4073016,
89690,121.8538368,
89691,120.2568321,
89692,120.3777783,
89693,120.4923393,
89694,120.2478191,
89695,120.0550684,
89696,120.2116788,
89697,120.3596784,
89698,121.025055,
89699,121.5403598,
89700,121.693766,
89701,121.4503625,
89702,121.452699,
89703,121.4925507,
89704,122.3133025,
89705,122.5641207,
89706,123.2303572,
89707,124.0324595,
89708,124.665182,
89709,124.9213506,
89710,125.0092251,
89711,125.3097534,
89712,125.9355988,
89713,126.7475282,
89714,127.0607173,
89715,128.620654,
89716,129.8595414,
89717,130.1141661,
89718,131.0832031,
89719,132.7310809,
89720,134.0869066,
89721,134.7260969,
89722,135.8985273,
89723,137.4639627,
89724,138.9534525,
89725,139.7412938,
89726,141.5704525,
89727,143.2574506,
89728,144.1976255,
89729,144.9417149,
89730,146.1989395,
89731,147.6721091,
89732,148.8798646,
89733,149.3035519,
89734,149.798099,
89735,150.993257,
89736,151.4123134,
89737,153.0032163,
89738,152.8036542,
89739,154.0083062,
89740,156.0736686,
89741,156.4920498,
89742,157.3340943,
89743,158.1414335,
89744,158.8015284,
89745,160.5974702,
89746,161.045128,
89747,161.0896207,
89748,161.8365122,
89749,163.7523284,
89750,165.687162,
89751,166.272459,
89752,167.6382978,
89753,169.2337203,
89754,170.7829771,
89755,172.0474616,
89756,172.8002171,
89757,175.3667715,
89758,177.4683617,
89759,177.8472727,
89760,178.0213801,
89761,180.6922124,
89762,182.3115845,
89763,183.3564135,
89764,184.6075493,
89765,186.6364956,
89766,189.0574291,
89767,189.7487889,
89768,191.0569715,
89769,193.7850013,
89770,194.5066723,
89771,194.833748,
89772,197.0671289,
89773,198.6077726,
89774,200.8792827,
89775,201.5867464,
89776,203.5132876,
89777,205.2367314,
89778,206.9276427,
89779,207.4736191,
89780,209.5716617,
89781,211.8438109,
89782,212.7136615,
89783,213.446173,
89784,214.5065309,
89785,215.8423018,
89786,217.566434,
89787,218.804143,
89788,220.2866708,
89789,222.4773814,
89790,224.4006164,
89791,224.0099199,
89792,224.0638958,
89793,226.3770997,
89794,227.1894558,
89795,228.0696496,
89796,228.5240233,
89797,227.8859496,
89798,228.4848512,
89799,229.2524937,
89800,229.5137922,
89801,229.4687932,
89802,229.423481,
89803,229.120016,
89804,228.8172382,
89805,228.7127724,
89806,228.6602797,
89807,228.7065765,
89808,228.7312961,
89809,228.3942807,
89810,228.3755623,
89811,228.0878457,
89812,227.6613593,
89813,227.398769,
89814,227.0142261,
89815,226.7709083,
89816,226.2791583,
89817,225.5878136,
89818,225.2053171,
89819,224.8077461,
89820,224.7426394,
89821,224.2515069,
89822,223.6672329,
89823,223.0886522,
89824,222.4837804,
89825,222.3562465,
89826,221.1934263,
89827,220.1616332,
89828,219.2940484,
89829,219.0812354,
89830,218.2366357,
89831,216.5020303,
89832,216.5767747,
89833,215.9525524,
89834,214.6663083,
89835,213.0792394,
89836,211.608504,
89837,211.5143754,
89838,210.3240126,
89839,208.9922559,
89840,207.6088032,
89841,207.1509004,
89842,205.7528353,
89843,203.4853009,
89844,201.3254426,
89845,200.7948089,
89846,199.5833225,
89847,197.7964629,
89848,196.2580361,
89849,195.6815662,
89850,194.5117084,
89851,191.7910526,
89852,190.1668845,
89853,189.464287,
89854,188.1289162,
89855,185.7239555,
89856,183.9867517,
89857,183.4716793,
89858,180.8913658,
89859,179.0013386,
89860,178.1128915,
89861,177.9994031,
89862,175.7652697,
89863,174.272385,
89864,174.114281,
89865,172.8187759,
89866,171.0770964,
89867,168.3059187,
89868,167.6279801,
89869,166.7545151,
89870,164.7083572,
89871,162.3541208,
89872,161.2871124,
89873,160.0739204,
89874,157.3465682,
89875,155.7336333,
89876,154.890568,
89877,153.8608976,
89878,151.9974513,
89879,150.5054805,
89880,149.4737109,
89881,147.7283891,
89882,145.1483638,
89883,142.4536415,
89884,141.91554,
89885,140.3142857,
89886,138.0960493,
89887,136.3457224,
89888,135.6692968,
89889,132.8475696,
89890,129.892133,
89891,129.1556813,
89892,128.4103852,
89893,126.3172957,
89894,124.4231741,
89895,123.4660064,
89896,121.9424188,
89897,119.9348437,
89898,118.1818266,
89899,117.7367332,
89900,117.3418609,
89901,115.897145,
89902,115.1337424,
89903,113.7808121,
89904,112.3977418,
89905,110.9669961,
89906,109.5867027,
89907,109.5491519,
89908,108.5466111,
89909,108.1533965,
89910,106.7313412,
89911,106.0263843,
89912,105.7159654,
89913,104.1712679,
89914,103.0844111,
89915,102.4236968,
89916,102.2825977,
89917,101.9360465,
89918,101.38067,
89919,101.0620371,
89920,100.6815906,
89921,99.91819264,
89922,99.90161448,
89923,99.72833095,
89924,99.64081761,
89925,99.65676209,
89926,100.1525214,
89927,99.66661972,
89928,100.2635389,
89929,99.9892136,
89930,100.0697108,
89931,99.97744808,
89932,99.86992349,
89933,100.0384842,
89934,100.2276165,
89935,100.628895,
89936,101.159715,
89937,102.040194,
89938,103.2839334,
89939,103.2926643,
89940,104.8851512,
89941,105.248622,
89942,104.8970169,
89943,105.9846335,
89944,106.0400261,
89945,106.7495168,
89946,107.4564274,
89947,107.7249401,
89948,108.4539804,
89949,108.7212898,
89950,108.1609764,
89951,108.7042579,
89952,108.4599406,
89953,109.3439393,
89954,109.9450849,
89955,109.4040233,
89956,110.027519,
89957,110.2895224,
89958,110.4965084,
89959,110.8350132,
89960,111.3416907,
89961,111.4759646,
89962,112.0076161,
89963,112.2657405,
89964,112.5506409,
89965,112.6231985,
89966,112.9153009,
89967,113.6087603,
89968,114.2387877,
89969,114.5636355,
89970,114.9081234,
89971,115.3520112,
89972,116.8085707,
89973,117.4588214,
89974,118.2937726,
89975,118.6916741,
89976,119.3374921,
89977,120.5693705,
89978,122.0174765,
89979,123.0021829,
89980,123.103958,
89981,124.3998802,
89982,125.5801606,
89983,126.5073911,
89984,127.320994,
89985,127.8837145,
89986,129.6534514,
89987,131.8094451,
89988,132.0098637,
89989,133.1976659,
89990,134.8204998,
89991,136.482793,
89992,137.6907272,
89993,138.2085406,
89994,139.7661349,
89995,142.1670442,
89996,143.4219283,
89997,144.1177709,
89998,145.2358284,
89999,146.8775547,
90000,148.7176559,
90001,149.5509367,
90002,149.6607057,
90003,152.2116161,
90004,154.3007883,
90005,156.3635327,
90006,156.3763582,
90007,157.9161755,
90008,160.2009867,
90009,162.7134589,
90010,163.117838,
90011,163.7221394,
90012,166.4429485,
90013,167.5039235,
90014,168.8549386,
90015,169.3313137,
90016,171.3847645,
90017,172.840894,
90018,173.8202887,
90019,173.4846335,
90020,174.4061902,
90021,177.604772,
90022,179.1108206,
90023,179.7220911,
90024,181.462682,
90025,183.3461401,
90026,184.6118505,
90027,185.7633924,
90028,187.2797029,
90029,188.2879576,
90030,189.9768062,
90031,192.3369041,
90032,193.254759,
90033,193.9128351,
90034,194.9078563,
90035,196.1566856,
90036,197.463481,
90037,198.7921481,
90038,200.3538386,
90039,202.4446223,
90040,204.9357093,
90041,207.2692685,
90042,207.0423562,
90043,208.668982,
90044,210.8791269,
90045,212.5057182,
90046,213.2833383,
90047,215.3676913,
90048,218.8236934,
90049,220.7574598,
90050,221.2659452,
90051,221.812426,
90052,223.8539949,
90053,224.4768409,
90054,225.4883494,
90055,226.8295785,
90056,227.8216801,
90057,229.9174841,
90058,230.9299348,
90059,232.342761,
90060,231.0111405,
90061,233.7698197,
90062,234.9819502,
90063,236.7043435,
90064,236.7875253,
90065,237.1059435,
90066,238.268619,
90067,240.1465659,
90068,241.8106636,
90069,242.624311,
90070,243.9735115,
90071,245.0700603,
90072,247.2680058,
90073,248.3187087,
90074,248.8054499,
90075,250.7866891,
90076,252.016053,
90077,254.0982459,
90078,254.3577563,
90079,255.1737036,
90080,256.8569434,
90081,258.3013362,
90082,259.7866145,
90083,260.1140083,
90084,261.0396474,
90085,263.1692415,
90086,264.8521023,
90087,265.3890506,
90088,265.9146553,
90089,267.0511934,
90090,267.8124686,
90091,268.4150971,
90092,268.6718665,
90093,268.1401497,
90094,269.1367559,
90095,268.9331682,
90096,268.2275135,
90097,267.7807482,
90098,268.2137535,
90099,267.8128403,
90100,267.3003516,
90101,266.9464032,
90102,266.9638245,
90103,266.2529672,
90104,266.8206905,
90105,266.4552113,
90106,266.0983841,
90107,265.8543824,
90108,265.4388988,
90109,265.2401,
90110,264.9971234,
90111,265.2178142,
90112,265.1129769,
90113,265.1630156,
90114,265.0540855,
90115,264.3139904,
90116,263.6474581,
90117,263.1875322,
90118,262.7299819,
90119,262.200811,
90120,261.7680603,
90121,261.3512811,
90122,261.1022549,
90123,260.3005097,
90124,259.1957925,
90125,258.325875,
90126,257.7868622,
90127,257.2346508,
90128,256.038816,
90129,256.1890334,
90130,255.2798191,
90131,254.6093149,
90132,253.7242302,
90133,253.4095679,
90134,252.0984202,
90135,250.6595567,
90136,249.307919,
90137,248.7936528,
90138,247.6551795,
90139,245.9494932,
90140,244.2004685,
90141,243.4540813,
90142,242.7868745,
90143,241.845544,
90144,239.6519201,
90145,238.379029,
90146,237.6498174,
90147,235.2576811,
90148,232.4377817,
90149,231.5819611,
90150,231.2720212,
90151,229.894832,
90152,228.1855953,
90153,227.1453949,
90154,226.3970456,
90155,223.8477024,
90156,221.2063598,
90157,219.8339328,
90158,219.4202839,
90159,218.0679155,
90160,216.3308547,
90161,213.7092231,
90162,213.6757668,
90163,212.3358872,
90164,209.6788962,
90165,207.1601101,
90166,206.5868623,
90167,205.2290921,
90168,203.3596007,
90169,201.5454166,
90170,200.4751049,
90171,199.5491558,
90172,197.1435463,
90173,195.0554183,
90174,194.3469188,
90175,194.2493359,
90176,192.6812585,
90177,191.256978,
90178,189.7920312,
90179,189.0515249,
90180,187.6701485,
90181,186.3034276,
90182,185.4617883,
90183,184.6090859,
90184,183.681895,
90185,183.1342584,
90186,182.2840407,
90187,181.791261,
90188,181.7626119,
90189,180.4935746,
90190,179.177254,
90191,178.8900765,
90192,178.5966131,
90193,178.5358301,
90194,178.7211325,
90195,179.3336729,
90196,178.741589,
90197,177.8946128,
90198,178.4500105,
90199,177.6052233,
90200,177.0910565,
90201,176.8928348,
90202,177.1012208,
90203,176.8857557,
90204,176.5819079,
90205,176.23072,
90206,176.0001469,
90207,176.1636481,
90208,176.427066,
90209,176.0245701,
90210,175.3182965,
90211,175.1982806,
90212,174.8096786,
90213,174.6017722,
90214,173.5437308,
90215,172.4971044,
90216,172.0472887,
90217,171.3674032,
90218,170.6678659,
90219,170.5018591,
90220,170.6953142,
90221,170.2233765,
90222,169.8650545,
90223,169.6621787,
90224,168.6825465,
90225,167.9286052,
90226,167.516582,
90227,166.7243254,
90228,165.9363742,
90229,165.6917203,
90230,164.6987212,
90231,164.7398927,
90232,163.1965121,
90233,162.4037254,
90234,161.0701254,
90235,160.0196672,
90236,159.1064597,
90237,157.5224376,
90238,155.2034472,
90239,154.410011,
90240,154.3827674,
90241,152.2110472,
90242,150.1819304,
90243,148.8533551,
90244,147.9288352,
90245,146.2514713,
90246,143.9257683,
90247,142.3982983,
90248,141.6139452,
90249,139.5900329,
90250,137.8088899,
90251,136.3623762,
90252,135.8399548,
90253,134.3314139,
90254,132.638284,
90255,130.5467917,
90256,131.3910405,
90257,130.083167,
90258,129.7719228,
90259,128.9977336,
90260,128.6732243,
90261,129.8637783,
90262,129.2195788,
90263,128.1619755,
90264,128.4200382,
90265,128.5198969,
90266,128.3633551,
90267,128.820407,
90268,129.3868586,
90269,129.4201427,
90270,129.3898613,
90271,129.7388776,
90272,129.9406975,
90273,130.2130802,
90274,130.8450124,
90275,131.1317141,
90276,131.3596597,
90277,131.9457132,
90278,132.3984728,
90279,132.4625284,
90280,132.5003284,
90281,132.9018362,
90282,133.9139812,
90283,135.1936831,
90284,135.5025795,
90285,135.6566328,
90286,136.0953134,
90287,136.8913774,
90288,137.5450768,
90289,138.256311,
90290,138.6847404,
90291,138.7535689,
90292,140.1870768,
90293,141.3105764,
90294,141.8996677,
90295,142.0034491,
90296,143.329369,
90297,144.4149977,
90298,145.1450705,
90299,145.6775593,
90300,146.3476623,
90301,148.1100675,
90302,149.9453872,
90303,151.8642371,
90304,152.3542658,
90305,153.4256007,
90306,154.3525205,
90307,155.7442948,
90308,157.469787,
90309,158.1735339,
90310,159.9319161,
90311,162.2599778,
90312,163.3159451,
90313,164.3621585,
90314,165.5606326,
90315,167.361148,
90316,168.1582405,
90317,169.2402361,
90318,170.1090177,
90319,171.2982231,
90320,172.1846876,
90321,175.0364795,
90322,177.1807721,
90323,177.8545399,
90324,179.5929437,
90325,182.7346839,
90326,184.2533596,
90327,184.8199283,
90328,186.9495263,
90329,189.1800305,
90330,191.2374797,
90331,192.0520992,
90332,195.2343618,
90333,198.015963,
90334,198.8319499,
90335,200.9595436,
90336,203.1433636,
90337,205.1837528,
90338,206.4900225,
90339,207.4041847,
90340,207.8349371,
90341,209.2161348,
90342,210.3332163,
90343,211.6895294,
90344,214.3371234,
90345,215.5706801,
90346,216.658672,
90347,216.7732893,
90348,219.2651841,
90349,221.0250413,
90350,222.8848374,
90351,223.8901513,
90352,225.9648116,
90353,227.8335617,
90354,228.9755062,
90355,229.4445309,
90356,230.8721717,
90357,232.4632539,
90358,234.1794565,
90359,235.3229221,
90360,235.5642445,
90361,239.67415,
90362,241.1136049,
90363,242.057994,
90364,243.4771983,
90365,246.0855104,
90366,247.0003647,
90367,248.4366673,
90368,250.5457842,
90369,252.8799389,
90370,253.9755163,
90371,254.5771837,
90372,256.1530609,
90373,256.9110719,
90374,257.7148757,
90375,258.3753586,
90376,259.2634135,
90377,260.3578848,
90378,261.3802265,
90379,261.8632479,
90380,262.4412001,
90381,262.8353337,
90382,262.5084297,
90383,262.4159984,
90384,262.5744773,
90385,262.2815029,
90386,262.5667844,
90387,262.4900446,
90388,262.0572472,
90389,261.2279105,
90390,260.2824825,
90391,260.3790888,
90392,259.8389197,
90393,259.2379694,
90394,258.7299301,
90395,258.2420163,
90396,258.1039683,
90397,257.1295136,
90398,256.1137736,
90399,255.4792356,
90400,254.8191444,
90401,254.1835162,
90402,252.6511561,
90403,251.5402032,
90404,250.9395249,
90405,250.2147922,
90406,249.6628865,
90407,249.2085981,
90408,247.9425055,
90409,247.5206346,
90410,245.9151183,
90411,244.2796722,
90412,243.6900231,
90413,243.8389222,
90414,242.8762717,
90415,241.5779013,
90416,240.5211214,
90417,239.9978129,
90418,239.751136,
90419,239.7023435,
90420,238.5089568,
90421,237.8110083,
90422,237.7390068,
90423,237.7843454,
90424,238.0023454,
90425,237.6800367,
90426,237.6063369,
90427,236.6987812,
90428,236.4660539,
90429,236.1945128,
90430,235.7777869,
90431,235.2894901,
90432,234.7257331,
90433,234.2543433,
90434,233.6761696,
90435,232.6466666,
90436,231.7610364,
90437,231.1188097,
90438,230.0166938,
90439,229.4749389,
90440,228.1526157,
90441,227.5444023,
90442,227.0647363,
90443,225.6760766,
90444,224.4344346,
90445,223.5334263,
90446,221.9672384,
90447,222.0097494,
90448,220.1622801,
90449,218.6897007,
90450,217.2731083,
90451,217.1424024,
90452,216.1318413,
90453,214.2591098,
90454,212.7117207,
90455,211.8232933,
90456,210.2976296,
90457,207.2698941,
90458,205.1715134,
90459,204.4221918,
90460,202.8891209,
90461,201.3919357,
90462,200.3297687,
90463,198.6321241,
90464,196.1299762,
90465,192.878469,
90466,191.002319,
90467,190.5026639,
90468,187.7744062,
90469,184.7467103,
90470,183.823717,
90471,182.6392133,
90472,179.6329605,
90473,176.5963263,
90474,176.3893993,
90475,173.4720286,
90476,170.0690238,
90477,169.4056072,
90478,168.2733986,
90479,165.0343774,
90480,162.4381794,
90481,162.2072039,
90482,160.1261009,
90483,157.7098157,
90484,156.0728838,
90485,155.0121571,
90486,152.9415174,
90487,150.9892865,
90488,149.2047081,
90489,148.040575,
90490,146.5712749,
90491,144.2449504,
90492,142.6729212,
90493,142.2502841,
90494,139.9036317,
90495,137.0183637,
90496,136.2973153,
90497,134.6747726,
90498,131.9731583,
90499,130.1109415,
90500,129.5396612,
90501,127.8298555,
90502,124.6928393,
90503,124.2141002,
90504,122.9050582,
90505,120.8655487,
90506,118.8736602,
90507,118.2778718,
90508,116.4835834,
90509,114.9005407,
90510,113.9012694,
90511,112.7169555,
90512,110.5283448,
90513,108.4814123,
90514,107.7417847,
90515,106.9940017,
90516,105.1072372,
90517,103.7787645,
90518,103.4533088,
90519,102.05264,
90520,101.6134972,
90521,101.1829917,
90522,100.8708838,
90523,99.69563516,
90524,98.80340995,
90525,98.52219515,
90526,97.57550437,
90527,96.64846077,
90528,96.98696221,
90529,96.88123829,
90530,96.64662095,
90531,96.30559778,
90532,96.29655554,
90533,96.35748977,
90534,96.76034632,
90535,97.14491442,
90536,97.74384236,
90537,98.84120863,
90538,99.80749535,
90539,100.3919025,
90540,101.3698061,
90541,102.7036492,
90542,103.6086928,
90543,104.9988048,
90544,107.4134208,
90545,108.9503368,
90546,109.541735,
90547,110.9932854,
90548,112.8529668,
90549,114.9151198,
90550,115.2618521,
90551,116.0888926,
90552,118.7147275,
90553,119.6030129,
90554,120.2089446,
90555,121.0143095,
90556,121.8718635,
90557,122.6882274,
90558,123.0195481,
90559,123.9680657,
90560,124.8618287,
90561,126.9438683,
90562,129.5957029,
90563,130.2446255,
90564,131.8405692,
90565,134.0018237,
90566,136.4061089,
90567,136.7449379,
90568,137.6220355,
90569,139.7266855,
90570,141.8000266,
90571,142.5019626,
90572,143.4447248,
90573,145.6587634,
90574,147.0869519,
90575,148.2709267,
90576,149.1037089,
90577,150.6623407,
90578,153.4417721,
90579,154.996233,
90580,155.9932878,
90581,157.7897014,
90582,159.4426348,
90583,161.9044448,
90584,162.1592098,
90585,164.2848385,
90586,166.9363198,
90587,166.6983876,
90588,167.2753611,
90589,169.3541101,
90590,171.4157037,
90591,172.7160391,
90592,173.8804135,
90593,174.3389912,
90594,176.1157248,
90595,177.6570626,
90596,178.4944653,
90597,178.2887543,
90598,179.220066,
90599,180.8284253,
90600,180.879004,
90601,180.7702556,
90602,181.0680474,
90603,181.5641685,
90604,182.676238,
90605,184.0482381,
90606,183.8453562,
90607,185.1058752,
90608,186.2727841,
90609,187.5559201,
90610,187.7932726,
90611,188.3450373,
90612,189.3529634,
90613,190.062329,
90614,191.0462018,
90615,191.4108434,
90616,192.596661,
90617,193.5876784,
90618,194.1875657,
90619,194.7317176,
90620,195.3936584,
90621,196.2650301,
90622,197.4670794,
90623,197.8878533,
90624,198.8829371,
90625,199.7754365,
90626,199.6651254,
90627,199.0541591,
90628,200.0480471,
90629,198.9525191,
90630,198.9464267,
90631,198.9918414,
90632,198.4756395,
90633,198.1414687,
90634,197.5191847,
90635,196.9925721,
90636,196.760381,
90637,195.6871215,
90638,195.2623774,
90639,195.3812196,
90640,195.1674268,
90641,194.5767553,
90642,194.3980291,
90643,194.0940979,
90644,193.8480919,
90645,193.7121083,
90646,193.4619526,
90647,193.3720964,
90648,193.1001628,
90649,192.7502634,
90650,192.4704657,
90651,191.8433446,
90652,191.2713798,
90653,190.3840486,
90654,189.6842681,
90655,189.247742,
90656,188.5686829,
90657,187.1599405,
90658,185.9616086,
90659,185.8477412,
90660,184.6406274,
90661,182.5036099,
90662,181.5645425,
90663,181.2665823,
90664,179.2528548,
90665,177.4690796,
90666,176.4839403,
90667,175.9434566,
90668,174.1714303,
90669,172.7849098,
90670,171.7918026,
90671,171.4401494,
90672,170.1891496,
90673,168.6786559,
90674,167.306321,
90675,166.7304617,
90676,164.8757618,
90677,163.8196492,
90678,163.3249209,
90679,162.454492,
90680,160.744059,
90681,159.9730455,
90682,160.3003927,
90683,159.4978468,
90684,158.7062402,
90685,156.8565235,
90686,155.7299279,
90687,155.0258196,
90688,153.5253188,
90689,151.11187,
90690,150.5478659,
90691,149.9917292,
90692,148.0668141,
90693,147.489048,
90694,147.4969655,
90695,147.0994927,
90696,147.6087292,
90697,147.3785357,
90698,147.0519672,
90699,148.0076922,
90700,148.1772503,
90701,148.2135377,
90702,148.4684487,
90703,148.4254713,
90704,149.0993152,
90705,149.4893742,
90706,149.8709315,
90707,150.2095012,
90708,151.1964067,
90709,152.2487008,
90710,152.4725451,
90711,152.6565426,
90712,153.2842429,
90713,154.0685459,
90714,154.9406338,
90715,155.4996315,
90716,157.5042415,
90717,158.9236107,
90718,159.7484744,
90719,160.2744245,
90720,161.5859034,
90721,163.4747413,
90722,164.0282057,
90723,164.2923466,
90724,166.5376738,
90725,167.6491358,
90726,168.3037686,
90727,168.9053105,
90728,170.1919168,
90729,172.2875304,
90730,172.9684747,
90731,173.9858625,
90732,176.4883987,
90733,177.978558,
90734,178.4905258,
90735,179.9990238,
90736,182.5692396,
90737,184.6395353,
90738,185.6565662,
90739,187.5431592,
90740,190.6133588,
90741,191.2886445,
90742,192.357371,
90743,195.5143027,
90744,196.6683322,
90745,197.6085432,
90746,199.6633977,
90747,202.2030058,
90748,204.0546363,
90749,204.7802827,
90750,206.4400198,
90751,208.5307327,
90752,208.9154518,
90753,209.5288127,
90754,210.4223993,
90755,212.9919029,
90756,214.1843298,
90757,215.3168964,
90758,217.119338,
90759,218.2048896,
90760,219.1910329,
90761,219.8230772,
90762,220.4819862,
90763,222.895038,
90764,224.6571914,
90765,225.1742079,
90766,227.1837037,
90767,229.2687568,
90768,230.2070574,
90769,230.2500967,
90770,231.5014291,
90771,234.3060339,
90772,235.496018,
90773,236.4308969,
90774,238.9661388,
90775,240.2449019,
90776,241.6440678,
90777,243.0429002,
90778,245.5900615,
90779,247.4432954,
90780,247.6850258,
90781,249.6657306,
90782,252.0827579,
90783,253.7685363,
90784,254.527622,
90785,255.2804725,
90786,257.5091374,
90787,259.2385047,
90788,259.2671043,
90789,260.3960469,
90790,263.0464377,
90791,264.3400148,
90792,265.0578359,
90793,265.1267219,
90794,265.9349208,
90795,265.9326307,
90796,265.2124537,
90797,265.6502077,
90798,265.8210576,
90799,265.2183419,
90800,265.5237668,
90801,264.8705342,
90802,265.2549,
90803,265.3649016,
90804,265.337626,
90805,264.7197303,
90806,264.5359936,
90807,263.9665894,
90808,263.8684201,
90809,263.3461907,
90810,263.2118767,
90811,262.9457666,
90812,262.9076872,
90813,262.4718748,
90814,262.1818352,
90815,261.4968011,
90816,260.6186838,
90817,260.4728119,
90818,259.8152671,
90819,259.3759555,
90820,258.0937906,
90821,257.4793568,
90822,257.1021921,
90823,255.911985,
90824,254.914962,
90825,254.4523413,
90826,253.7798075,
90827,252.6240003,
90828,250.6098332,
90829,250.5912907,
90830,249.8940006,
90831,248.7841057,
90832,246.8329517,
90833,246.7149385,
90834,246.1356132,
90835,243.8861129,
90836,242.4971028,
90837,241.5087492,
90838,240.5367486,
90839,238.9736783,
90840,237.6119685,
90841,236.4885194,
90842,235.9985323,
90843,234.3652402,
90844,232.5868335,
90845,231.1178819,
90846,230.7149619,
90847,229.917352,
90848,228.1802868,
90849,226.7129038,
90850,226.3474577,
90851,225.9097228,
90852,224.9406159,
90853,222.9126144,
90854,221.4265615,
90855,220.2754728,
90856,220.8040137,
90857,218.9800673,
90858,217.315762,
90859,215.4481321,
90860,215.2988973,
90861,214.0959066,
90862,212.8831055,
90863,211.1616475,
90864,210.2366307,
90865,211.0342867,
90866,209.9676774,
90867,207.8051821,
90868,206.7915079,
90869,206.2819672,
90870,206.133889,
90871,204.6746223,
90872,202.7148015,
90873,202.3240304,
90874,202.0964643,
90875,201.5337228,
90876,199.9450693,
90877,199.1952156,
90878,198.4098721,
90879,197.7494252,
90880,197.2915694,
90881,196.7160507,
90882,195.8058209,
90883,195.4157421,
90884,195.0189475,
90885,194.4283149,
90886,193.8492463,
90887,193.6725868,
90888,193.9968042,
90889,193.4661475,
90890,192.517039,
90891,192.2941331,
90892,192.2851005,
90893,191.2368791,
90894,191.8486607,
90895,191.6235991,
90896,191.1032755,
90897,191.2665417,
90898,191.0460588,
90899,190.6626473,
90900,189.8464938,
90901,189.9694444,
90902,190.0958987,
90903,190.4134155,
90904,190.8180417,
90905,191.0411784,
90906,191.0106406,
90907,191.2155699,
90908,190.8692819,
90909,190.1331003,
90910,189.3256336,
90911,189.2470417,
90912,189.349207,
90913,189.5321677,
90914,189.7788014,
90915,190.1667896,
90916,190.8322511,
90917,191.5001606,
90918,192.0087857,
90919,192.4826008,
90920,192.9938543,
90921,193.9135407,
90922,194.1189505,
90923,194.506362,
90924,194.7841246,
90925,196.184335,
90926,197.2979137,
90927,197.8970087,
90928,197.7478226,
90929,198.5669789,
90930,200.0244479,
90931,201.2473269,
90932,201.6712821,
90933,202.0574121,
90934,202.8144428,
90935,204.1973859,
90936,204.3629819,
90937,204.604951,
90938,205.7528106,
90939,207.3808082,
90940,208.4530378,
90941,209.2796894,
90942,209.9179729,
90943,211.3660839,
90944,213.075643,
90945,214.1256453,
90946,214.1906691,
90947,215.4022937,
90948,216.6074387,
90949,218.2300134,
90950,219.0333261,
90951,220.4317915,
90952,221.5650979,
90953,223.8783673,
90954,224.0525716,
90955,224.1927853,
90956,225.8555883,
90957,227.2870938,
90958,228.0380054,
90959,229.3390452,
90960,230.7705906,
90961,232.6634585,
90962,232.980196,
90963,233.7446524,
90964,234.5213609,
90965,235.6569636,
90966,236.7230676,
90967,236.526911,
90968,239.216531,
90969,240.9790669,
90970,242.1723357,
90971,242.4044094,
90972,243.8450684,
90973,245.4723444,
90974,247.311158,
90975,249.0654185,
90976,249.8166371,
90977,252.2250298,
90978,254.2871883,
90979,254.7225176,
90980,255.6720574,
90981,257.4089815,
90982,259.2652019,
90983,260.5705939,
90984,261.3980601,
90985,262.4675236,
90986,265.7039078,
90987,266.427247,
90988,268.109908,
90989,270.3522359,
90990,271.6303597,
90991,272.8547758,
90992,273.7964069,
90993,276.3357424,
90994,279.7076546,
90995,280.3343699,
90996,281.7630186,
90997,283.7557992,
90998,285.3886844,
90999,286.2789566,
91000,288.112358,
91001,291.20782,
91002,293.0269386,
91003,293.3442795,
91004,294.9763422,
91005,296.9351398,
91006,298.6680822,
91007,299.5365164,
91008,300.4653643,
91009,302.2593813,
91010,303.5708774,
91011,304.7295274,
91012,305.3293841,
91013,306.7890992,
91014,306.9326448,
91015,308.8410674,
91016,310.390574,
91017,311.6136394,
91018,311.8409501,
91019,312.8789186,
91020,315.5829596,
91021,317.5002449,
91022,318.0032799,
91023,320.0057467,
91024,321.9935662,
91025,323.420986,
91026,324.3100006,
91027,326.0955548,
91028,330.0659966,
91029,331.2842489,
91030,331.8010847,
91031,334.0847009,
91032,336.5547812,
91033,337.48292,
91034,338.6351285,
91035,340.1720002,
91036,342.6614345,
91037,343.548431,
91038,344.4902614,
91039,345.8141857,
91040,346.6459626,
91041,347.5987472,
91042,349.3323259,
91043,351.3343687,
91044,351.816544,
91045,352.0373259,
91046,353.5869714,
91047,353.979401,
91048,354.8195073,
91049,355.446381,
91050,356.6110418,
91051,356.8660046,
91052,356.9744471,
91053,357.2588651,
91054,357.5477795,
91055,357.5714042,
91056,356.9502819,
91057,357.8039147,
91058,359.4340042,
91059,360.1535109,
91060,360.6342444,
91061,362.2846189,
91062,362.3997981,
91063,363.0931534,
91064,363.2871284,
91065,363.8320505,
91066,364.0489688,
91067,364.4988639,
91068,364.9850252,
91069,365.1982248,
91070,365.8131964,
91071,366.4867957,
91072,367.1697265,
91073,368.1102253,
91074,368.5145418,
91075,368.8896969,
91076,369.6840686,
91077,370.3922238,
91078,371.4032777,
91079,372.0924356,
91080,373.3618192,
91081,374.7595617,
91082,375.4250021,
91083,375.6079401,
91084,376.3110289,
91085,377.4532734,
91086,378.1117963,
91087,378.635544,
91088,378.7522886,
91089,379.2794872,
91090,380.1286852,
91091,380.459983,
91092,380.7196907,
91093,380.7517431,
91094,380.4996632,
91095,380.5791978,
91096,381.3020155,
91097,381.7317736,
91098,381.8410405,
91099,381.9182276,
91100,381.84782,
91101,381.8817026,
91102,381.9108594,
91103,381.901573,
91104,381.5301282,
91105,381.3286293,
91106,380.8828359,
91107,381.050302,
91108,380.9021088,
91109,380.5839607,
91110,380.2638689,
91111,380.2269784,
91112,380.0788246,
91113,379.7325402,
91114,379.3483873,
91115,378.5410239,
91116,377.9694301,
91117,377.453661,
91118,376.8209425,
91119,375.9054538,
91120,374.9882278,
91121,374.2195737,
91122,373.4476459,
91123,372.7477823,
91124,371.1215195,
91125,370.4684673,
91126,369.2075048,
91127,368.2842075,
91128,367.2505704,
91129,366.289582,
91130,365.2445349,
91131,364.5769634,
91132,364.1868303,
91133,361.8156502,
91134,360.359062,
91135,359.5870942,
91136,358.6960197,
91137,356.4478935,
91138,354.5595824,
91139,353.7418921,
91140,353.2427542,
91141,351.9704568,
91142,349.5910738,
91143,348.2673119,
91144,346.9190835,
91145,345.8264373,
91146,344.3628853,
91147,344.0167004,
91148,342.4884468,
91149,341.7092212,
91150,339.5571427,
91151,337.0441887,
91152,335.8314533,
91153,334.5269137,
91154,333.1216322,
91155,331.7769503,
91156,330.7635835,
91157,330.1787845,
91158,328.4694571,
91159,326.8718898,
91160,324.9835699,
91161,324.656647,
91162,323.9289664,
91163,322.4764552,
91164,322.7168213,
91165,321.4881459,
91166,321.7879898,
91167,321.2884311,
91168,319.1966268,
91169,316.9973605,
91170,316.2963501,
91171,315.4260472,
91172,314.9029637,
91173,313.1692191,
91174,311.8237099,
91175,310.491133,
91176,309.3848131,
91177,307.8575144,
91178,306.3985001,
91179,305.2299818,
91180,303.9249497,
91181,302.7086774,
91182,301.4863658,
91183,298.8797068,
91184,298.4323007,
91185,297.3204652,
91186,294.9739196,
91187,293.6000447,
91188,292.2069176,
91189,290.1653221,
91190,288.209644,
91191,286.0343668,
91192,284.9377889,
91193,283.5244854,
91194,281.0306272,
91195,279.3177021,
91196,278.6413524,
91197,276.9371417,
91198,273.7763354,
91199,272.5992365,
91200,270.4534907,
91201,267.7638371,
91202,265.553048,
91203,265.1163999,
91204,263.9169812,
91205,261.3131869,
91206,258.5993479,
91207,257.5983945,
91208,255.9651192,
91209,252.7059025,
91210,250.72228,
91211,250.025603,
91212,247.4803981,
91213,245.3462881,
91214,243.0679036,
91215,242.3847481,
91216,240.8452967,
91217,237.0912009,
91218,234.8257987,
91219,234.5215737,
91220,232.2924071,
91221,229.7890478,
91222,227.7580907,
91223,227.2803191,
91224,224.4811607,
91225,221.0795271,
91226,220.2329198,
91227,218.620022,
91228,214.964028,
91229,213.1283708,
91230,212.0759512,
91231,208.7056865,
91232,206.2865235,
91233,205.5654319,
91234,203.5791894,
91235,200.8463675,
91236,198.5949203,
91237,198.0813509,
91238,195.0601745,
91239,192.2121004,
91240,191.2332284,
91241,188.0788275,
91242,186.2130008,
91243,185.0465615,
91244,184.4043209,
91245,181.6559576,
91246,179.4593316,
91247,179.1021789,
91248,177.1160249,
91249,176.0432448,
91250,175.1026375,
91251,175.7374994,
91252,174.6402652,
91253,173.4256592,
91254,172.3401507,
91255,172.1521562,
91256,171.8577335,
91257,171.2441722,
91258,170.6298913,
91259,170.8210251,
91260,170.3278465,
91261,170.2847742,
91262,170.4775019,
91263,171.0051389,
91264,171.6092369,
91265,171.7233387,
91266,172.4873078,
91267,173.5961662,
91268,174.2904004,
91269,174.4551053,
91270,175.9166871,
91271,176.9391349,
91272,177.9012058,
91273,178.4306619,
91274,178.5059656,
91275,180.1262253,
91276,180.547348,
91277,181.324669,
91278,181.9226634,
91279,183.4540834,
91280,184.2629476,
91281,184.3236186,
91282,184.6559492,
91283,185.8470796,
91284,186.5336761,
91285,186.4813848,
91286,186.3606064,
91287,186.593702,
91288,186.2574957,
91289,186.4482585,
91290,187.2330235,
91291,186.6581723,
91292,187.1190415,
91293,187.3210173,
91294,187.1531141,
91295,186.9110054,
91296,186.3848999,
91297,186.6650041,
91298,186.5939476,
91299,186.4754409,
91300,185.8279926,
91301,186.1293081,
91302,186.7660884,
91303,186.4090159,
91304,187.4135429,
91305,187.4010622,
91306,187.6238961,
91307,186.9865891,
91308,185.8601079,
91309,186.1482173,
91310,186.3104135,
91311,186.2705919,
91312,185.6113285,
91313,185.2006315,
91314,185.3597211,
91315,185.9281593,
91316,186.3863827,
91317,184.4403692,
91318,185.3874127,
91319,184.4549966,
91320,183.5067556,
91321,183.7740002,
91322,183.0307279,
91323,182.2390821,
91324,182.2185742,
91325,182.9333815,
91326,182.0769017,
91327,182.6812679,
91328,181.3815845,
91329,180.3921379,
91330,180.0421268,
91331,180.3122458,
91332,179.3685657,
91333,179.3857973,
91334,179.2173632,
91335,178.4757351,
91336,178.3501354,
91337,177.2901186,
91338,177.0582858,
91339,177.8944783,
91340,177.5082537,
91341,177.7666452,
91342,176.4517808,
91343,176.3133674,
91344,175.7499892,
91345,175.7086394,
91346,175.2416004,
91347,174.8677045,
91348,174.395822,
91349,174.2737774,
91350,174.070535,
91351,173.8553526,
91352,173.8018862,
91353,173.719794,
91354,173.4796422,
91355,173.4734421,
91356,173.8109559,
91357,173.8085708,
91358,173.4618873,
91359,173.2414208,
91360,172.6748606,
91361,172.5179677,
91362,172.8941755,
91363,172.6703263,
91364,172.3952934,
91365,172.0367742,
91366,171.4584347,
91367,170.9820911,
91368,170.7732919,
91369,170.7006136,
91370,170.5698838,
91371,170.4902162,
91372,170.3713761,
91373,169.9960195,
91374,169.7523611,
91375,169.2827843,
91376,169.1001952,
91377,169.0583428,
91378,169.26025,
91379,169.2297218,
91380,169.2942616,
91381,168.9459691,
91382,169.0055795,
91383,168.9115794,
91384,168.6089127,
91385,167.9850567,
91386,167.7877953,
91387,167.8583906,
91388,167.8085897,
91389,167.5480312,
91390,167.3656511,
91391,167.1789036,
91392,167.3131306,
91393,167.1329636,
91394,166.8837975,
91395,166.9594863,
91396,166.7668873,
91397,165.9723899,
91398,165.5290185,
91399,165.5115388,
91400,165.0812166,
91401,164.543758,
91402,164.0020753,
91403,163.9957542,
91404,163.5908312,
91405,163.1203093,
91406,162.975188,
91407,162.3459677,
91408,161.745407,
91409,161.3952785,
91410,161.5211559,
91411,160.4945095,
91412,160.2788214,
91413,159.3191485,
91414,160.2793972,
91415,160.0742375,
91416,160.1658896,
91417,159.7268463,
91418,159.6344204,
91419,159.5388678,
91420,159.4205032,
91421,159.4703474,
91422,159.5897422,
91423,159.6963702,
91424,159.5976323,
91425,159.3099605,
91426,159.0461638,
91427,159.30288,
91428,158.9483797,
91429,157.919208,
91430,157.1022259,
91431,157.3528995,
91432,156.7851045,
91433,155.4240395,
91434,153.9739656,
91435,153.1128516,
91436,152.1957148,
91437,152.1343375,
91438,151.5743381,
91439,149.956602,
91440,149.0124306,
91441,148.6139856,
91442,149.7723518,
91443,149.9820239,
91444,149.8412147,
91445,149.6343826,
91446,149.0115491,
91447,149.1256185,
91448,150.0687061,
91449,150.1475838,
91450,150.2064012,
91451,150.5768874,
91452,150.6779697,
91453,150.8922786,
91454,151.3544278,
91455,151.6646538,
91456,151.5499347,
91457,151.5852466,
91458,151.8785822,
91459,152.0723749,
91460,152.1614782,
91461,152.5393482,
91462,152.7926619,
91463,152.7539651,
91464,153.084905,
91465,153.2929079,
91466,153.4256583,
91467,153.8058028,
91468,153.8727057,
91469,153.6971485,
91470,153.771119,
91471,154.1817919,
91472,154.1782912,
91473,154.4335848,
91474,155.1642437,
91475,155.1662539,
91476,155.0855555,
91477,155.7834865,
91478,156.7823131,
91479,156.3114068,
91480,157.4363067,
91481,157.7887375,
91482,157.4966376,
91483,158.1956671,
91484,157.8681936,
91485,158.4472336,
91486,158.8187523,
91487,158.546666,
91488,158.6410114,
91489,158.5656782,
91490,159.1576394,
91491,159.0076803,
91492,158.3184848,
91493,160.0192695,
91494,159.502528,
91495,160.0683259,
91496,160.9328938,
91497,161.6176923,
91498,162.0851029,
91499,162.9794272,
91500,163.3339245,
91501,165.1294626,
91502,165.8657701,
91503,166.8405015,
91504,167.7520756,
91505,169.823825,
91506,171.2989295,
91507,171.8426361,
91508,172.0312371,
91509,173.7627947,
91510,174.9191731,
91511,176.0796401,
91512,175.9119207,
91513,177.3421156,
91514,177.6947219,
91515,178.8288806,
91516,179.5235062,
91517,179.7320971,
91518,179.1248153,
91519,179.6807938,
91520,180.3375691,
91521,181.4466493,
91522,180.503112,
91523,181.3781712,
91524,183.339922,
91525,183.5016684,
91526,182.7511064,
91527,183.9725746,
91528,184.2615651,
91529,184.9343595,
91530,185.221722,
91531,184.7939442,
91532,184.7309869,
91533,184.9399073,
91534,185.6215661,
91535,185.1887485,
91536,185.3183883,
91537,184.7336513,
91538,185.3096458,
91539,185.8200194,
91540,185.6255707,
91541,185.5183851,
91542,185.3705322,
91543,185.0656353,
91544,184.4920611,
91545,184.0625145,
91546,183.7550612,
91547,183.5506189,
91548,183.5815087,
91549,183.3482231,
91550,183.3352624,
91551,183.2556776,
91552,183.0201248,
91553,182.8509466,
91554,182.8183077,
91555,182.8653274,
91556,182.5733375,
91557,182.4178652,
91558,182.4456562,
91559,182.5452654,
91560,182.759618,
91561,183.4165862,
91562,183.2721045,
91563,183.2814861,
91564,183.0384166,
91565,183.1260784,
91566,182.3441733,
91567,181.3476744,
91568,180.7377265,
91569,180.0391113,
91570,180.2949306,
91571,179.9184796,
91572,178.8957177,
91573,178.0846129,
91574,176.4452222,
91575,175.4787543,
91576,173.8001441,
91577,172.8754783,
91578,170.7078204,
91579,169.6640928,
91580,169.5750963,
91581,168.0198543,
91582,166.2235993,
91583,165.4195106,
91584,164.9975201,
91585,163.8431774,
91586,163.0264847,
91587,160.0264838,
91588,158.9389758,
91589,158.0775106,
91590,156.7652628,
91591,155.1408131,
91592,154.3804248,
91593,153.3354364,
91594,153.1880829,
91595,151.7368857,
91596,149.4958077,
91597,148.2359725,
91598,147.2706273,
91599,146.650503,
91600,144.6654555,
91601,142.7604651,
91602,142.9739643,
91603,142.1203212,
91604,140.0736175,
91605,138.705287,
91606,137.3513111,
91607,136.8069763,
91608,135.8168232,
91609,134.5687826,
91610,133.5190429,
91611,133.4257052,
91612,131.7396519,
91613,130.7650903,
91614,130.0129263,
91615,129.6827578,
91616,129.4191994,
91617,129.3051619,
91618,128.9459296,
91619,128.593781,
91620,128.9892764,
91621,128.0516229,
91622,127.8195297,
91623,127.094844,
91624,126.9389447,
91625,126.5358726,
91626,126.0980911,
91627,125.3709919,
91628,125.3351973,
91629,124.9647541,
91630,124.2678978,
91631,123.71082,
91632,123.0499233,
91633,123.0091266,
91634,122.3456605,
91635,121.7092463,
91636,121.6947403,
91637,121.8139238,
91638,121.0935352,
91639,120.8843445,
91640,121.720138,
91641,120.9169493,
91642,122.1552136,
91643,121.5298533,
91644,121.6223693,
91645,123.0863978,
91646,122.5628136,
91647,122.3382343,
91648,123.1945786,
91649,123.1940956,
91650,123.0586449,
91651,123.4875567,
91652,124.6880205,
91653,124.898291,
91654,125.9206385,
91655,126.8213461,
91656,126.7635608,
91657,127.688445,
91658,128.5496441,
91659,129.2025624,
91660,129.3832337,
91661,130.5962397,
91662,130.6459587,
91663,131.1536205,
91664,131.3254394,
91665,130.7506481,
91666,130.0899922,
91667,131.1698734,
91668,130.797554,
91669,130.9390979,
91670,131.9957193,
91671,132.5017193,
91672,132.7936074,
91673,132.9991117,
91674,132.789599,
91675,133.1090546,
91676,133.5085978,
91677,133.9081209,
91678,134.3459503,
91679,135.1282771,
91680,135.7389395,
91681,136.1313489,
91682,136.466981,
91683,137.0534154,
91684,137.540598,
91685,137.9186291,
91686,138.5105824,
91687,139.1430072,
91688,138.8632668,
91689,139.7187613,
91690,141.0892763,
91691,142.1506813,
91692,142.3391584,
91693,142.6762458,
91694,143.4699704,
91695,144.3804187,
91696,145.3981172,
91697,146.1262162,
91698,148.0048478,
91699,149.5132874,
91700,149.6954475,
91701,150.8794262,
91702,151.8830102,
91703,153.1365665,
91704,153.3707253,
91705,154.4294059,
91706,157.0425281,
91707,157.9109805,
91708,158.5432918,
91709,159.8167694,
91710,160.5749053,
91711,162.4311735,
91712,163.3461969,
91713,164.3198404,
91714,166.1487844,
91715,167.6535189,
91716,168.744907,
91717,169.7461827,
91718,169.4130579,
91719,171.0245038,
91720,171.3758399,
91721,171.5415022,
91722,171.4518701,
91723,171.616291,
91724,171.6009826,
91725,171.2828834,
91726,171.6539821,
91727,172.0002676,
91728,171.5664797,
91729,174.0012932,
91730,174.8910294,
91731,175.0794443,
91732,175.8999772,
91733,176.0070079,
91734,176.5226484,
91735,177.529236,
91736,178.1584599,
91737,179.429672,
91738,180.0776701,
91739,182.0126156,
91740,181.5945574,
91741,184.0588235,
91742,186.8237111,
91743,188.080784,
91744,188.4901129,
91745,190.2182732,
91746,191.2276116,
91747,192.3723222,
91748,192.511473,
91749,193.3197636,
91750,194.7229311,
91751,195.8485936,
91752,196.2997694,
91753,197.5397277,
91754,199.7243572,
91755,200.9799757,
91756,202.0580783,
91757,202.5050267,
91758,202.918479,
91759,204.1263109,
91760,204.4153406,
91761,204.6696265,
91762,205.6176049,
91763,206.5588987,
91764,206.7535624,
91765,207.0107882,
91766,206.4188656,
91767,206.5011118,
91768,207.1152954,
91769,207.0745965,
91770,206.947377,
91771,206.6897915,
91772,207.8124142,
91773,208.0855997,
91774,208.4930948,
91775,208.6677478,
91776,209.449581,
91777,210.3571554,
91778,210.0719772,
91779,210.7475733,
91780,210.9243039,
91781,211.3428181,
91782,212.0255608,
91783,212.269694,
91784,213.1440334,
91785,213.7596657,
91786,213.9381296,
91787,214.8554229,
91788,215.7594073,
91789,216.7306065,
91790,216.8380497,
91791,217.3359655,
91792,218.3659458,
91793,218.6614854,
91794,219.3227569,
91795,218.9694005,
91796,219.1101151,
91797,219.1068102,
91798,218.969018,
91799,218.3337185,
91800,217.8319629,
91801,217.4265546,
91802,217.3838875,
91803,217.5012211,
91804,217.5526785,
91805,217.8479236,
91806,217.8490557,
91807,217.6220893,
91808,217.3297127,
91809,217.2329729,
91810,216.645232,
91811,216.6790677,
91812,217.081118,
91813,217.2650923,
91814,217.2282239,
91815,217.3468859,
91816,217.6936991,
91817,217.32798,
91818,217.2093504,
91819,217.0889004,
91820,216.9675917,
91821,216.8104347,
91822,216.3524349,
91823,215.7935813,
91824,215.0083861,
91825,214.7383782,
91826,214.2410051,
91827,213.6875314,
91828,213.3596982,
91829,211.8182886,
91830,211.4002997,
91831,211.147124,
91832,210.5628169,
91833,209.4611445,
91834,208.9721232,
91835,208.7899087,
91836,208.1571176,
91837,208.7786903,
91838,207.2585647,
91839,207.5543809,
91840,207.0275319,
91841,206.6799566,
91842,205.7740944,
91843,205.4326475,
91844,204.8649704,
91845,204.317077,
91846,203.9130757,
91847,202.3802077,
91848,202.101959,
91849,201.0270849,
91850,200.088775,
91851,198.4931509,
91852,196.4600905,
91853,194.9022481,
91854,194.3773333,
91855,193.6232365,
91856,192.0387324,
91857,190.4028415,
91858,189.5128394,
91859,188.4591881,
91860,186.9607994,
91861,184.8773538,
91862,183.192734,
91863,182.8296807,
91864,181.4342512,
91865,179.3015544,
91866,177.6152642,
91867,176.9143535,
91868,175.7630064,
91869,174.2342705,
91870,173.3806043,
91871,172.5583051,
91872,171.7932809,
91873,170.8274371,
91874,169.4837193,
91875,167.733089,
91876,166.6365013,
91877,165.777391,
91878,163.8586869,
91879,161.9515216,
91880,161.6011974,
91881,161.4962174,
91882,160.1755732,
91883,158.5979077,
91884,157.5318304,
91885,156.877469,
91886,155.9849375,
91887,154.7437167,
91888,153.6098015,
91889,153.0390367,
91890,152.2801935,
91891,151.3486613,
91892,150.9689874,
91893,150.4743855,
91894,150.2454894,
91895,150.9672354,
91896,151.3625482,
91897,151.6973057,
91898,151.7086384,
91899,152.3064237,
91900,152.5568286,
91901,153.3935619,
91902,153.8135076,
91903,154.0766091,
91904,153.8778464,
91905,153.7565454,
91906,154.481671,
91907,154.5363685,
91908,155.1717086,
91909,155.651021,
91910,155.824612,
91911,156.1416881,
91912,155.2508172,
91913,155.1599068,
91914,155.0993809,
91915,155.0914847,
91916,154.490512,
91917,154.7563738,
91918,154.1374129,
91919,154.893748,
91920,154.7129969,
91921,155.285555,
91922,154.7559743,
91923,154.3148794,
91924,154.8899965,
91925,154.8070563,
91926,155.052261,
91927,154.3871999,
91928,154.6850639,
91929,154.8278639,
91930,155.6144727,
91931,154.5469214,
91932,154.2145927,
91933,154.0438183,
91934,153.7227245,
91935,154.1306413,
91936,153.8807085,
91937,153.3299201,
91938,152.9665155,
91939,152.504395,
91940,151.8198871,
91941,151.8870249,
91942,151.5912249,
91943,151.7600737,
91944,152.1666707,
91945,151.4807691,
91946,150.9738328,
91947,150.6284073,
91948,150.0702617,
91949,150.1347992,
91950,149.9709743,
91951,150.9068538,
91952,149.6418285,
91953,150.8223174,
91954,151.4451581,
91955,150.8576811,
91956,151.3946132,
91957,152.390536,
91958,152.5773604,
91959,153.7467344,
91960,153.5964595,
91961,154.4757117,
91962,154.2028428,
91963,154.7420683,
91964,155.4523186,
91965,156.7894297,
91966,156.9380886,
91967,157.8878683,
91968,158.2997436,
91969,158.6731451,
91970,159.4372098,
91971,160.9738864,
91972,162.0830444,
91973,162.0319898,
91974,162.8027683,
91975,162.3766453,
91976,162.678907,
91977,163.2067451,
91978,163.553081,
91979,162.8023148,
91980,163.1785183,
91981,163.1732865,
91982,162.6667081,
91983,163.3627891,
91984,163.3471345,
91985,163.1195465,
91986,162.9461368,
91987,162.6243152,
91988,162.7301122,
91989,162.7002918,
91990,162.7091365,
91991,162.7319223,
91992,162.3351095,
91993,161.7833716,
91994,161.7651296,
91995,162.4191292,
91996,163.2857944,
91997,163.097643,
91998,163.0611692,
91999,163.1243549,
92000,162.8753203,
92001,162.7934936,
92002,162.6571752,
92003,162.3146162,
92004,162.0612553,
92005,162.2239457,
92006,162.201902,
92007,162.2124114,
92008,162.5244152,
92009,162.4706185,
92010,162.479333,
92011,162.8875321,
92012,162.8478116,
92013,162.772328,
92014,162.4580809,
92015,162.2556275,
92016,162.2814912,
92017,162.4712849,
92018,162.8855596,
92019,163.4110107,
92020,163.6554977,
92021,163.9326047,
92022,164.15496,
92023,164.4073846,
92024,164.6716537,
92025,165.0981474,
92026,165.8620073,
92027,166.3726115,
92028,167.4359611,
92029,167.4623359,
92030,168.0530314,
92031,168.7624365,
92032,169.2546386,
92033,169.0331458,
92034,168.808185,
92035,168.5570332,
92036,168.7416215,
92037,169.1101847,
92038,169.1471535,
92039,168.9297377,
92040,168.7208924,
92041,168.0461426,
92042,167.7574267,
92043,167.1717843,
92044,166.6928958,
92045,166.3277688,
92046,166.1733072,
92047,165.6489483,
92048,164.917384,
92049,164.5317394,
92050,164.768271,
92051,163.6110813,
92052,163.3220574,
92053,162.6108616,
92054,162.5809273,
92055,162.2381578,
92056,160.9436042,
92057,160.2847188,
92058,160.0490676,
92059,159.736398,
92060,159.470683,
92061,159.3339321,
92062,156.9595799,
92063,156.4347914,
92064,155.2836902,
92065,154.1024703,
92066,153.345872,
92067,151.3908052,
92068,150.1349193,
92069,149.0663384,
92070,147.754158,
92071,146.0935301,
92072,143.9364276,
92073,142.8999593,
92074,142.1777222,
92075,141.1442833,
92076,141.9433545,
92077,140.6241338,
92078,140.6190503,
92079,140.7423078,
92080,139.9069429,
92081,139.2563861,
92082,138.0406948,
92083,137.8838603,
92084,136.6538351,
92085,135.712643,
92086,135.3898435,
92087,135.3429143,
92088,134.9590612,
92089,133.9553254,
92090,133.057749,
92091,132.4946748,
92092,131.507191,
92093,130.5718839,
92094,130.0987942,
92095,129.8623794,
92096,129.4664842,
92097,128.9897738,
92098,128.5845785,
92099,128.2683122,
92100,127.7861349,
92101,127.3008246,
92102,127.4478388,
92103,127.272574,
92104,126.5352705,
92105,126.0459324,
92106,125.8783071,
92107,125.1760984,
92108,124.9931186,
92109,124.9750863,
92110,124.8558438,
92111,124.7524865,
92112,124.4090631,
92113,124.403275,
92114,123.7294779,
92115,123.2347472,
92116,123.7639711,
92117,123.8872306,
92118,124.5065491,
92119,124.7095771,
92120,124.7085034,
92121,124.3147136,
92122,124.8908553,
92123,125.4083607,
92124,126.1053039,
92125,126.7394653,
92126,127.3920911,
92127,128.0727118,
92128,129.1027511,
92129,129.7959515,
92130,130.4321338,
92131,131.7585151,
92132,132.5457712,
92133,133.4285096,
92134,133.6605548,
92135,134.3775706,
92136,136.0571599,
92137,136.8967535,
92138,137.9484935,
92139,138.5267888,
92140,139.1208379,
92141,141.0311304,
92142,141.9817004,
92143,143.3762202,
92144,145.0169834,
92145,146.3110014,
92146,146.9334908,
92147,147.7254805,
92148,148.5901512,
92149,149.4243818,
92150,149.9362567,
92151,150.4534958,
92152,151.1258478,
92153,151.6560133,
92154,152.1074035,
92155,152.720715,
92156,152.5767606,
92157,152.7719262,
92158,153.0393581,
92159,153.073547,
92160,153.6050319,
92161,153.6416213,
92162,153.1795084,
92163,153.2415462,
92164,153.3051722,
92165,153.4376255,
92166,153.5013376,
92167,154.3720348,
92168,154.1331729,
92169,154.9798172,
92170,154.2515282,
92171,153.9638426,
92172,154.3182254,
92173,155.5050997,
92174,155.8315354,
92175,156.7694104,
92176,157.7773199,
92177,158.3052907,
92178,159.661681,
92179,160.0432417,
92180,161.7615037,
92181,163.0190005,
92182,163.7526194,
92183,164.7319434,
92184,164.8369201,
92185,166.1240164,
92186,167.1208656,
92187,167.0978707,
92188,167.5900551,
92189,167.8417161,
92190,168.6313101,
92191,169.1270612,
92192,169.2693379,
92193,169.4778974,
92194,169.6844317,
92195,169.3632953,
92196,169.0430747,
92197,169.2757187,
92198,169.039011,
92199,169.0037142,
92200,169.0956479,
92201,168.83995,
92202,168.2807356,
92203,168.0048774,
92204,167.7976269,
92205,167.0061295,
92206,166.1517095,
92207,165.1324296,
92208,164.8978556,
92209,164.6467516,
92210,163.6692529,
92211,162.8865483,
92212,161.9467733,
92213,161.6463907,
92214,160.552632,
92215,159.8060481,
92216,158.0962411,
92217,157.2824713,
92218,156.7837673,
92219,155.9241053,
92220,155.1945635,
92221,154.1610416,
92222,153.8014408,
92223,153.6358148,
92224,152.9540767,
92225,151.6752111,
92226,149.6136847,
92227,148.0111676,
92228,147.4689363,
92229,145.8280429,
92230,144.163849,
92231,142.2024923,
92232,141.4568583,
92233,140.2609418,
92234,138.3058607,
92235,137.0241737,
92236,136.4284377,
92237,135.7624738,
92238,134.4256677,
92239,133.1714176,
92240,132.627124,
92241,132.0211318,
92242,130.9706976,
92243,130.2828423,
92244,129.0799635,
92245,128.7925294,
92246,128.9954789,
92247,128.5569797,
92248,128.001651,
92249,127.8751636,
92250,127.4425888,
92251,127.2269681,
92252,127.2200345,
92253,126.8549739,
92254,126.9861814,
92255,127.503092,
92256,127.6929613,
92257,127.918243,
92258,128.2753306,
92259,128.1721155,
92260,128.4622673,
92261,128.7060694,
92262,129.5607027,
92263,129.5579642,
92264,129.9441988,
92265,130.0172779,
92266,130.6150861,
92267,131.1489388,
92268,131.2431728,
92269,132.1808566,
92270,133.3749267,
92271,134.2765821,
92272,134.6352389,
92273,134.8557938,
92274,135.5551789,
92275,136.351162,
92276,136.8508502,
92277,137.019619,
92278,136.9871037,
92279,137.7694936,
92280,138.398158,
92281,138.5315243,
92282,138.4111979,
92283,138.4301765,
92284,138.0978389,
92285,138.0787278,
92286,137.776949,
92287,137.2667169,
92288,136.8457359,
92289,136.4106481,
92290,135.8641077,
92291,135.7894881,
92292,135.330625,
92293,134.7154083,
92294,134.2849251,
92295,133.8490964,
92296,133.9703686,
92297,133.6146485,
92298,133.3905542,
92299,133.1388089,
92300,132.1286369,
92301,132.0435027,
92302,132.1556583,
92303,131.4581803,
92304,130.5562971,
92305,130.2471049,
92306,130.6464065,
92307,130.3128519,
92308,130.4729492,
92309,130.663959,
92310,131.2383147,
92311,130.7417138,
92312,131.6184773,
92313,132.7975594,
92314,133.1387325,
92315,132.8081808,
92316,132.2029159,
92317,132.1377858,
92318,131.1278416,
92319,130.5185058,
92320,130.7720748,
92321,130.6213825,
92322,129.7097522,
92323,128.1322423,
92324,127.1253226,
92325,126.2463613,
92326,125.4523171,
92327,124.6202625,
92328,122.6237635,
92329,121.2410439,
92330,120.9002949,
92331,119.6282623,
92332,117.9866049,
92333,117.0005882,
92334,116.1318021,
92335,115.4256972,
92336,114.1505629,
92337,112.497176,
92338,112.0575314,
92339,111.2078901,
92340,109.3764258,
92341,108.3178427,
92342,108.4563701,
92343,107.9129349,
92344,106.682103,
92345,106.1882288,
92346,105.8913858,
92347,105.7238959,
92348,105.1844965,
92349,104.9477217,
92350,104.8832657,
92351,104.8711479,
92352,104.7458254,
92353,104.4539826,
92354,104.2763268,
92355,104.250708,
92356,104.4278988,
92357,104.6501182,
92358,105.3925239,
92359,106.1357315,
92360,106.6934725,
92361,107.3900522,
92362,107.4527627,
92363,107.9850831,
92364,109.1349246,
92365,110.1228532,
92366,110.4108469,
92367,111.0791132,
92368,111.6865493,
92369,113.5349679,
92370,114.5985273,
92371,115.1281784,
92372,115.4563425,
92373,117.9161582,
92374,119.0371944,
92375,119.3532044,
92376,120.3669947,
92377,122.2304642,
92378,123.868336,
92379,124.1171948,
92380,125.6574915,
92381,127.2891365,
92382,129.2675953,
92383,130.1623169,
92384,131.452586,
92385,133.5486825,
92386,135.7293869,
92387,136.6821879,
92388,137.6060272,
92389,138.7847387,
92390,141.0940694,
92391,143.5209835,
92392,144.5334317,
92393,146.3463105,
92394,148.9855699,
92395,151.3831299,
92396,152.214621,
92397,153.8005463,
92398,156.949618,
92399,158.025076,
92400,159.0453135,
92401,161.2751202,
92402,163.1131172,
92403,163.3092784,
92404,165.5290612,
92405,166.3171654,
92406,167.6499416,
92407,167.9331613,
92408,168.7039277,
92409,168.6384276,
92410,169.9518473,
92411,171.3169316,
92412,172.5525537,
92413,173.0444393,
92414,173.9225711,
92415,175.5456262,
92416,175.866326,
92417,176.8732763,
92418,176.6215745,
92419,176.8051476,
92420,177.4632094,
92421,177.7212899,
92422,177.7782168,
92423,177.2860741,
92424,177.0213359,
92425,177.1839816,
92426,176.2295479,
92427,175.5475007,
92428,174.9812491,
92429,175.074632,
92430,175.0929659,
92431,174.8050977,
92432,174.6781308,
92433,174.1187061,
92434,173.7537438,
92435,172.8473646,
92436,171.4236842,
92437,170.5497858,
92438,170.3762104,
92439,169.5126928,
92440,168.6420387,
92441,167.7640815,
92442,167.103224,
92443,167.0235203,
92444,165.6478181,
92445,164.3378379,
92446,163.6804862,
92447,163.1809443,
92448,162.5298016,
92449,161.7737609,
92450,161.0024223,
92451,159.8801031,
92452,159.1871851,
92453,157.7073607,
92454,156.7396108,
92455,156.6539118,
92456,156.6006222,
92457,155.6610312,
92458,154.566027,
92459,154.0621086,
92460,154.6179626,
92461,153.1819098,
92462,153.262192,
92463,152.9496609,
92464,153.4596268,
92465,153.4729796,
92466,153.4730114,
92467,153.8160283,
92468,153.7507293,
92469,154.1829179,
92470,154.271997,
92471,154.3938269,
92472,154.5933118,
92473,154.8497661,
92474,155.3617027,
92475,155.7240191,
92476,156.3830002,
92477,156.8469422,
92478,157.1941891,
92479,157.6620899,
92480,158.3274512,
92481,159.1864989,
92482,159.5891953,
92483,160.1815359,
92484,161.0101174,
92485,162.0759267,
92486,162.6027338,
92487,163.5393916,
92488,164.410461,
92489,166.0213633,
92490,167.0386169,
92491,167.3617711,
92492,168.739827,
92493,170.4100611,
92494,171.2518536,
92495,172.681272,
92496,174.1720777,
92497,175.2677683,
92498,176.3325442,
92499,177.0277403,
92500,178.2325574,
92501,179.305451,
92502,180.3453508,
92503,181.2244363,
92504,181.3741886,
92505,183.6386129,
92506,185.9276816,
92507,186.5222736,
92508,187.8507829,
92509,189.5225205,
92510,190.9490848,
92511,191.6415354,
92512,192.3405577,
92513,193.2161844,
92514,195.0593165,
92515,196.2821088,
92516,196.907843,
92517,198.6119084,
92518,200.4455651,
92519,202.3719769,
92520,202.6819326,
92521,202.9535814,
92522,204.1928037,
92523,205.1549429,
92524,205.9991884,
92525,206.3473064,
92526,206.8214114,
92527,207.643568,
92528,208.5646454,
92529,209.1512865,
92530,209.2399169,
92531,209.0370228,
92532,208.443064,
92533,208.4589957,
92534,208.8058937,
92535,209.1103396,
92536,209.3550259,
92537,209.8142347,
92538,210.4931946,
92539,210.8666479,
92540,211.1742513,
92541,211.1611975,
92542,211.1009745,
92543,211.0823373,
92544,210.816983,
92545,210.6011678,
92546,210.5002393,
92547,210.3815883,
92548,210.2308931,
92549,209.9978586,
92550,209.8057618,
92551,209.3993705,
92552,209.4660234,
92553,209.4964983,
92554,209.4999648,
92555,209.467163,
92556,209.5257912,
92557,209.3057049,
92558,208.9979119,
92559,208.8236855,
92560,208.6449618,
92561,208.5790115,
92562,208.2549575,
92563,208.2957703,
92564,208.0729933,
92565,208.109155,
92566,207.3361762,
92567,206.9301888,
92568,206.7220884,
92569,206.5098858,
92570,206.621672,
92571,206.5003335,
92572,206.4277479,
92573,206.0861013,
92574,206.4308355,
92575,206.1084792,
92576,205.9423647,
92577,205.7373057,
92578,206.0506586,
92579,206.2820754,
92580,205.8125024,
92581,206.0196153,
92582,205.788236,
92583,205.5641197,
92584,205.1821287,
92585,204.8562407,
92586,204.2577458,
92587,203.6561108,
92588,202.9656534,
92589,202.5177236,
92590,202.2595363,
92591,201.400576,
92592,200.9562235,
92593,200.7394034,
92594,200.6623276,
92595,200.175222,
92596,199.9938135,
92597,198.9209597,
92598,197.6388305,
92599,196.7701511,
92600,196.518101,
92601,195.344603,
92602,194.6265741,
92603,193.914223,
92604,193.7553182,
92605,193.0602025,
92606,192.4212496,
92607,191.7045951,
92608,191.1101304,
92609,190.8996954,
92610,190.6572068,
92611,189.802902,
92612,188.928576,
92613,188.8380699,
92614,188.308348,
92615,188.0326517,
92616,187.7351715,
92617,187.5454343,
92618,187.3644353,
92619,186.9346309,
92620,186.3238682,
92621,185.7054366,
92622,185.1137218,
92623,184.2867395,
92624,184.0220486,
92625,183.6669908,
92626,183.4105615,
92627,183.600545,
92628,183.3899765,
92629,182.8067593,
92630,182.8068517,
92631,182.6710253,
92632,182.123657,
92633,181.8123829,
92634,181.8910784,
92635,181.15344,
92636,181.9005619,
92637,181.1782688,
92638,181.4372536,
92639,180.7725643,
92640,182.1981097,
92641,180.5858527,
92642,180.3994563,
92643,180.5938938,
92644,180.2852231,
92645,179.9664343,
92646,179.1864695,
92647,179.6720536,
92648,179.2391504,
92649,178.7864028,
92650,178.4923352,
92651,179.5110707,
92652,179.2558309,
92653,178.960054,
92654,179.2085098,
92655,178.4122712,
92656,177.6986824,
92657,177.8555887,
92658,177.5025203,
92659,177.1684127,
92660,176.9842803,
92661,177.643431,
92662,177.9252003,
92663,177.4123255,
92664,177.1316456,
92665,177.1697163,
92666,177.4090114,
92667,177.2944455,
92668,176.7955533,
92669,176.8594104,
92670,177.180088,
92671,177.4127417,
92672,177.4046387,
92673,177.5484862,
92674,177.7603528,
92675,177.886711,
92676,178.3741513,
92677,178.6847105,
92678,178.9728263,
92679,179.6833236,
92680,180.4762332,
92681,181.3023291,
92682,181.2152408,
92683,182.0067688,
92684,183.0464744,
92685,184.0248056,
92686,184.4714914,
92687,185.2445574,
92688,186.9169506,
92689,187.8524153,
92690,188.5410469,
92691,189.2992842,
92692,190.2262979,
92693,191.0541866,
92694,191.8352866,
92695,192.9206878,
92696,194.4831378,
92697,195.4449216,
92698,195.8331966,
92699,196.1368423,
92700,196.4952107,
92701,198.1333554,
92702,198.7507999,
92703,199.5802243,
92704,200.2853553,
92705,201.9220142,
92706,203.7200359,
92707,204.4843506,
92708,205.6373674,
92709,206.7733347,
92710,208.7401501,
92711,209.9080594,
92712,209.9941485,
92713,212.6222697,
92714,213.8109083,
92715,215.2721409,
92716,216.5690758,
92717,217.1047031,
92718,217.7801818,
92719,218.4455389,
92720,218.9830258,
92721,219.4080398,
92722,220.8552916,
92723,222.7411356,
92724,223.3003486,
92725,224.2665121,
92726,225.7737074,
92727,227.2274535,
92728,227.5646884,
92729,228.260256,
92730,230.0170452,
92731,230.6666189,
92732,231.6635463,
92733,232.8129093,
92734,233.7917207,
92735,235.3546433,
92736,236.1502827,
92737,237.0589121,
92738,238.5914851,
92739,240.7539557,
92740,241.1965573,
92741,243.1161829,
92742,244.4216562,
92743,245.3434678,
92744,245.6817954,
92745,246.1601214,
92746,247.0854406,
92747,248.3642849,
92748,248.2989658,
92749,249.5966932,
92750,250.0719874,
92751,250.5395973,
92752,250.3039611,
92753,250.1304435,
92754,250.3144515,
92755,250.3605137,
92756,251.2729294,
92757,251.8727503,
92758,252.2022936,
92759,252.8210168,
92760,253.4863669,
92761,253.5930715,
92762,254.215355,
92763,255.0030005,
92764,255.2077599,
92765,255.5974461,
92766,256.2097623,
92767,256.5531427,
92768,256.735585,
92769,256.9685673,
92770,257.0237171,
92771,256.4673981,
92772,256.3982316,
92773,256.0728125,
92774,256.2823091,
92775,256.49584,
92776,256.2595063,
92777,255.9570479,
92778,255.5912945,
92779,255.324875,
92780,254.7003642,
92781,254.0875544,
92782,253.4635848,
92783,253.4353282,
92784,253.6060531,
92785,253.139828,
92786,252.9540772,
92787,252.6229315,
92788,252.5368153,
92789,252.2414243,
92790,251.7968993,
92791,251.5352956,
92792,251.5772834,
92793,251.4669371,
92794,250.8287783,
92795,250.4917531,
92796,249.8934529,
92797,249.0263803,
92798,247.8681473,
92799,246.8843405,
92800,246.4692507,
92801,245.9912982,
92802,245.087883,
92803,243.9231802,
92804,243.0652852,
92805,242.4326563,
92806,241.620405,
92807,240.2015644,
92808,238.448752,
92809,238.2426992,
92810,237.4792528,
92811,236.4738932,
92812,235.3417657,
92813,235.2552229,
92814,234.9491269,
92815,234.2001843,
92816,232.2163654,
92817,231.3768533,
92818,230.0163253,
92819,228.1509132,
92820,227.2331063,
92821,226.8252812,
92822,225.3406598,
92823,223.5586347,
92824,221.8825766,
92825,221.127369,
92826,219.6550056,
92827,218.1225491,
92828,216.7191377,
92829,215.1505553,
92830,214.5782205,
92831,213.2680691,
92832,210.6316468,
92833,208.2109454,
92834,207.454654,
92835,206.3788768,
92836,204.8963269,
92837,202.5093189,
92838,201.918071,
92839,200.8990978,
92840,198.0301157,
92841,195.9690091,
92842,194.809316,
92843,194.502967,
92844,193.3392344,
92845,191.270443,
92846,189.8212748,
92847,188.9367864,
92848,186.7137933,
92849,184.689007,
92850,183.2836557,
92851,182.4744219,
92852,179.9328785,
92853,177.5693086,
92854,176.3484704,
92855,175.6313211,
92856,173.4502727,
92857,171.4233807,
92858,170.1645691,
92859,168.2437234,
92860,165.8230298,
92861,165.009006,
92862,163.8833805,
92863,161.5710516,
92864,159.3360925,
92865,158.4834753,
92866,156.9140102,
92867,154.2569901,
92868,153.3754691,
92869,152.848972,
92870,150.4167482,
92871,148.0076942,
92872,147.0734025,
92873,146.1257694,
92874,144.6598423,
92875,143.4059806,
92876,143.1256648,
92877,141.6661615,
92878,140.0039737,
92879,139.9181069,
92880,139.0468147,
92881,138.1595775,
92882,137.2046518,
92883,136.942718,
92884,136.5445841,
92885,135.6027396,
92886,135.307877,
92887,135.1120053,
92888,134.2758705,
92889,133.7497233,
92890,133.6520985,
92891,133.9901692,
92892,133.6048175,
92893,133.8591225,
92894,133.7141883,
92895,133.5814352,
92896,133.7637313,
92897,134.245945,
92898,134.4281578,
92899,134.8796265,
92900,135.150109,
92901,134.8563278,
92902,135.3945332,
92903,135.7964166,
92904,136.7538411,
92905,137.7331282,
92906,138.0809818,
92907,138.9886134,
92908,139.3744109,
92909,140.4074864,
92910,141.324397,
92911,141.6259339,
92912,142.7734214,
92913,143.4626864,
92914,145.1562009,
92915,145.3961072,
92916,146.8167008,
92917,147.4667887,
92918,148.7287347,
92919,150.0964505,
92920,150.4099739,
92921,151.5610702,
92922,153.7361722,
92923,154.5759835,
92924,155.3591282,
92925,156.6311117,
92926,157.7524252,
92927,159.5052384,
92928,160.6275302,
92929,161.0174106,
92930,163.2222489,
92931,165.9780395,
92932,167.5175901,
92933,168.4763556,
92934,169.8905292,
92935,172.6298158,
92936,174.3399105,
92937,175.5424878,
92938,178.0637228,
92939,180.5065432,
92940,181.0166853,
92941,183.06398,
92942,185.0398213,
92943,185.4803449,
92944,187.3964823,
92945,189.9906243,
92946,191.7705238,
92947,192.0433665,
92948,193.6130897,
92949,195.6307078,
92950,197.8274106,
92951,198.492312,
92952,199.9034587,
92953,201.9962612,
92954,202.5279199,
92955,203.0608707,
92956,202.9414136,
92957,205.0186796,
92958,205.2831151,
92959,205.410818,
92960,205.0264102,
92961,205.3293161,
92962,205.1506991,
92963,204.6310687,
92964,204.8809096,
92965,204.928463,
92966,204.6981938,
92967,204.9691085,
92968,204.9259427,
92969,205.0421362,
92970,204.8785048,
92971,204.7887594,
92972,203.55894,
92973,203.6793399,
92974,203.1425032,
92975,203.4006816,
92976,202.8373952,
92977,202.6983763,
92978,202.3196201,
92979,202.0291508,
92980,202.180493,
92981,202.0394893,
92982,202.2621789,
92983,202.4331212,
92984,201.4909522,
92985,201.400958,
92986,201.4244871,
92987,201.3441355,
92988,201.1118764,
92989,201.1142181,
92990,201.3551113,
92991,201.4397062,
92992,201.4600254,
92993,202.1778061,
92994,202.4760764,
92995,202.4977919,
92996,203.1855194,
92997,203.5751087,
92998,203.3968194,
92999,203.2413216,
93000,202.8240602,
93001,202.734857,
93002,202.4882779,
93003,202.1098333,
93004,202.1490184,
93005,201.867947,
93006,201.3561425,
93007,201.0089384,
93008,200.8418767,
93009,200.6528154,
93010,200.0558401,
93011,199.7836291,
93012,199.583279,
93013,199.2508207,
93014,199.2629731,
93015,198.8069015,
93016,198.3459386,
93017,198.1669312,
93018,197.7713881,
93019,197.6670945,
93020,197.773331,
93021,197.6500777,
93022,197.7125812,
93023,197.4404874,
93024,197.47701,
93025,197.3848203,
93026,197.5818053,
93027,197.21471,
93028,197.0710193,
93029,196.7676332,
93030,196.3567837,
93031,196.0703637,
93032,195.2606866,
93033,194.74916,
93034,194.203911,
93035,193.7916121,
93036,192.9531807,
93037,193.3022485,
93038,193.2071062,
93039,193.1388685,
93040,193.0592038,
93041,192.5744029,
93042,192.5358881,
93043,192.5012762,
93044,192.4766584,
93045,192.2749994,
93046,191.9487916,
93047,192.0180159,
93048,192.3798664,
93049,192.9973383,
93050,193.5384958,
93051,194.1156877,
93052,194.1997147,
93053,194.4707175,
93054,195.5552086,
93055,196.0998986,
93056,196.3465323,
93057,196.8239986,
93058,197.6159186,
93059,198.540189,
93060,199.6538672,
93061,199.9561392,
93062,201.0455421,
93063,201.9613536,
93064,202.6387766,
93065,204.4285922,
93066,205.201212,
93067,206.0903875,
93068,207.67973,
93069,207.4668132,
93070,207.2771717,
93071,207.5584221,
93072,208.2415829,
93073,209.2234567,
93074,209.5369293,
93075,209.1635527,
93076,209.2752008,
93077,209.3058608,
93078,209.1311856,
93079,209.4146173,
93080,208.8662933,
93081,208.5194944,
93082,207.7989109,
93083,207.3373922,
93084,207.1020368,
93085,206.9779293,
93086,206.6996493,
93087,206.4218768,
93088,206.1493588,
93089,205.7398794,
93090,205.486174,
93091,205.2298696,
93092,205.1072207,
93093,205.3099124,
93094,205.3238383,
93095,204.9071983,
93096,204.6979549,
93097,203.1939887,
93098,202.980963,
93099,202.4759708,
93100,202.6455469,
93101,202.7722812,
93102,202.4057377,
93103,202.5748422,
93104,200.7662875,
93105,199.3873742,
93106,199.2102821,
93107,198.4818559,
93108,198.4552299,
93109,198.748821,
93110,198.3541367,
93111,197.1986724,
93112,196.074682,
93113,195.8165046,
93114,194.5831936,
93115,191.7405854,
93116,190.2950886,
93117,189.1674449,
93118,187.1337932,
93119,185.5648176,
93120,184.339612,
93121,183.7291679,
93122,181.3606829,
93123,179.1961536,
93124,177.9417749,
93125,176.3446222,
93126,173.7454429,
93127,171.8884733,
93128,170.9006248,
93129,168.1006995,
93130,165.5539609,
93131,165.0487522,
93132,163.8135026,
93133,161.9349363,
93134,159.7253988,
93135,158.9675673,
93136,157.6574107,
93137,155.8705513,
93138,152.9464798,
93139,152.4865859,
93140,150.2448451,
93141,148.2632694,
93142,146.3013422,
93143,145.3156041,
93144,143.6036359,
93145,141.8027544,
93146,140.1650374,
93147,139.7688013,
93148,138.4785545,
93149,136.4882773,
93150,134.7579922,
93151,134.4233316,
93152,132.0485553,
93153,129.7941908,
93154,129.0181672,
93155,128.2868581,
93156,126.892044,
93157,125.5500428,
93158,124.843905,
93159,124.6257752,
93160,122.9260835,
93161,121.604971,
93162,120.7545286,
93163,119.6405103,
93164,118.3844826,
93165,116.5708169,
93166,114.6324426,
93167,114.1764217,
93168,112.3114071,
93169,109.617539,
93170,108.6988009,
93171,107.2765866,
93172,105.9428565,
93173,104.3294969,
93174,103.9990076,
93175,103.4239334,
93176,101.7249354,
93177,100.3078701,
93178,99.25368608,
93179,97.6579887,
93180,95.9365439,
93181,94.72081991,
93182,94.4714354,
93183,93.04858441,
93184,92.07374392,
93185,92.12137089,
93186,90.63978394,
93187,90.05125484,
93188,89.84885051,
93189,90.06199516,
93190,89.37938423,
93191,88.49305535,
93192,88.15645184,
93193,87.78122304,
93194,87.68871157,
93195,87.96398681,
93196,88.39676101,
93197,89.03165661,
93198,89.77028449,
93199,89.86135562,
93200,90.09632314,
93201,90.95718141,
93202,91.78492899,
93203,92.47011397,
93204,92.73445367,
93205,94.25852955,
93206,95.77941921,
93207,96.64062457,
93208,97.73091623,
93209,98.56716012,
93210,100.0704264,
93211,101.0498221,
93212,102.5314243,
93213,103.8456716,
93214,105.7714116,
93215,106.9339514,
93216,107.492051,
93217,108.4979049,
93218,109.4877444,
93219,111.4863988,
93220,112.4570772,
93221,113.2521496,
93222,115.7489706,
93223,118.225213,
93224,119.2992386,
93225,120.4594707,
93226,123.1021295,
93227,125.2214474,
93228,125.8958649,
93229,128.4115482,
93230,131.6126749,
93231,132.7721139,
93232,134.3677486,
93233,136.5114553,
93234,138.664637,
93235,140.3560162,
93236,141.9281195,
93237,144.4430041,
93238,145.4166642,
93239,146.878738,
93240,148.8881274,
93241,150.4221743,
93242,151.0248124,
93243,151.6410374,
93244,152.9524073,
93245,154.1464243,
93246,154.6157485,
93247,155.3129442,
93248,156.4542029,
93249,157.3984001,
93250,158.0578464,
93251,159.4420355,
93252,159.866802,
93253,161.3037714,
93254,163.0417419,
93255,164.1457127,
93256,165.2661307,
93257,167.1444637,
93258,168.4373909,
93259,169.5560314,
93260,170.4216029,
93261,172.0590741,
93262,173.7268837,
93263,174.0170505,
93264,176.2274266,
93265,178.0353412,
93266,178.6281893,
93267,179.6662901,
93268,181.6923801,
93269,182.7767052,
93270,183.3851894,
93271,184.0675359,
93272,184.8208306,
93273,185.7412549,
93274,186.1626973,
93275,186.4204351,
93276,186.2442208,
93277,187.6210985,
93278,189.3544105,
93279,189.9099238,
93280,190.981246,
93281,192.4293957,
93282,193.1690393,
93283,193.2447169,
93284,194.1336713,
93285,195.6879678,
93286,197.1218749,
93287,197.9543163,
93288,199.0243171,
93289,199.7323328,
93290,200.4734786,
93291,200.9300078,
93292,202.0737539,
93293,202.6438545,
93294,202.6525444,
93295,202.8538702,
93296,203.0386466,
93297,203.3687994,
93298,203.3173801,
93299,202.797071,
93300,202.6323449,
93301,202.4449245,
93302,202.5141858,
93303,202.3160226,
93304,201.5711707,
93305,200.7087284,
93306,200.8136563,
93307,200.535072,
93308,200.5136479,
93309,199.8170989,
93310,199.3412666,
93311,199.1951711,
93312,199.4981116,
93313,199.6007024,
93314,199.0805579,
93315,199.0249878,
93316,199.0388481,
93317,199.067137,
93318,198.5454238,
93319,199.2300475,
93320,199.6878046,
93321,199.772989,
93322,199.7221852,
93323,199.9279175,
93324,199.9974999,
93325,200.4912335,
93326,200.6211616,
93327,200.9622589,
93328,201.5318154,
93329,202.2745923,
93330,202.5950279,
93331,202.8554628,
93332,203.3464879,
93333,203.8528888,
93334,204.0770759,
93335,204.00101,
93336,203.8686547,
93337,203.9408507,
93338,203.8039044,
93339,203.5572579,
93340,203.1889835,
93341,202.6984213,
93342,201.9288246,
93343,201.2585465,
93344,201.0818367,
93345,200.0325653,
93346,198.6780307,
93347,198.1373952,
93348,197.571988,
93349,196.584344,
93350,195.524506,
93351,193.7849661,
93352,193.4058752,
93353,191.8863969,
93354,190.700434,
93355,189.3713852,
93356,188.6104643,
93357,188.0991097,
93358,185.78417,
93359,183.9170997,
93360,183.102912,
93361,181.9830575,
93362,180.3599729,
93363,178.2105479,
93364,177.3669839,
93365,176.359246,
93366,173.8275742,
93367,172.3418919,
93368,171.881817,
93369,171.6058411,
93370,170.5958245,
93371,167.8615099,
93372,166.0142597,
93373,165.7987793,
93374,164.0871681,
93375,161.160212,
93376,159.8732421,
93377,159.0996532,
93378,158.7677802,
93379,156.3289469,
93380,154.6854698,
93381,153.1532626,
93382,152.1180751,
93383,149.2871531,
93384,147.5747184,
93385,146.0195669,
93386,144.7962817,
93387,142.6873236,
93388,140.6288858,
93389,139.2338255,
93390,138.2255,
93391,135.3629921,
93392,132.8452429,
93393,132.3394752,
93394,130.4424312,
93395,127.892761,
93396,126.6118197,
93397,124.9911266,
93398,121.8242102,
93399,119.1401067,
93400,118.6747836,
93401,116.2261284,
93402,113.4213972,
93403,112.390974,
93404,111.1204027,
93405,108.4199266,
93406,106.2855021,
93407,105.0442254,
93408,103.0266202,
93409,100.5627519,
93410,99.43358535,
93411,98.33393498,
93412,96.15955844,
93413,95.01404972,
93414,94.20444553,
93415,91.94261133,
93416,90.1718001,
93417,89.08055394,
93418,88.46146236,
93419,87.40539523,
93420,86.94747842,
93421,86.4170632,
93422,86.45952292,
93423,86.67180461,
93424,86.58045914,
93425,87.19262674,
93426,87.37130884,
93427,87.63524433,
93428,87.91369887,
93429,88.34020901,
93430,88.33438132,
93431,88.99480973,
93432,89.00669529,
93433,89.53434874,
93434,91.34270349,
93435,92.91853306,
93436,93.09501259,
93437,93.77792902,
93438,95.79130781,
93439,97.51080864,
93440,98.28835065,
93441,100.2881047,
93442,102.8373003,
93443,103.85101,
93444,105.0073982,
93445,106.9818803,
93446,108.8402859,
93447,109.2477691,
93448,111.7438844,
93449,113.9496853,
93450,116.3134435,
93451,117.1204203,
93452,119.6993697,
93453,121.6669864,
93454,122.8916472,
93455,124.9609787,
93456,128.1764841,
93457,128.9181366,
93458,130.45805,
93459,133.298328,
93460,135.9847265,
93461,136.9882442,
93462,139.2442841,
93463,142.52769,
93464,144.5086038,
93465,145.1029145,
93466,147.8616107,
93467,149.586276,
93468,151.7913879,
93469,152.553859,
93470,154.9299599,
93471,158.105151,
93472,159.6873089,
93473,161.6597333,
93474,163.931701,
93475,165.918592,
93476,165.9861904,
93477,167.2289583,
93478,168.943013,
93479,171.1456218,
93480,171.5471627,
93481,173.3731446,
93482,173.5039728,
93483,174.4345101,
93484,175.0666981,
93485,176.0473051,
93486,176.8717115,
93487,177.734977,
93488,178.5492709,
93489,180.4304034,
93490,181.4897111,
93491,183.007131,
93492,183.494345,
93493,185.7193404,
93494,188.0038961,
93495,188.7461794,
93496,191.5007196,
93497,193.8508838,
93498,194.8669161,
93499,196.7526838,
93500,198.6752286,
93501,201.281171,
93502,201.6189327,
93503,204.1992151,
93504,206.127685,
93505,207.7075099,
93506,208.850467,
93507,210.9624763,
93508,212.4191576,
93509,212.4498065,
93510,215.0399131,
93511,217.6626688,
93512,219.0720679,
93513,219.8282372,
93514,222.4936328,
93515,223.912851,
93516,224.6433387,
93517,226.4956688,
93518,228.8554344,
93519,228.9450539,
93520,229.5369986,
93521,231.3343513,
93522,231.8083913,
93523,232.7862486,
93524,232.9217042,
93525,233.6413995,
93526,235.9464483,
93527,236.1239852,
93528,236.8575177,
93529,238.4473031,
93530,239.3276487,
93531,239.6342811,
93532,239.2335175,
93533,239.8113354,
93534,240.9941366,
93535,241.4810189,
93536,242.165459,
93537,243.0325003,
93538,243.4020829,
93539,243.1810043,
93540,244.2492921,
93541,244.8954076,
93542,245.4410211,
93543,246.5015836,
93544,247.1978509,
93545,247.3391014,
93546,246.8454446,
93547,246.9881954,
93548,247.3845436,
93549,247.5752308,
93550,247.6889128,
93551,247.6989576,
93552,247.1409528,
93553,246.4762498,
93554,245.6411865,
93555,244.929552,
93556,244.6411573,
93557,244.4188938,
93558,244.1068196,
93559,243.7809784,
93560,243.4296169,
93561,242.9182507,
93562,241.7722086,
93563,240.075573,
93564,239.2190087,
93565,238.5263123,
93566,237.364862,
93567,235.896648,
93568,234.8870838,
93569,234.4141756,
93570,233.9735883,
93571,232.2444479,
93572,229.8095444,
93573,229.4263496,
93574,228.3382742,
93575,226.8231243,
93576,225.088911,
93577,224.437417,
93578,224.2699248,
93579,222.1352472,
93580,221.3636061,
93581,220.4297944,
93582,220.8309059,
93583,219.7996461,
93584,218.9017097,
93585,218.6756871,
93586,218.4995672,
93587,217.8902232,
93588,217.7119441,
93589,217.5449486,
93590,217.2446565,
93591,217.3404113,
93592,216.7430079,
93593,215.8335938,
93594,215.5067805,
93595,215.3022408,
93596,215.2645338,
93597,215.5195524,
93598,215.3229913,
93599,215.3904431,
93600,215.465903,
93601,215.1045961,
93602,214.6088022,
93603,214.5427827,
93604,214.7356195,
93605,215.283643,
93606,215.3831131,
93607,215.3724393,
93608,215.4112837,
93609,215.9623818,
93610,215.6686775,
93611,215.9036338,
93612,216.3466135,
93613,216.6492713,
93614,216.3753904,
93615,216.0162129,
93616,216.2356122,
93617,216.0515567,
93618,215.9644146,
93619,215.8280111,
93620,215.3353418,
93621,215.2089099,
93622,214.3271578,
93623,213.1017997,
93624,212.0305494,
93625,211.1206864,
93626,210.4893018,
93627,209.2789431,
93628,208.1709132,
93629,207.0912185,
93630,206.8798947,
93631,204.2264717,
93632,202.919464,
93633,202.018122,
93634,200.6671063,
93635,199.028204,
93636,197.460618,
93637,196.6058786,
93638,194.0569855,
93639,192.506586,
93640,191.7019515,
93641,191.1223721,
93642,189.4913179,
93643,188.3658965,
93644,187.476218,
93645,185.6054137,
93646,183.4004897,
93647,182.3593316,
93648,181.6922301,
93649,180.3033325,
93650,178.2250874,
93651,177.2127305,
93652,175.7890389,
93653,173.481214,
93654,170.9624456,
93655,170.7235115,
93656,168.9183638,
93657,166.233491,
93658,164.3736379,
93659,163.5852252,
93660,160.6610723,
93661,158.4920711,
93662,157.6322571,
93663,155.9295306,
93664,153.3881875,
93665,152.2962298,
93666,150.6303885,
93667,146.4849614,
93668,145.3292865,
93669,144.4594673,
93670,142.5745436,
93671,140.6187938,
93672,139.1316651,
93673,138.6087388,
93674,136.1365848,
93675,132.714365,
93676,131.9488416,
93677,130.958434,
93678,128.2568848,
93679,124.7891073,
93680,124.1299546,
93681,122.1036424,
93682,118.8678591,
93683,116.2606903,
93684,114.9282415,
93685,111.7519027,
93686,109.0209846,
93687,107.9720793,
93688,104.5844121,
93689,100.8729,
93690,100.4685097,
93691,98.52300903,
93692,96.46152083,
93693,94.54345985,
93694,93.45514284,
93695,90.82847441,
93696,87.4498401,
93697,86.47002499,
93698,84.65170788,
93699,82.55371126,
93700,81.83106462,
93701,80.6694984,
93702,80.15427527,
93703,77.70607732,
93704,75.62300019,
93705,74.39152897,
93706,72.44790502,
93707,70.25597191,
93708,70.23005689,
93709,69.41187918,
93710,67.33452416,
93711,66.38088052,
93712,65.93815128,
93713,65.53838637,
93714,65.37750043,
93715,65.34607772,
93716,65.62882071,
93717,65.83174079,
93718,65.65548067,
93719,65.6098677,
93720,65.49900871,
93721,65.1754239,
93722,65.40014363,
93723,65.87991133,
93724,66.5280246,
93725,67.76663137,
93726,68.10308191,
93727,68.09752805,
93728,68.51536941,
93729,69.07477648,
93730,70.10002559,
93731,70.43369369,
93732,71.44427101,
93733,73.42803955,
93734,73.94131206,
93735,74.93942126,
93736,76.51363028,
93737,78.36801945,
93738,79.19664414,
93739,82.17035761,
93740,84.34568666,
93741,85.29136435,
93742,86.3548697,
93743,89.37456154,
93744,90.34028895,
93745,91.55120894,
93746,93.5084361,
93747,96.76703089,
93748,97.55694716,
93749,99.01573615,
93750,101.8340477,
93751,104.3909562,
93752,104.6429208,
93753,107.1383959,
93754,110.4073425,
93755,111.1772187,
93756,112.5533839,
93757,114.8126802,
93758,117.2983495,
93759,117.1947049,
93760,120.3182174,
93761,124.2560985,
93762,125.7288149,
93763,126.7980216,
93764,129.1768573,
93765,132.0761858,
93766,132.6480629,
93767,135.1804259,
93768,138.4756232,
93769,140.585764,
93770,141.7205885,
93771,144.5388833,
93772,146.8988556,
93773,147.5993094,
93774,150.9568459,
93775,154.6972016,
93776,156.0552949,
93777,158.2419445,
93778,160.6913675,
93779,162.5968176,
93780,162.252729,
93781,166.1727796,
93782,169.4835557,
93783,169.3942211,
93784,172.3369118,
93785,175.6635831,
93786,176.1422264,
93787,177.279905,
93788,180.9060224,
93789,182.9040602,
93790,183.8358753,
93791,186.5841559,
93792,190.0449722,
93793,190.5488066,
93794,192.5191414,
93795,195.2026313,
93796,198.0956564,
93797,198.5292303,
93798,200.1900454,
93799,202.9215791,
93800,204.6281696,
93801,205.3427578,
93802,206.9850939,
93803,208.3393138,
93804,208.7986225,
93805,209.3668494,
93806,210.555197,
93807,211.9625038,
93808,212.3217712,
93809,212.9233408,
93810,212.9911937,
93811,213.1029393,
93812,214.4342096,
93813,215.3676212,
93814,215.3833572,
93815,215.6519523,
93816,215.854457,
93817,216.2816396,
93818,216.5785989,
93819,216.9018138,
93820,217.092928,
93821,217.224014,
93822,217.9004507,
93823,218.0651334,
93824,218.3091037,
93825,218.6117911,
93826,218.5667119,
93827,218.4092169,
93828,218.4636661,
93829,218.2993912,
93830,218.2625461,
93831,218.0862997,
93832,218.0217957,
93833,218.1183313,
93834,217.8122777,
93835,217.2053925,
93836,216.9434812,
93837,216.6880596,
93838,216.9314023,
93839,217.2676755,
93840,217.2378539,
93841,216.7161423,
93842,216.6753517,
93843,215.9916883,
93844,215.7170184,
93845,215.3980884,
93846,215.0930592,
93847,214.7478971,
93848,214.0081774,
93849,213.3329364,
93850,212.8006292,
93851,211.9727522,
93852,211.1891446,
93853,210.5850878,
93854,210.0087098,
93855,209.4538288,
93856,208.6989889,
93857,208.1037639,
93858,207.181161,
93859,206.250795,
93860,204.8670648,
93861,203.629514,
93862,203.1687319,
93863,203.0479768,
93864,202.0902845,
93865,200.9319707,
93866,200.9150238,
93867,200.5271822,
93868,200.1653898,
93869,199.6608092,
93870,199.7768269,
93871,199.8957363,
93872,200.2046763,
93873,200.4564883,
93874,200.5976807,
93875,200.5669949,
93876,200.831754,
93877,200.9970842,
93878,201.1476803,
93879,201.5415728,
93880,201.6994767,
93881,202.1134857,
93882,202.2360162,
93883,202.2636136,
93884,202.7185454,
93885,203.0546587,
93886,203.3366182,
93887,203.3542188,
93888,203.4395533,
93889,204.0010011,
93890,204.1398971,
93891,203.9303264,
93892,203.9384007,
93893,204.1338095,
93894,204.3561608,
93895,204.107759,
93896,203.9837982,
93897,203.9386222,
93898,204.0600844,
93899,203.4763956,
93900,203.1663852,
93901,202.5522481,
93902,202.2916493,
93903,201.8621063,
93904,201.1279524,
93905,199.9687702,
93906,199.029654,
93907,198.3110407,
93908,196.9908193,
93909,195.2959951,
93910,194.3953656,
93911,193.696079,
93912,192.2320251,
93913,190.4636955,
93914,189.0664918,
93915,188.8768998,
93916,187.4489809,
93917,185.2513832,
93918,182.6285595,
93919,182.4700926,
93920,180.0135321,
93921,177.7024774,
93922,176.6267601,
93923,175.2792719,
93924,172.4488282,
93925,169.6189376,
93926,169.6135147,
93927,168.1867788,
93928,165.7108392,
93929,163.7196034,
93930,162.6132777,
93931,159.675901,
93932,157.4665728,
93933,156.3309222,
93934,154.5197795,
93935,152.7981,
93936,150.4176263,
93937,150.2478638,
93938,149.0034462,
93939,146.124822,
93940,144.4444058,
93941,143.7416086,
93942,142.8103955,
93943,141.2055229,
93944,140.1157747,
93945,140.2851138,
93946,139.3914419,
93947,137.435804,
93948,135.5748111,
93949,134.9433297,
93950,133.8633076,
93951,132.3476409,
93952,131.5312173,
93953,130.7628704,
93954,128.8720893,
93955,127.9951322,
93956,127.5730612,
93957,126.7553338,
93958,125.6417845,
93959,124.7962953,
93960,124.6789619,
93961,123.8625982,
93962,122.9391556,
93963,122.5705196,
93964,121.4550049,
93965,120.4075681,
93966,120.5788718,
93967,120.7760438,
93968,121.1200752,
93969,121.1457958,
93970,120.9567741,
93971,120.9686791,
93972,120.7780183,
93973,120.8425201,
93974,121.0587502,
93975,121.4210233,
93976,121.8697278,
93977,122.117569,
93978,121.7153226,
93979,122.2687622,
93980,122.2857867,
93981,122.7123371,
93982,124.3878195,
93983,125.464757,
93984,125.3964722,
93985,126.3822331,
93986,127.9796276,
93987,128.5378963,
93988,129.8472845,
93989,131.290441,
93990,133.1986914,
93991,133.9150453,
93992,135.9902245,
93993,137.5415943,
93994,138.3573511,
93995,140.4267344,
93996,142.2753961,
93997,143.2965224,
93998,144.7110467,
93999,146.0980087,
94000,147.9318982,
94001,149.351889,
94002,150.4129836,
94003,154.1553669,
94004,156.357009,
94005,157.0372806,
94006,158.9440786,
94007,161.7928625,
94008,162.9236213,
94009,164.7147558,
94010,168.1001322,
94011,169.9769937,
94012,171.3910061,
94013,174.3732233,
94014,177.2943673,
94015,178.8499958,
94016,180.9697424,
94017,183.8813638,
94018,185.1670583,
94019,186.2417531,
94020,188.4396538,
94021,192.0263201,
94022,193.1623395,
94023,196.0729056,
94024,199.6612557,
94025,200.7363957,
94026,202.4360499,
94027,204.6174414,
94028,206.1817994,
94029,207.0145949,
94030,208.0487508,
94031,209.6682467,
94032,211.6763557,
94033,213.4157297,
94034,214.4597037,
94035,216.0325951,
94036,216.0279909,
94037,217.0096322,
94038,218.9879902,
94039,220.0808213,
94040,221.3807841,
94041,222.7546571,
94042,224.2942287,
94043,224.5883788,
94044,224.926402,
94045,226.2740684,
94046,227.513682,
94047,228.4456227,
94048,229.2441502,
94049,230.8196435,
94050,231.0452207,
94051,231.793214,
94052,233.686929,
94053,234.7928795,
94054,235.5924619,
94055,237.1182218,
94056,238.2324072,
94057,238.028036,
94058,238.4304298,
94059,239.0699281,
94060,239.8932578,
94061,239.8172346,
94062,240.4821146,
94063,241.1965566,
94064,241.4560782,
94065,241.8779482,
94066,242.1897793,
94067,242.4501205,
94068,242.6871776,
94069,242.8916756,
94070,243.3777605,
94071,243.4920908,
94072,243.6517556,
94073,243.9625731,
94074,244.6599447,
94075,244.6721163,
94076,245.1851802,
94077,245.4266782,
94078,245.4930434,
94079,245.2762673,
94080,245.2461438,
94081,245.1486621,
94082,245.4336257,
94083,245.4730143,
94084,245.1505747,
94085,244.5989166,
94086,244.0749329,
94087,243.6657678,
94088,242.7643232,
94089,241.5574316,
94090,241.4270448,
94091,240.9645152,
94092,240.0006123,
94093,239.5020441,
94094,239.1926082,
94095,238.5599477,
94096,237.6635705,
94097,236.9772657,
94098,236.955524,
94099,237.0432766,
94100,236.7464316,
94101,236.0645872,
94102,235.5562725,
94103,235.1662956,
94104,234.7405614,
94105,234.6252908,
94106,234.7928771,
94107,234.8680153,
94108,235.0321505,
94109,234.9141918,
94110,234.7905058,
94111,234.5226752,
94112,234.1672938,
94113,234.3910128,
94114,234.5896162,
94115,234.8862343,
94116,234.5124306,
94117,234.1317169,
94118,233.7563294,
94119,232.9229542,
94120,232.5974694,
94121,232.3505517,
94122,231.8097221,
94123,230.8764154,
94124,230.0269542,
94125,229.7148535,
94126,228.4325163,
94127,227.1179651,
94128,226.1268577,
94129,226.0967951,
94130,224.712435,
94131,222.945231,
94132,221.5318259,
94133,221.095103,
94134,219.1279964,
94135,217.2923811,
94136,216.0463388,
94137,215.7092144,
94138,214.1862753,
94139,211.8461317,
94140,210.2431745,
94141,209.5877419,
94142,207.8259978,
94143,206.1001327,
94144,205.8089306,
94145,205.5046409,
94146,204.4718781,
94147,203.3062116,
94148,202.481928,
94149,201.4039556,
94150,200.2086001,
94151,199.0314543,
94152,196.7671648,
94153,194.0041226,
94154,192.32495,
94155,191.0030638,
94156,189.3135457,
94157,188.2001133,
94158,187.0093221,
94159,186.3974667,
94160,183.2940902,
94161,180.5768689,
94162,179.8037207,
94163,177.779782,
94164,176.1086735,
94165,173.3052336,
94166,173.0444543,
94167,169.3722871,
94168,166.408855,
94169,165.6975163,
94170,162.8750887,
94171,160.2796027,
94172,158.9019386,
94173,157.4308374,
94174,153.2384801,
94175,151.6005343,
94176,150.773034,
94177,148.2936609,
94178,145.8762266,
94179,145.6303132,
94180,143.3343907,
94181,140.2914072,
94182,139.3041261,
94183,138.0806545,
94184,136.0097125,
94185,133.9545627,
94186,133.5707048,
94187,131.8543341,
94188,128.726045,
94189,128.3664905,
94190,127.4694765,
94191,126.2928457,
94192,125.0881979,
94193,124.6913632,
94194,124.2169435,
94195,122.9672382,
94196,121.7083776,
94197,121.6156294,
94198,120.7538733,
94199,120.4757343,
94200,120.3477484,
94201,120.6450695,
94202,120.3959603,
94203,119.8368581,
94204,119.5950515,
94205,119.3946098,
94206,120.028434,
94207,120.9075379,
94208,121.2866759,
94209,122.5380232,
94210,123.3594215,
94211,123.6047854,
94212,124.705701,
94213,125.7127751,
94214,126.0789137,
94215,128.0820751,
94216,129.0188965,
94217,129.737052,
94218,130.3594595,
94219,132.2909685,
94220,133.519335,
94221,134.9829622,
94222,136.4211057,
94223,137.458624,
94224,138.5857303,
94225,140.4835376,
94226,142.0483473,
94227,142.9677336,
94228,145.3511615,
94229,147.9110651,
94230,148.0212569,
94231,149.5073929,
94232,151.1104089,
94233,152.2819987,
94234,153.0133606,
94235,154.4461439,
94236,157.7617312,
94237,158.9960185,
94238,159.9109575,
94239,162.7382385,
94240,164.8716258,
94241,165.7093873,
94242,167.9358022,
94243,170.6562418,
94244,172.4155418,
94245,173.6420004,
94246,177.0642273,
94247,180.1320617,
94248,180.0160717,
94249,182.993064,
94250,186.3251929,
94251,188.1443577,
94252,189.2084206,
94253,190.8701085,
94254,192.9507129,
94255,192.9092464,
94256,192.4952845,
94257,194.1834985,
94258,195.3268852,
94259,197.4283779,
94260,199.7313482,
94261,200.5623012,
94262,202.3942876,
94263,205.0833947,
94264,206.7951788,
94265,206.8647336,
94266,209.9023334,
94267,212.5272313,
94268,214.1428342,
94269,215.2601872,
94270,217.3636834,
94271,218.6548794,
94272,220.2155875,
94273,220.9394995,
94274,223.5526797,
94275,226.7315743,
94276,226.9221381,
94277,228.866282,
94278,231.297989,
94279,232.502239,
94280,233.4614571,
94281,236.3602888,
94282,239.0461537,
94283,240.0579477,
94284,240.9279418,
94285,243.2200081,
94286,244.7520665,
94287,245.6743747,
94288,246.9661301,
94289,249.382285,
94290,250.8160149,
94291,250.9858862,
94292,252.5461386,
94293,254.1185044,
94294,254.6696083,
94295,254.8087483,
94296,255.6610325,
94297,256.7007481,
94298,257.5076697,
94299,258.1736061,
94300,259.0148458,
94301,260.2175901,
94302,260.220219,
94303,260.7350668,
94304,261.5138492,
94305,262.3551326,
94306,262.7858901,
94307,263.6166468,
94308,264.5544892,
94309,264.5463578,
94310,264.7983815,
94311,265.5410009,
94312,265.6978721,
94313,265.7103886,
94314,266.4072979,
94315,266.7512009,
94316,266.7507624,
94317,266.1066222,
94318,265.987793,
94319,266.1978022,
94320,265.9596242,
94321,265.3189152,
94322,264.3211724,
94323,264.1990963,
94324,262.9705559,
94325,261.7705274,
94326,261.2764835,
94327,260.9175201,
94328,259.6021912,
94329,258.1186894,
94330,257.4053046,
94331,256.3207306,
94332,254.4461755,
94333,252.9023187,
94334,252.6281864,
94335,252.4746565,
94336,249.9784295,
94337,248.9890927,
94338,247.6141594,
94339,245.8542252,
94340,244.173045,
94341,242.2798995,
94342,242.2143823,
94343,241.2384356,
94344,238.7112873,
94345,236.7252292,
94346,236.6147637,
94347,233.9636535,
94348,232.6277769,
94349,231.2961802,
94350,230.4702518,
94351,228.8748306,
94352,227.1351844,
94353,225.9006148,
94354,225.0695167,
94355,223.1317826,
94356,221.3396504,
94357,220.5483066,
94358,218.8842717,
94359,217.133688,
94360,215.5971187,
94361,214.9002485,
94362,212.4288013,
94363,209.7358967,
94364,208.9530616,
94365,208.6717747,
94366,206.2551603,
94367,204.5382327,
94368,203.5836289,
94369,201.5082228,
94370,198.6233158,
94371,196.9285374,
94372,195.9126621,
94373,194.4104079,
94374,192.1762096,
94375,191.1316841,
94376,190.5578478,
94377,188.9454694,
94378,186.3690406,
94379,186.02046,
94380,184.1987915,
94381,182.4733343,
94382,181.3727945,
94383,180.0923627,
94384,179.2522394,
94385,177.5146008,
94386,173.87308,
94387,172.2299455,
94388,171.4389731,
94389,169.0273949,
94390,167.0723477,
94391,165.8380976,
94392,164.7720991,
94393,161.8534843,
94394,159.822962,
94395,159.1650649,
94396,158.3672068,
94397,156.5891152,
94398,154.1839648,
94399,152.9543835,
94400,151.9466928,
94401,149.0813028,
94402,146.4199484,
94403,145.6492755,
94404,143.3216628,
94405,140.6668139,
94406,139.9727182,
94407,138.1247982,
94408,135.8445983,
94409,133.5690841,
94410,132.7184767,
94411,131.7109739,
94412,130.3549128,
94413,128.7647858,
94414,128.4601941,
94415,128.3530497,
94416,127.9648894,
94417,125.749425,
94418,124.5988979,
94419,124.5203733,
94420,124.3642382,
94421,123.5291677,
94422,123.2878309,
94423,122.7725561,
94424,122.9517308,
94425,122.7568713,
94426,121.67688,
94427,121.551921,
94428,121.5438239,
94429,121.6843825,
94430,121.968476,
94431,122.1565055,
94432,122.3810404,
94433,122.8254747,
94434,122.8014289,
94435,122.9844158,
94436,123.3886957,
94437,123.9968337,
94438,124.8591421,
94439,125.1130741,
94440,125.7811977,
94441,126.956657,
94442,127.50043,
94443,127.9237933,
94444,128.7267853,
94445,129.682482,
94446,129.86869,
94447,131.6826735,
94448,133.1057273,
94449,133.4847594,
94450,134.3848241,
94451,135.5455056,
94452,137.1891904,
94453,137.6774164,
94454,140.390739,
94455,142.378735,
94456,143.7207229,
94457,143.9398032,
94458,145.8496526,
94459,147.7107623,
94460,149.6052804,
94461,150.0373998,
94462,152.5674492,
94463,155.6096074,
94464,155.973592,
94465,157.6518442,
94466,159.7141276,
94467,162.0855861,
94468,162.5392868,
94469,163.9768203,
94470,166.530742,
94471,168.9190785,
94472,170.0031661,
94473,173.6578785,
94474,175.7119521,
94475,175.9860106,
94476,178.3418806,
94477,181.6147076,
94478,182.472575,
94479,184.2219362,
94480,186.2546541,
94481,188.0640721,
94482,187.7609466,
94483,189.5641081,
94484,192.5054524,
94485,194.7078945,
94486,195.0324989,
94487,196.8709682,
94488,199.4207624,
94489,201.433698,
94490,202.0166857,
94491,204.42741,
94492,206.2983917,
94493,207.3544709,
94494,209.6146226,
94495,211.673457,
94496,213.9604035,
94497,214.2641008,
94498,216.1609598,
94499,219.3099315,
94500,220.3155248,
94501,221.2525651,
94502,223.6400846,
94503,226.4511783,
94504,228.4065698,
94505,228.8184593,
94506,230.6405036,
94507,233.3187633,
94508,235.0661243,
94509,235.8555159,
94510,237.5638164,
94511,239.886259,
94512,241.0952327,
94513,240.8294867,
94514,243.2470043,
94515,246.2239861,
94516,247.7639909,
94517,249.2664606,
94518,251.7384491,
94519,253.2420198,
94520,253.2787388,
94521,254.3638752,
94522,256.253806,
94523,257.7216685,
94524,258.2517006,
94525,259.5646667,
94526,260.6223778,
94527,261.9064433,
94528,262.1168378,
94529,262.3550339,
94530,264.1971075,
94531,264.9625869,
94532,265.30695,
94533,266.5518762,
94534,267.3980953,
94535,268.3424105,
94536,268.4339683,
94537,269.6612974,
94538,269.9160527,
94539,270.7693274,
94540,271.1549276,
94541,272.185167,
94542,273.5292038,
94543,275.047886,
94544,274.9854292,
94545,276.1063424,
94546,276.8864823,
94547,277.3265176,
94548,277.5142385,
94549,278.1439396,
94550,279.1632329,
94551,279.6524261,
94552,279.5034968,
94553,279.9063148,
94554,280.3238,
94555,280.3599836,
94556,280.2105271,
94557,280.6619235,
94558,280.7014414,
94559,280.8862059,
94560,280.4314696,
94561,280.0278891,
94562,279.8015663,
94563,279.4370355,
94564,279.3966766,
94565,279.8345413,
94566,279.7395624,
94567,279.0410838,
94568,278.413868,
94569,276.8807947,
94570,276.1153788,
94571,275.8548216,
94572,276.0123849,
94573,275.2630414,
94574,275.1194664,
94575,274.3695712,
94576,272.9420296,
94577,271.1199123,
94578,270.1653261,
94579,270.4405669,
94580,269.4759883,
94581,268.4206208,
94582,266.517757,
94583,266.0906906,
94584,264.4002375,
94585,262.6353844,
94586,261.1085801,
94587,260.6904808,
94588,259.6651336,
94589,257.7715524,
94590,255.4328723,
94591,254.8287333,
94592,253.1814273,
94593,250.9004879,
94594,249.657085,
94595,249.0441883,
94596,247.7557461,
94597,244.8455624,
94598,243.7843626,
94599,242.1383496,
94600,240.3611122,
94601,239.0378898,
94602,238.6748966,
94603,237.0069057,
94604,234.5342545,
94605,233.8097065,
94606,232.2972851,
94607,230.0508423,
94608,228.3766917,
94609,227.648854,
94610,226.9543381,
94611,225.4352426,
94612,223.5205686,
94613,223.1215028,
94614,221.6334159,
94615,219.733133,
94616,218.8569199,
94617,218.3197183,
94618,216.5370335,
94619,214.6651143,
94620,214.3267497,
94621,212.9084021,
94622,210.6058741,
94623,209.0933457,
94624,208.589156,
94625,207.2735447,
94626,204.9470488,
94627,204.2418843,
94628,202.8184557,
94629,200.4567146,
94630,198.9503173,
94631,198.7505463,
94632,196.9254046,
94633,194.9729456,
94634,194.1681446,
94635,192.9071718,
94636,190.9220858,
94637,189.5093976,
94638,188.9714807,
94639,187.7666404,
94640,186.0183057,
94641,184.7153294,
94642,183.3453353,
94643,181.749134,
94644,179.3576702,
94645,178.6189511,
94646,177.362482,
94647,175.2434035,
94648,173.7525541,
94649,172.4180422,
94650,170.4950723,
94651,167.0909529,
94652,166.0376374,
94653,165.1875339,
94654,162.334168,
94655,160.3822222,
94656,159.3417884,
94657,157.3729399,
94658,153.8929272,
94659,151.9416177,
94660,150.7124316,
94661,148.130596,
94662,145.76309,
94663,144.5819039,
94664,141.9941112,
94665,138.5147891,
94666,137.4505731,
94667,136.055761,
94668,133.3174048,
94669,131.8261063,
94670,130.5705942,
94671,127.6652249,
94672,124.0383751,
94673,123.5803289,
94674,121.525305,
94675,118.1576065,
94676,116.1072576,
94677,114.7206365,
94678,111.7405019,
94679,109.4165367,
94680,108.980436,
94681,107.0939678,
94682,105.3803786,
94683,103.3450761,
94684,102.6235057,
94685,102.0079122,
94686,99.90771505,
94687,98.81605577,
94688,97.9823236,
94689,96.62426235,
94690,94.93588637,
94691,93.94035503,
94692,93.41078713,
94693,91.72724408,
94694,90.42009308,
94695,89.93999365,
94696,89.05072078,
94697,87.57443332,
94698,86.1885237,
94699,85.95449886,
94700,85.40133874,
94701,84.31650624,
94702,83.46173053,
94703,83.15711083,
94704,82.4940645,
94705,81.85676486,
94706,81.80973273,
94707,82.13187696,
94708,82.13454132,
94709,81.53066776,
94710,80.94086528,
94711,81.15419534,
94712,81.03424933,
94713,80.78121761,
94714,81.17603866,
94715,81.60213332,
94716,82.20145654,
94717,82.8078476,
94718,83.60627109,
94719,84.02704541,
94720,84.49297399,
94721,85.06470151,
94722,86.16671138,
94723,86.82503014,
94724,87.2621341,
94725,87.85248777,
94726,89.05201782,
94727,90.06498857,
94728,90.90959491,
94729,91.4900509,
94730,92.66963701,
94731,94.01074777,
94732,94.82990519,
94733,95.99537634,
94734,96.94437005,
94735,98.46631879,
94736,100.4221493,
94737,101.5400592,
94738,103.6696811,
94739,105.5582066,
94740,107.2295995,
94741,108.0710541,
94742,110.8012406,
94743,113.4306523,
94744,115.3083737,
94745,116.0721883,
94746,118.7461314,
94747,121.5720573,
94748,122.871253,
94749,124.7651446,
94750,127.5696591,
94751,129.8568261,
94752,130.1124533,
94753,132.6017226,
94754,135.4812969,
94755,137.2030939,
94756,138.348547,
94757,141.2766216,
94758,144.6031308,
94759,145.2474753,
94760,147.294154,
94761,150.3081138,
94762,152.6031898,
94763,152.9857381,
94764,155.9795553,
94765,159.4509257,
94766,160.6400449,
94767,161.5024549,
94768,165.6226163,
94769,167.2091516,
94770,167.991931,
94771,169.8757494,
94772,173.311514,
94773,175.3985667,
94774,175.6128947,
94775,177.924395,
94776,180.9066797,
94777,182.4344864,
94778,183.4412675,
94779,186.503671,
94780,188.7649365,
94781,189.7814466,
94782,191.8768219,
94783,194.9142683,
94784,197.0441839,
94785,197.4839514,
94786,200.6207181,
94787,203.6375921,
94788,204.0569106,
94789,207.020083,
94790,210.1173436,
94791,212.4618771,
94792,212.5036239,
94793,215.6425872,
94794,216.5673061,
94795,218.1476122,
94796,219.4495137,
94797,221.7643655,
94798,221.7424878,
94799,222.2405729,
94800,223.6772718,
94801,225.2781093,
94802,225.8825895,
94803,226.8028142,
94804,228.5278715,
94805,229.425494,
94806,229.621537,
94807,230.9322167,
94808,232.2683398,
94809,232.7483337,
94810,233.3895109,
94811,234.03232,
94812,234.8768422,
94813,234.7262108,
94814,235.0938247,
94815,236.2928679,
94816,237.1683284,
94817,237.329506,
94818,237.5781058,
94819,238.1111104,
94820,238.1774052,
94821,237.9528761,
94822,237.3040252,
94823,237.483237,
94824,238.1810278,
94825,238.3483459,
94826,238.3509816,
94827,237.9008392,
94828,237.2835623,
94829,236.9704397,
94830,236.2004105,
94831,235.3814091,
94832,235.8432015,
94833,235.5440324,
94834,235.0639306,
94835,234.3499018,
94836,234.0570707,
94837,233.4229311,
94838,232.2231303,
94839,231.9009239,
94840,231.8297049,
94841,231.6086609,
94842,231.0736813,
94843,230.7355238,
94844,230.7959576,
94845,230.4821268,
94846,230.5717952,
94847,231.1641653,
94848,231.5068065,
94849,231.6928594,
94850,231.1240662,
94851,231.2526096,
94852,231.3829735,
94853,231.3375532,
94854,231.5697077,
94855,231.7563862,
94856,231.3782595,
94857,231.0660253,
94858,230.4447986,
94859,230.39322,
94860,230.1214087,
94861,230.2257886,
94862,230.2542584,
94863,230.0098865,
94864,229.7918197,
94865,229.1835008,
94866,228.9416206,
94867,228.1009148,
94868,227.4691288,
94869,227.4016605,
94870,226.7577324,
94871,225.9716936,
94872,224.5934058,
94873,223.9059633,
94874,223.0089157,
94875,221.9919323,
94876,220.4247529,
94877,219.8784773,
94878,219.0152144,
94879,217.4437888,
94880,216.0049238,
94881,215.1221241,
94882,213.9269242,
94883,212.8687106,
94884,211.0222092,
94885,209.8345459,
94886,209.1531187,
94887,207.6427379,
94888,205.6785772,
94889,204.5630539,
94890,203.8180066,
94891,201.1650903,
94892,198.3052624,
94893,197.0755381,
94894,196.0074134,
94895,193.3727585,
94896,191.463138,
94897,189.7406123,
94898,186.930554,
94899,184.8050041,
94900,182.9886852,
94901,181.5899749,
94902,179.1033509,
94903,175.7417529,
94904,175.8231551,
94905,173.6154467,
94906,169.5781615,
94907,167.9383627,
94908,166.7391804,
94909,163.9628237,
94910,161.6023588,
94911,160.4005022,
94912,157.8686502,
94913,154.0079144,
94914,152.4679055,
94915,151.5184902,
94916,148.5610377,
94917,145.8673659,
94918,144.9641576,
94919,141.2978062,
94920,137.866253,
94921,137.4930095,
94922,136.0408591,
94923,133.2246155,
94924,130.731619,
94925,130.2048208,
94926,127.8907275,
94927,125.4941779,
94928,123.2775294,
94929,121.8966632,
94930,117.7849396,
94931,116.2974767,
94932,115.1417184,
94933,113.1358574,
94934,109.1841096,
94935,107.9193529,
94936,106.5155964,
94937,103.5642493,
94938,101.3304486,
94939,99.82123154,
94940,97.23366444,
94941,94.06401818,
94942,93.17920527,
94943,91.25949061,
94944,87.75185248,
94945,85.55216993,
94946,84.70712541,
94947,82.88398145,
94948,80.09994396,
94949,79.24614078,
94950,77.82047675,
94951,76.03944859,
94952,74.31853945,
94953,73.53965707,
94954,72.50871739,
94955,70.41248807,
94956,69.31853557,
94957,68.92809619,
94958,67.40465173,
94959,65.92311063,
94960,65.9479188,
94961,64.78662643,
94962,63.44137814,
94963,63.02988995,
94964,62.11716304,
94965,61.2716895,
94966,61.02150859,
94967,61.31627465,
94968,61.25274241,
94969,60.94220978,
94970,60.64837999,
94971,61.14608686,
94972,61.80430715,
94973,62.35824204,
94974,63.24239017,
94975,63.79921464,
94976,64.56371917,
94977,64.68615646,
94978,65.37868402,
94979,66.71026113,
94980,67.25377082,
94981,67.67526644,
94982,69.47396718,
94983,70.94809037,
94984,71.15222139,
94985,72.08768732,
94986,73.35576728,
94987,74.85799053,
94988,75.02718842,
94989,75.90589751,
94990,77.68942443,
94991,79.02159245,
94992,79.62506866,
94993,80.47152894,
94994,82.56304366,
94995,84.53855606,
94996,85.20761291,
94997,86.82696879,
94998,88.85789087,
94999,90.11324589,
95000,90.63877227,
95001,91.82459814,
95002,93.0777253,
95003,94.98459063,
95004,95.20845604,
95005,97.18523323,
95006,99.21127406,
95007,100.5478761,
95008,100.5836334,
95009,101.9860031,
95010,103.1066358,
95011,103.9116857,
95012,104.1569422,
95013,105.3897849,
95014,106.474296,
95015,108.6518445,
95016,109.5860844,
95017,110.8262936,
95018,112.3178503,
95019,114.046941,
95020,114.3338275,
95021,115.431806,
95022,118.7074358,
95023,120.3533129,
95024,121.0857372,
95025,122.3513702,
95026,124.4238024,
95027,125.3995957,
95028,127.453202,
95029,129.3607139,
95030,131.2919258,
95031,132.4568732,
95032,133.934095,
95033,136.142764,
95034,137.3111167,
95035,137.3863697,
95036,139.6195411,
95037,142.0855673,
95038,142.7020713,
95039,144.4574392,
95040,146.9334765,
95041,148.252502,
95042,148.5784453,
95043,151.0839821,
95044,153.7853055,
95045,154.256671,
95046,155.7505556,
95047,157.5860148,
95048,159.3181207,
95049,160.3133845,
95050,161.5850355,
95051,164.5870625,
95052,165.6740214,
95053,167.8988465,
95054,169.8886116,
95055,170.7591634,
95056,171.8865618,
95057,173.9844889,
95058,175.4339613,
95059,175.6936057,
95060,177.815514,
95061,180.3808155,
95062,180.5840791,
95063,182.0036479,
95064,184.4981441,
95065,185.0610379,
95066,186.1051423,
95067,187.7587691,
95068,189.3280278,
95069,189.3254884,
95070,190.1145355,
95071,191.7129996,
95072,192.8492624,
95073,192.9969859,
95074,194.2109516,
95075,194.8058257,
95076,195.0309261,
95077,194.9067927,
95078,194.9986105,
95079,195.2844749,
95080,195.5290533,
95081,195.6391497,
95082,195.537985,
95083,195.8466852,
95084,195.5438397,
95085,195.4854898,
95086,195.054946,
95087,194.6804495,
95088,194.3883426,
95089,194.4784984,
95090,194.0871788,
95091,194.1817248,
95092,194.0716546,
95093,193.7624659,
95094,193.4413065,
95095,193.3144631,
95096,192.8587517,
95097,192.6568059,
95098,192.2661409,
95099,192.366609,
95100,192.240017,
95101,191.6040429,
95102,191.2247279,
95103,190.3443814,
95104,189.695643,
95105,189.4003314,
95106,189.2352655,
95107,189.0512985,
95108,188.7581207,
95109,188.4947246,
95110,187.9229672,
95111,187.2272136,
95112,187.0537536,
95113,187.219789,
95114,187.2687875,
95115,186.560129,
95116,186.0112213,
95117,185.4562477,
95118,184.482684,
95119,183.6188013,
95120,183.3698637,
95121,183.1476804,
95122,182.4478868,
95123,181.2671341,
95124,180.2918777,
95125,179.4615759,
95126,178.3384057,
95127,176.6030852,
95128,175.7390879,
95129,175.2911831,
95130,174.4931841,
95131,173.2142371,
95132,172.0088399,
95133,171.1419796,
95134,169.4745379,
95135,166.6453042,
95136,165.6801602,
95137,165.3984807,
95138,163.5879928,
95139,161.6854194,
95140,160.7851854,
95141,159.9334131,
95142,157.4609606,
95143,155.690046,
95144,155.5121277,
95145,154.7367823,
95146,153.6882742,
95147,152.2722531,
95148,151.9311598,
95149,150.0950451,
95150,149.0856618,
95151,147.7918403,
95152,146.9533778,
95153,146.4241873,
95154,145.126716,
95155,143.7947481,
95156,143.2175733,
95157,142.0537676,
95158,140.804143,
95159,139.0882307,
95160,138.4818233,
95161,137.4644321,
95162,136.3958547,
95163,135.4017683,
95164,135.3367681,
95165,135.4766468,
95166,135.3124482,
95167,135.3560116,
95168,134.94199,
95169,134.5617656,
95170,134.0030968,
95171,133.9867199,
95172,133.8085724,
95173,132.7850249,
95174,131.7327504,
95175,130.5530971,
95176,130.0744818,
95177,129.3227837,
95178,128.3677328,
95179,127.0022246,
95180,125.1929301,
95181,124.3741803,
95182,123.4457095,
95183,121.0375361,
95184,118.6773196,
95185,118.3762385,
95186,117.6610993,
95187,115.3562596,
95188,113.275034,
95189,111.402707,
95190,110.7584567,
95191,108.5744131,
95192,105.6908882,
95193,104.6090091,
95194,103.987985,
95195,101.7855161,
95196,99.68782072,
95197,98.0616359,
95198,97.50202427,
95199,94.53247486,
95200,91.67562014,
95201,90.37711498,
95202,89.76042975,
95203,87.43818173,
95204,84.96578945,
95205,83.56865943,
95206,82.90922588,
95207,80.11227648,
95208,78.07717405,
95209,77.5560561,
95210,75.78336482,
95211,73.78881158,
95212,71.84545801,
95213,71.72253204,
95214,70.22221425,
95215,68.53793699,
95216,67.19976189,
95217,66.34909304,
95218,64.56296088,
95219,63.06518374,
95220,61.94177045,
95221,61.59896065,
95222,60.07628211,
95223,58.54696688,
95224,58.24869049,
95225,57.33393698,
95226,56.68895717,
95227,56.21297849,
95228,56.45391254,
95229,55.96958478,
95230,55.64733661,
95231,55.69529106,
95232,55.83705787,
95233,56.30571938,
95234,56.61175126,
95235,56.95124529,
95236,57.82075524,
95237,59.02005164,
95238,59.16951268,
95239,59.60561902,
95240,60.8765819,
95241,62.21366772,
95242,62.9711952,
95243,64.22894194,
95244,66.51458854,
95245,68.54571323,
95246,68.7351874,
95247,69.98866171,
95248,72.38633768,
95249,73.76425558,
95250,75.13058202,
95251,76.24318556,
95252,78.86164603,
95253,80.32681377,
95254,81.23140604,
95255,83.31504178,
95256,85.57204715,
95257,86.98470273,
95258,88.41647287,
95259,90.79304727,
95260,92.76169735,
95261,93.05834003,
95262,94.7720789,
95263,97.0627564,
95264,98.80319848,
95265,100.1155765,
95266,100.9204467,
95267,103.7069692,
95268,106.1990497,
95269,107.1600805,
95270,108.3824256,
95271,111.0281545,
95272,112.8390321,
95273,113.9607913,
95274,116.356909,
95275,118.7783081,
95276,120.9508801,
95277,121.8370724,
95278,124.7484313,
95279,127.6238139,
95280,129.5391051,
95281,130.5661928,
95282,133.4432544,
95283,135.7433592,
95284,136.7081921,
95285,138.8933149,
95286,141.9805586,
95287,143.6852143,
95288,144.2121867,
95289,148.114648,
95290,151.4807606,
95291,152.4053868,
95292,153.8476855,
95293,156.5961548,
95294,159.0811305,
95295,159.986945,
95296,161.2444172,
95297,164.3617913,
95298,165.5959823,
95299,166.5648914,
95300,168.643191,
95301,171.029269,
95302,172.3408499,
95303,172.8384292,
95304,175.1062182,
95305,178.0095892,
95306,178.9479881,
95307,179.4659297,
95308,181.9498513,
95309,184.2865481,
95310,185.5929926,
95311,186.3848351,
95312,188.8836522,
95313,191.2555756,
95314,191.6574171,
95315,193.8942554,
95316,195.9488181,
95317,198.2746844,
95318,198.3699936,
95319,199.4709565,
95320,202.017881,
95321,203.6214713,
95322,204.6852748,
95323,207.0447847,
95324,208.9374055,
95325,208.7432402,
95326,209.5055073,
95327,210.9607376,
95328,212.4384519,
95329,212.8702648,
95330,213.3718569,
95331,213.8121334,
95332,214.6576371,
95333,214.8276138,
95334,215.3388193,
95335,216.6354818,
95336,217.3564435,
95337,217.5331503,
95338,218.2340632,
95339,219.113517,
95340,219.5289998,
95341,219.6675461,
95342,220.0096693,
95343,221.2654263,
95344,221.48491,
95345,222.4152984,
95346,222.6179834,
95347,222.9821338,
95348,222.5948266,
95349,222.210538,
95350,222.6456936,
95351,223.7231973,
95352,223.8488242,
95353,224.3072925,
95354,224.3916928,
95355,224.0140727,
95356,224.2951788,
95357,223.9865054,
95358,223.9724849,
95359,224.5292632,
95360,224.9293452,
95361,224.8050844,
95362,224.4835286,
95363,224.0826876,
95364,223.9323946,
95365,223.6992703,
95366,223.9704611,
95367,223.793176,
95368,223.1525085,
95369,222.523438,
95370,222.0784965,
95371,221.1138481,
95372,220.4131703,
95373,219.9561468,
95374,219.6093901,
95375,218.8817692,
95376,218.7516759,
95377,218.3512707,
95378,218.326711,
95379,216.652909,
95380,214.6515177,
95381,213.1793897,
95382,213.1944778,
95383,212.1945214,
95384,211.1657002,
95385,210.0334388,
95386,209.6642713,
95387,208.0245219,
95388,206.0107393,
95389,205.6845038,
95390,205.6104817,
95391,204.2027473,
95392,202.6664336,
95393,201.9678642,
95394,201.5081598,
95395,199.1728064,
95396,198.5605345,
95397,197.7850294,
95398,196.3736558,
95399,194.8528646,
95400,193.5196509,
95401,192.8297714,
95402,190.9208168,
95403,188.5084714,
95404,187.1748937,
95405,186.0909012,
95406,183.8544293,
95407,182.0258905,
95408,181.4612998,
95409,180.7309529,
95410,177.479984,
95411,175.2061808,
95412,174.3673712,
95413,172.8147179,
95414,170.2341761,
95415,168.4896179,
95416,167.6408315,
95417,164.429049,
95418,161.7484602,
95419,159.5509543,
95420,158.912642,
95421,156.1805898,
95422,152.9599451,
95423,152.1273656,
95424,148.2033805,
95425,145.2795249,
95426,144.8355266,
95427,142.6373041,
95428,139.6243467,
95429,138.1524915,
95430,137.1445231,
95431,133.203162,
95432,131.1901344,
95433,130.104079,
95434,128.3052687,
95435,125.9630798,
95436,124.1782497,
95437,123.4435589,
95438,119.8564645,
95439,117.3254257,
95440,117.1593333,
95441,114.6752413,
95442,112.1319924,
95443,110.6811716,
95444,110.0409196,
95445,107.1657863,
95446,104.7417194,
95447,104.332999,
95448,102.1770493,
95449,99.65516312,
95450,97.99831716,
95451,96.99257438,
95452,94.76012344,
95453,92.44145848,
95454,92.0842468,
95455,89.9247127,
95456,88.72813565,
95457,87.97206558,
95458,87.99901988,
95459,87.32841177,
95460,86.25700776,
95461,85.3530316,
95462,85.02009008,
95463,84.75802115,
95464,84.19229127,
95465,83.98816832,
95466,84.21148201,
95467,84.26636202,
95468,84.21140457,
95469,83.83794802,
95470,83.63692466,
95471,83.49092108,
95472,83.52689767,
95473,84.14174043,
95474,84.69600353,
95475,85.14081207,
95476,85.49632599,
95477,86.07903985,
95478,86.85392122,
95479,87.52555484,
95480,88.03539786,
95481,89.00145031,
95482,90.87705021,
95483,91.2694547,
95484,91.96157858,
95485,93.42869741,
95486,95.12588274,
95487,96.24880488,
95488,97.37302526,
95489,99.72162555,
95490,101.6598354,
95491,102.8144028,
95492,104.2817208,
95493,106.6386885,
95494,108.2344211,
95495,109.1050589,
95496,111.9232193,
95497,114.8178819,
95498,116.0696454,
95499,117.8621237,
95500,121.0520968,
95501,123.106763,
95502,124.063738,
95503,127.4338461,
95504,129.9129126,
95505,130.4370645,
95506,132.5291214,
95507,135.7387942,
95508,137.0450137,
95509,138.7035942,
95510,141.1177876,
95511,143.5163005,
95512,144.7563488,
95513,145.1543557,
95514,146.7343384,
95515,149.5117203,
95516,150.9406719,
95517,151.8480971,
95518,154.40664,
95519,156.907997,
95520,158.5552825,
95521,159.8200902,
95522,161.6605029,
95523,162.7923034,
95524,164.200235,
95525,164.4497762,
95526,167.7297831,
95527,170.7593702,
95528,171.3954908,
95529,171.7436518,
95530,174.2426985,
95531,176.8515174,
95532,177.8461122,
95533,178.7212548,
95534,181.5167904,
95535,184.6263332,
95536,185.316926,
95537,188.7593827,
95538,191.2803675,
95539,192.3968494,
95540,193.0085952,
95541,195.819886,
95542,197.5163788,
95543,198.2849668,
95544,200.6603726,
95545,202.6464351,
95546,204.4452818,
95547,205.0534543,
95548,207.5910655,
95549,210.3370516,
95550,210.8179184,
95551,211.9672397,
95552,212.3845441,
95553,212.9552732,
95554,213.9697524,
95555,214.3968642,
95556,215.1593781,
95557,216.5212924,
95558,217.4096796,
95559,218.1252541,
95560,218.8606544,
95561,220.4131733,
95562,222.3263646,
95563,222.6543865,
95564,223.8731512,
95565,225.6532468,
95566,226.6052306,
95567,227.1906939,
95568,228.2641696,
95569,229.8297877,
95570,230.0603234,
95571,230.1618708,
95572,230.7038995,
95573,230.9819644,
95574,231.1053359,
95575,231.2244876,
95576,231.1247874,
95577,230.6753371,
95578,230.3376793,
95579,230.187213,
95580,229.6689086,
95581,229.479586,
95582,229.5517979,
95583,229.9033,
95584,229.1834516,
95585,228.6998683,
95586,228.0552835,
95587,227.5243695,
95588,226.7124038,
95589,225.7210996,
95590,224.8818647,
95591,224.666708,
95592,223.6315474,
95593,223.0343371,
95594,222.1980467,
95595,221.1966088,
95596,220.2661823,
95597,218.7909705,
95598,217.8690426,
95599,217.9387152,
95600,217.5184521,
95601,216.4372011,
95602,215.4758401,
95603,214.6810589,
95604,213.4820838,
95605,212.3454146,
95606,212.0450662,
95607,211.8830988,
95608,211.0011379,
95609,210.3635074,
95610,209.8610389,
95611,208.842685,
95612,208.0449123,
95613,207.6176554,
95614,207.3357753,
95615,206.904956,
95616,206.1630169,
95617,205.5687658,
95618,204.8634836,
95619,204.1707637,
95620,202.3651648,
95621,201.3152888,
95622,200.9767133,
95623,200.0573845,
95624,198.626639,
95625,197.3028974,
95626,196.225702,
95627,195.3011773,
95628,193.8037545,
95629,191.8710057,
95630,191.3498417,
95631,190.5313398,
95632,188.0699185,
95633,185.7839993,
95634,185.1546467,
95635,184.2636292,
95636,181.7467614,
95637,179.3034115,
95638,178.5704448,
95639,177.9487552,
95640,175.4423406,
95641,172.8207074,
95642,171.9114051,
95643,169.6515623,
95644,166.3692701,
95645,165.1833645,
95646,163.3891225,
95647,160.7535877,
95648,158.5074575,
95649,158.0755462,
95650,155.0183886,
95651,151.8571591,
95652,150.6177925,
95653,149.2884926,
95654,146.8968709,
95655,144.1104262,
95656,143.783988,
95657,141.2646754,
95658,138.5809047,
95659,136.686828,
95660,135.7371667,
95661,133.5855619,
95662,131.0546091,
95663,129.1524006,
95664,127.8268243,
95665,125.2365128,
95666,122.3116049,
95667,121.3167782,
95668,119.3916075,
95669,117.5336657,
95670,115.0677347,
95671,114.5003511,
95672,113.6942509,
95673,110.8378614,
95674,109.5312363,
95675,108.7668527,
95676,107.4912262,
95677,105.0990894,
95678,104.06767,
95679,103.5742465,
95680,101.357626,
95681,99.32758437,
95682,99.21588823,
95683,97.90221062,
95684,95.78498633,
95685,94.2368848,
95686,94.21540334,
95687,92.78560902,
95688,91.13523612,
95689,90.80281948,
95690,90.44036314,
95691,90.07729144,
95692,89.63298183,
95693,89.94185006,
95694,89.89871385,
95695,89.73491889,
95696,90.01900212,
95697,90.30826241,
95698,91.0969517,
95699,91.7041146,
95700,91.95994949,
95701,92.54327273,
95702,93.50879252,
95703,94.75334379,
95704,95.09232762,
95705,94.64218263,
95706,95.33861212,
95707,96.44553261,
95708,97.15609508,
95709,98.30507624,
95710,99.69153804,
95711,101.3521195,
95712,102.4205559,
95713,102.6265882,
95714,104.4904782,
95715,106.3639984,
95716,107.5570619,
95717,108.7402384,
95718,111.4932481,
95719,113.1852465,
95720,113.5973041,
95721,115.0738701,
95722,117.3024998,
95723,118.4056195,
95724,119.6169872,
95725,121.5002651,
95726,124.8696223,
95727,126.2758344,
95728,127.1790031,
95729,129.0507724,
95730,131.7786758,
95731,133.5354954,
95732,133.939432,
95733,135.8241362,
95734,138.7239933,
95735,140.9673348,
95736,141.4230589,
95737,142.4760044,
95738,143.8611705,
95739,144.2330473,
95740,144.5850933,
95741,145.2371154,
95742,145.7302339,
95743,146.1031763,
95744,146.4244738,
95745,147.2553051,
95746,148.1362178,
95747,149.1781053,
95748,150.2837893,
95749,150.3129599,
95750,152.9080379,
95751,154.9683279,
95752,155.3826492,
95753,156.6348886,
95754,158.469886,
95755,159.7767656,
95756,160.5506892,
95757,162.2702902,
95758,165.5876643,
95759,166.8873309,
95760,167.8608365,
95761,169.9024947,
95762,171.5790701,
95763,172.1824265,
95764,174.3990522,
95765,176.43706,
95766,177.5314012,
95767,178.0265035,
95768,180.0162312,
95769,181.804356,
95770,183.0653929,
95771,183.5701348,
95772,184.5373938,
95773,186.4037393,
95774,186.556896,
95775,187.4697943,
95776,187.9905514,
95777,188.5243532,
95778,188.397976,
95779,188.3382512,
95780,189.4730175,
95781,190.7155136,
95782,191.2885269,
95783,192.5922028,
95784,193.4773373,
95785,193.6282503,
95786,193.5424725,
95787,193.8226747,
95788,194.7750647,
95789,195.5435504,
95790,196.031223,
95791,196.3401405,
95792,196.9346886,
95793,197.8214002,
95794,197.9712664,
95795,198.1070311,
95796,198.3598104,
95797,198.8073396,
95798,199.5180099,
95799,200.020332,
95800,201.1436781,
95801,201.7886751,
95802,202.0469353,
95803,202.2715668,
95804,202.7032073,
95805,203.3518503,
95806,204.0822318,
95807,204.1799062,
95808,204.5214421,
95809,205.1593955,
95810,205.3383233,
95811,205.2183455,
95812,205.5599416,
95813,205.5557312,
95814,205.5537697,
95815,205.5458998,
95816,205.4141761,
95817,205.3655515,
95818,205.2083768,
95819,204.8474685,
95820,204.2893957,
95821,204.1600364,
95822,204.3109753,
95823,204.3938978,
95824,203.8783614,
95825,203.3219314,
95826,202.7759767,
95827,202.2198472,
95828,200.8560353,
95829,200.4900415,
95830,199.9838413,
95831,198.706753,
95832,197.830946,
95833,196.8590825,
95834,196.4929901,
95835,195.3860599,
95836,194.3447622,
95837,193.0332687,
95838,192.4221917,
95839,192.3310427,
95840,191.3287032,
95841,189.6018282,
95842,188.4212752,
95843,187.5150853,
95844,186.260722,
95845,184.1637724,
95846,182.3685587,
95847,181.7554284,
95848,180.1298137,
95849,178.175556,
95850,176.5461529,
95851,175.1129629,
95852,173.8988693,
95853,171.9129987,
95854,170.748828,
95855,169.7605955,
95856,168.5053444,
95857,167.0089853,
95858,165.4793449,
95859,163.8846251,
95860,162.2277698,
95861,161.7245457,
95862,159.3693948,
95863,156.4037475,
95864,155.6719331,
95865,154.4716806,
95866,152.5150161,
95867,150.4501185,
95868,149.9637723,
95869,148.1038976,
95870,146.8128839,
95871,144.56212,
95872,144.2418405,
95873,143.9385245,
95874,142.9590772,
95875,142.4552561,
95876,142.047828,
95877,142.4633721,
95878,141.2997859,
95879,139.5380865,
95880,138.9844682,
95881,138.7549012,
95882,137.7034758,
95883,136.6305432,
95884,135.4028395,
95885,135.4860437,
95886,134.7353509,
95887,133.2678772,
95888,131.8700738,
95889,131.5662317,
95890,130.5468778,
95891,129.505439,
95892,128.9614903,
95893,128.5495851,
95894,127.9924527,
95895,127.0875305,
95896,126.8852112,
95897,126.1662039,
95898,125.3481783,
95899,125.036678,
95900,124.7414469,
95901,124.8844909,
95902,124.7395693,
95903,124.0877237,
95904,123.9708182,
95905,123.9861258,
95906,124.1973044,
95907,124.4104447,
95908,124.6715168,
95909,125.1349412,
95910,125.6436525,
95911,125.97396,
95912,126.2294355,
95913,126.8983155,
95914,128.1618995,
95915,129.0193293,
95916,129.8016941,
95917,130.9306883,
95918,131.922618,
95919,132.351894,
95920,132.8084057,
95921,133.7181902,
95922,135.3631878,
95923,135.8026059,
95924,136.9448121,
95925,139.2219712,
95926,140.5614208,
95927,140.9177773,
95928,142.1810691,
95929,143.9217646,
95930,145.4560324,
95931,146.1766149,
95932,146.9776991,
95933,150.1577423,
95934,151.473062,
95935,152.3631696,
95936,153.4823494,
95937,154.9355066,
95938,156.837684,
95939,157.9636597,
95940,158.9641373,
95941,161.9732249,
95942,164.3823045,
95943,164.3270571,
95944,165.9777967,
95945,168.1488178,
95946,170.795135,
95947,171.1199473,
95948,173.8417842,
95949,176.6302604,
95950,177.5881675,
95951,178.9475536,
95952,181.4330542,
95953,184.6346214,
95954,185.4365678,
95955,187.4340021,
95956,190.5789183,
95957,192.1638607,
95958,193.5952468,
95959,194.965635,
95960,197.0575018,
95961,198.3382197,
95962,199.3969279,
95963,201.4305291,
95964,204.3590455,
95965,205.7332979,
95966,205.9427489,
95967,207.9739979,
95968,209.5878836,
95969,210.6999717,
95970,210.9499767,
95971,213.0309166,
95972,215.6757157,
95973,216.6363938,
95974,218.7347402,
95975,221.1700482,
95976,222.3201425,
95977,223.3157304,
95978,226.5235243,
95979,228.5578803,
95980,229.4537832,
95981,231.3084555,
95982,233.5095698,
95983,235.3708594,
95984,236.0445765,
95985,238.0752625,
95986,240.076538,
95987,241.3561778,
95988,242.1412144,
95989,243.5600563,
95990,243.8228386,
95991,244.5210263,
95992,244.5487745,
95993,245.1619393,
95994,245.1985568,
95995,245.7297867,
95996,245.4177056,
95997,245.6370843,
95998,245.7963562,
95999,246.4351228,
96000,246.2409697,
96001,246.1419472,
96002,246.2890326,
96003,246.1594958,
96004,246.1539706,
96005,246.021264,
96006,245.6609767,
96007,245.1895433,
96008,245.4172152,
96009,245.1172652,
96010,244.7164908,
96011,244.728507,
96012,244.7391262,
96013,244.3585191,
96014,243.787849,
96015,243.520866,
96016,242.8671187,
96017,241.9569978,
96018,241.3930339,
96019,240.3422904,
96020,239.3087512,
96021,238.0340097,
96022,237.6955308,
96023,236.6394444,
96024,235.0975048,
96025,233.6259393,
96026,233.3933285,
96027,232.7904876,
96028,231.2241706,
96029,230.2882455,
96030,229.1040989,
96031,228.4602409,
96032,227.4096122,
96033,225.8380803,
96034,223.934059,
96035,223.3634902,
96036,223.200009,
96037,222.0290144,
96038,220.3338166,
96039,218.6690539,
96040,217.229075,
96041,216.4561388,
96042,213.7913,
96043,211.196583,
96044,210.9097938,
96045,209.5264809,
96046,207.6804638,
96047,205.3721029,
96048,204.9032397,
96049,203.9277553,
96050,202.8215046,
96051,201.6626425,
96052,198.8939868,
96053,199.1367474,
96054,199.113935,
96055,198.0496641,
96056,198.4196397,
96057,198.6755567,
96058,198.5344525,
96059,198.9507684,
96060,199.4607726,
96061,199.2958012,
96062,199.0934589,
96063,199.1140472,
96064,199.624814,
96065,199.8623118,
96066,199.8691974,
96067,200.1905819,
96068,200.425263,
96069,200.7029076,
96070,199.598704,
96071,199.9235038,
96072,201.2564383,
96073,201.4801626,
96074,201.7099426,
96075,200.7275055,
96076,200.6178004,
96077,200.9212308,
96078,201.5891032,
96079,202.7616855,
96080,201.6208543,
96081,203.0041364,
96082,203.5005807,
96083,202.0271873,
96084,203.4519386,
96085,204.0847273,
96086,204.7584515,
96087,204.5560608,
96088,204.2153376,
96089,204.6202792,
96090,204.7129572,
96091,204.7248418,
96092,204.8118043,
96093,205.0211406,
96094,205.5457396,
96095,205.2960289,
96096,205.3629663,
96097,204.7496991,
96098,204.9901217,
96099,203.7028219,
96100,203.3701091,
96101,203.4451568,
96102,202.7285929,
96103,201.8734004,
96104,200.9211946,
96105,200.7198561,
96106,200.367355,
96107,199.8132664,
96108,199.2423281,
96109,198.321312,
96110,198.0585956,
96111,197.4943271,
96112,196.9130332,
96113,195.9993507,
96114,195.628222,
96115,195.3892833,
96116,194.9002402,
96117,193.5359604,
96118,193.432676,
96119,193.2024235,
96120,193.0446812,
96121,192.625162,
96122,192.3622931,
96123,192.1086851,
96124,191.7010032,
96125,191.0937826,
96126,190.6465952,
96127,190.4032188,
96128,189.8072644,
96129,189.3861045,
96130,189.025489,
96131,188.8343391,
96132,188.3076563,
96133,187.9059623,
96134,187.7072904,
96135,187.801822,
96136,187.790034,
96137,187.8355628,
96138,187.5523397,
96139,187.0393414,
96140,186.9623735,
96141,186.9196035,
96142,186.896641,
96143,186.9752162,
96144,186.9869225,
96145,187.4895011,
96146,188.3466588,
96147,188.8620676,
96148,189.0804526,
96149,189.8116323,
96150,190.5327025,
96151,190.9675719,
96152,191.9254473,
96153,192.5717982,
96154,193.2386878,
96155,194.2620819,
96156,194.9990852,
96157,195.9033312,
96158,196.491062,
96159,196.7491173,
96160,197.5545063,
96161,198.0399401,
96162,198.8740208,
96163,200.0594977,
96164,200.1539136,
96165,200.8906763,
96166,202.3173551,
96167,203.6099411,
96168,203.9079588,
96169,204.4142886,
96170,205.1393819,
96171,206.0380999,
96172,208.1194901,
96173,209.3239421,
96174,210.9750238,
96175,211.3468544,
96176,213.3727256,
96177,215.4572413,
96178,216.877697,
96179,217.3245674,
96180,219.8647201,
96181,221.7550598,
96182,223.139384,
96183,223.1613887,
96184,224.083935,
96185,225.5424557,
96186,227.6356665,
96187,228.6409586,
96188,229.1748988,
96189,231.1607364,
96190,232.5028668,
96191,234.5513778,
96192,236.1104525,
96193,236.1123295,
96194,236.4053037,
96195,237.7171536,
96196,240.5620837,
96197,240.6610465,
96198,242.074955,
96199,244.1442466,
96200,246.0639079,
96201,247.2213838,
96202,247.7112257,
96203,249.1757543,
96204,251.2270693,
96205,252.0850302,
96206,252.7650076,
96207,254.3232596,
96208,256.0712216,
96209,257.9273398,
96210,259.0278041,
96211,260.2106725,
96212,261.8690321,
96213,263.708087,
96214,264.7038286,
96215,266.3730754,
96216,267.9851074,
96217,269.8198808,
96218,269.8660015,
96219,271.6348796,
96220,274.5207374,
96221,275.7878627,
96222,276.3702861,
96223,277.7027893,
96224,279.8619369,
96225,281.5373641,
96226,282.0813493,
96227,284.3219517,
96228,285.8488868,
96229,287.5752702,
96230,289.3160838,
96231,290.7936686,
96232,293.3354312,
96233,295.0752122,
96234,295.730098,
96235,297.3588004,
96236,299.6438289,
96237,301.5040024,
96238,302.5958394,
96239,304.1434713,
96240,306.3555186,
96241,309.8781281,
96242,310.4460984,
96243,312.6485901,
96244,314.8059435,
96245,316.1062404,
96246,316.966193,
96247,319.6669791,
96248,322.2678616,
96249,323.9820737,
96250,325.5638857,
96251,327.8680954,
96252,330.5150571,
96253,331.0467169,
96254,332.5618819,
96255,334.8820511,
96256,336.9697963,
96257,339.4667735,
96258,339.8003879,
96259,341.5860721,
96260,342.4912564,
96261,343.7868777,
96262,344.539095,
96263,344.7509349,
96264,344.5480151,
96265,346.1432306,
96266,347.236612,
96267,346.3628892,
96268,348.0964798,
96269,348.8473747,
96270,350.3581214,
96271,350.2801507,
96272,350.3875482,
96273,351.0056916,
96274,351.4778322,
96275,352.1413034,
96276,352.4340444,
96277,352.6074299,
96278,352.3169213,
96279,352.0452249,
96280,352.1901547,
96281,352.2062619,
96282,352.2504285,
96283,352.217016,
96284,351.7750074,
96285,351.5298234,
96286,351.2599712,
96287,350.7230127,
96288,350.5082708,
96289,350.2477981,
96290,350.1058227,
96291,349.5628617,
96292,349.2314628,
96293,348.8198483,
96294,348.6825235,
96295,348.7921977,
96296,349.5390101,
96297,349.436136,
96298,349.6522223,
96299,349.3450425,
96300,348.9710555,
96301,349.1523023,
96302,349.1716816,
96303,349.3148116,
96304,349.521409,
96305,349.8435669,
96306,350.0122469,
96307,349.8694509,
96308,350.0534104,
96309,350.4114467,
96310,350.8135762,
96311,351.6968728,
96312,351.8330416,
96313,351.9075929,
96314,351.7492603,
96315,351.755257,
96316,352.2253126,
96317,352.4385094,
96318,352.55746,
96319,352.822193,
96320,353.007891,
96321,353.4201357,
96322,353.6104809,
96323,353.6254353,
96324,353.7842851,
96325,353.9530998,
96326,353.7350407,
96327,353.6377033,
96328,353.7085404,
96329,354.0477086,
96330,354.1196055,
96331,354.2350331,
96332,354.8882424,
96333,354.6564393,
96334,354.6319924,
96335,354.7141651,
96336,354.7749012,
96337,354.9147169,
96338,354.8917412,
96339,354.4572366,
96340,354.55717,
96341,354.2465528,
96342,353.7146208,
96343,353.3090725,
96344,352.9893048,
96345,352.4419912,
96346,351.8684155,
96347,351.3571656,
96348,350.5322373,
96349,349.8748035,
96350,349.3507692,
96351,347.946386,
96352,347.0825759,
96353,346.5096059,
96354,346.3691637,
96355,345.1897535,
96356,344.0522005,
96357,342.0316994,
96358,341.3437156,
96359,339.5874135,
96360,339.0492956,
96361,337.2496693,
96362,336.1488603,
96363,334.8602595,
96364,333.277924,
96365,331.4751633,
96366,330.5050207,
96367,328.4198908,
96368,327.0551798,
96369,325.0027443,
96370,323.9633872,
96371,322.0879437,
96372,319.1148248,
96373,316.95466,
96374,316.6781684,
96375,314.2659303,
96376,312.1085932,
96377,310.5544131,
96378,309.7928027,
96379,306.8081611,
96380,303.6619824,
96381,303.4674411,
96382,301.808814,
96383,299.2901471,
96384,297.2212837,
96385,296.7705513,
96386,294.2870827,
96387,292.9177017,
96388,291.605986,
96389,290.2460606,
96390,288.9975696,
96391,288.0923541,
96392,285.9994384,
96393,283.2124956,
96394,282.5677232,
96395,281.1554753,
96396,278.6150058,
96397,276.6843097,
96398,275.9766827,
96399,275.1645676,
96400,272.7186433,
96401,270.5868706,
96402,268.7940719,
96403,268.1345706,
96404,266.1508739,
96405,263.8344841,
96406,262.2280593,
96407,260.3035005,
96408,258.4667946,
96409,257.10436,
96410,255.6214705,
96411,254.7311195,
96412,251.8561569,
96413,249.2116221,
96414,248.5714084,
96415,247.9465928,
96416,246.2498118,
96417,245.5275214,
96418,243.8135483,
96419,242.8967843,
96420,242.6752179,
96421,240.8984511,
96422,238.8863904,
96423,237.0820236,
96424,236.0831307,
96425,234.2808227,
96426,232.9168999,
96427,231.349675,
96428,230.4616056,
96429,229.3982638,
96430,227.9856098,
96431,224.2700265,
96432,223.2492911,
96433,222.8313502,
96434,220.3901549,
96435,218.4118946,
96436,215.5869321,
96437,215.3199957,
96438,213.5051456,
96439,211.4106683,
96440,209.2284555,
96441,208.0442812,
96442,206.7297642,
96443,203.1447084,
96444,200.5833062,
96445,200.0152422,
96446,198.1501656,
96447,195.7781109,
96448,192.3544095,
96449,192.0483671,
96450,189.536081,
96451,187.4238824,
96452,186.0696441,
96453,184.4784142,
96454,183.0235085,
96455,181.3423116,
96456,180.1895411,
96457,179.2375767,
96458,178.7508092,
96459,178.0659553,
96460,175.9960615,
96461,174.794096,
96462,173.7154906,
96463,173.0601495,
96464,172.3823331,
96465,171.158555,
96466,169.9218123,
96467,169.2255017,
96468,167.9391466,
96469,166.5647431,
96470,165.103236,
96471,164.2695536,
96472,164.0729729,
96473,161.8222671,
96474,160.51154,
96475,160.1090498,
96476,159.0112733,
96477,157.3076863,
96478,156.3830922,
96479,155.8554667,
96480,155.6474729,
96481,154.1291919,
96482,152.8977225,
96483,152.2441376,
96484,151.2239314,
96485,150.2013891,
96486,149.8478123,
96487,150.0936668,
96488,149.8513258,
96489,149.7044564,
96490,149.7618654,
96491,150.179227,
96492,150.6597866,
96493,151.2387015,
96494,151.3478453,
96495,152.0479183,
96496,152.7618963,
96497,153.3070403,
96498,153.9502369,
96499,154.7803362,
96500,155.4039681,
96501,156.2491469,
96502,156.9611358,
96503,157.4654646,
96504,157.7598928,
96505,158.4537057,
96506,160.1200678,
96507,160.8339489,
96508,161.4451208,
96509,161.8978305,
96510,161.4743054,
96511,161.8207132,
96512,161.5103611,
96513,161.5130724,
96514,161.0745418,
96515,160.6746217,
96516,160.0911262,
96517,159.2707542,
96518,159.2607128,
96519,159.424479,
96520,159.2405315,
96521,158.6854446,
96522,157.8005708,
96523,157.2386158,
96524,156.9240593,
96525,156.5621253,
96526,156.2537715,
96527,156.0346978,
96528,155.7532374,
96529,155.2126955,
96530,155.2430977,
96531,155.1974762,
96532,155.6929191,
96533,155.960954,
96534,155.9349579,
96535,155.8075029,
96536,155.7564829,
96537,156.0791275,
96538,156.0209605,
96539,155.867459,
96540,155.9788703,
96541,155.9608456,
96542,156.1774971,
96543,155.9991103,
96544,156.1877441,
96545,156.0586592,
96546,155.9567693,
96547,156.0722414,
96548,155.9530018,
96549,156.7458341,
96550,156.3102934,
96551,156.2876082,
96552,155.4377829,
96553,155.167879,
96554,154.9065714,
96555,155.7195972,
96556,155.5387242,
96557,155.1077583,
96558,155.1010439,
96559,155.0389926,
96560,154.9996724,
96561,154.651706,
96562,155.1544566,
96563,154.8885497,
96564,155.1513723,
96565,154.7840596,
96566,154.5140169,
96567,154.3346543,
96568,154.3385358,
96569,154.1583832,
96570,153.895785,
96571,154.2161099,
96572,154.0663891,
96573,153.734117,
96574,153.9499012,
96575,153.8070383,
96576,153.5544545,
96577,153.7206766,
96578,153.8265591,
96579,153.6729293,
96580,153.3760027,
96581,153.670969,
96582,153.4849305,
96583,153.0640988,
96584,152.6493345,
96585,152.4606458,
96586,151.9523011,
96587,151.9862106,
96588,152.1351719,
96589,153.0219025,
96590,153.1470756,
96591,154.3508903,
96592,154.0120121,
96593,154.225754,
96594,155.1720007,
96595,155.1635613,
96596,155.6128582,
96597,155.6574367,
96598,156.5414268,
96599,156.4220621,
96600,155.2083983,
96601,156.2941179,
96602,158.0628332,
96603,159.4095244,
96604,160.2966496,
96605,161.2317076,
96606,162.2225047,
96607,162.7331932,
96608,164.4174044,
96609,166.4170466,
96610,167.4249826,
96611,169.0840213,
96612,169.7759431,
96613,171.2807691,
96614,173.6225379,
96615,175.7825599,
96616,177.879714,
96617,178.3622364,
96618,180.8802861,
96619,182.8382174,
96620,184.7635859,
96621,185.7004353,
96622,189.0813259,
96623,190.9144975,
96624,191.7531497,
96625,193.5814025,
96626,196.4221735,
96627,198.2987462,
96628,199.6806657,
96629,201.3188334,
96630,204.008265,
96631,205.2216719,
96632,206.4719423,
96633,208.2448799,
96634,210.4982742,
96635,212.1137421,
96636,212.9021444,
96637,214.0407368,
96638,216.6704738,
96639,218.5110729,
96640,219.1750243,
96641,220.8382288,
96642,223.4267759,
96643,224.7401695,
96644,226.0708055,
96645,228.584758,
96646,231.1014868,
96647,232.0553218,
96648,232.8660319,
96649,234.3249216,
96650,235.9815283,
96651,236.6999559,
96652,237.9606359,
96653,239.5026662,
96654,242.3834401,
96655,242.7789997,
96656,243.5626963,
96657,244.5195088,
96658,245.6200973,
96659,245.824133,
96660,244.6071729,
96661,245.58767,
96662,247.1269617,
96663,247.3802258,
96664,247.1897229,
96665,247.2129498,
96666,247.1883456,
96667,247.5621213,
96668,247.636936,
96669,247.5427559,
96670,247.7780836,
96671,248.1931714,
96672,248.5562594,
96673,248.9073508,
96674,249.1981025,
96675,249.2136244,
96676,249.3211488,
96677,249.7352145,
96678,249.7006895,
96679,249.7964613,
96680,250.0498072,
96681,250.6261542,
96682,250.4267501,
96683,250.4021089,
96684,250.095679,
96685,250.503315,
96686,250.1704024,
96687,250.3251044,
96688,250.5464808,
96689,251.0646509,
96690,250.8653375,
96691,250.3958513,
96692,249.851056,
96693,249.9803997,
96694,250.1221049,
96695,250.5252168,
96696,250.677398,
96697,250.8483266,
96698,250.6068629,
96699,250.4349689,
96700,250.2984766,
96701,250.1648292,
96702,250.3236488,
96703,250.8559208,
96704,251.254116,
96705,250.8688323,
96706,250.5000178,
96707,250.4801721,
96708,250.5195467,
96709,250.1615186,
96710,250.0060389,
96711,249.4907234,
96712,249.1690656,
96713,249.2237861,
96714,248.2129571,
96715,247.0840513,
96716,245.8964945,
96717,245.6600427,
96718,245.278336,
96719,244.6391276,
96720,244.3606168,
96721,242.5785353,
96722,241.6915545,
96723,239.1764625,
96724,238.3731897,
96725,237.1635575,
96726,235.5494538,
96727,233.7909971,
96728,233.0521318,
96729,231.0402043,
96730,228.5869685,
96731,227.5213819,
96732,226.8214002,
96733,224.8977053,
96734,222.7334994,
96735,222.0116506,
96736,220.9297062,
96737,217.8863862,
96738,215.3572196,
96739,215.4025675,
96740,213.4712574,
96741,211.2322074,
96742,209.2220979,
96743,208.2563231,
96744,205.2447896,
96745,203.2567589,
96746,202.8939876,
96747,201.0033464,
96748,198.6877602,
96749,197.6555771,
96750,195.8827911,
96751,192.5621872,
96752,190.9092999,
96753,190.3486738,
96754,188.5504923,
96755,186.9194408,
96756,185.6344029,
96757,185.1946545,
96758,183.9514153,
96759,181.5931158,
96760,178.2212687,
96761,177.567653,
96762,176.1318049,
96763,173.9183744,
96764,171.6220854,
96765,171.1590108,
96766,169.755641,
96767,166.5153594,
96768,164.5669289,
96769,163.8010056,
96770,162.3989752,
96771,160.8003057,
96772,158.5473547,
96773,156.330596,
96774,155.4652814,
96775,152.3764648,
96776,149.6783704,
96777,148.3228946,
96778,146.2912571,
96779,144.5913393,
96780,142.8783366,
96781,141.7672369,
96782,139.7767961,
96783,136.3614881,
96784,135.7587275,
96785,133.3720374,
96786,130.5119649,
96787,129.0363933,
96788,127.8306787,
96789,124.7793182,
96790,121.6229276,
96791,121.4641574,
96792,118.9272451,
96793,115.793615,
96794,114.5666345,
96795,113.3303126,
96796,109.3578399,
96797,106.7923379,
96798,106.09407,
96799,103.7151915,
96800,100.7305307,
96801,99.31828581,
96802,98.64085865,
96803,96.13139095,
96804,93.23691474,
96805,92.32582782,
96806,91.18754765,
96807,89.10132984,
96808,87.66835823,
96809,86.85767563,
96810,86.77672506,
96811,85.89091081,
96812,85.34375314,
96813,84.81663144,
96814,85.21456304,
96815,85.20966718,
96816,85.27812887,
96817,84.79995774,
96818,85.35708712,
96819,85.4288943,
96820,85.32662537,
96821,85.45700332,
96822,85.64708255,
96823,86.32172688,
96824,86.89979962,
96825,87.30729732,
96826,87.67876224,
96827,88.6975195,
96828,89.59505024,
96829,90.16122766,
96830,91.09546175,
96831,92.7444947,
96832,93.49196567,
96833,94.02950335,
96834,94.91361276,
96835,96.28769693,
96836,97.38162383,
96837,98.17049386,
96838,98.64520913,
96839,99.70403464,
96840,100.2478004,
96841,100.6564202,
96842,101.0095833,
96843,101.5589968,
96844,102.3061962,
96845,102.4245815,
96846,101.8289871,
96847,101.3091207,
96848,102.0329389,
96849,101.6313629,
96850,102.1086963,
96851,103.0751372,
96852,103.2115646,
96853,103.2121978,
96854,103.1858345,
96855,103.1001696,
96856,103.306381,
96857,103.2359584,
96858,103.1768496,
96859,102.6158784,
96860,101.9266855,
96861,101.8357418,
96862,101.086725,
96863,99.99612737,
96864,98.55757396,
96865,98.17076937,
96866,98.18301816,
96867,97.48074675,
96868,96.84159107,
96869,96.2442379,
96870,95.72607282,
96871,94.965619,
96872,93.69128913,
96873,92.95769772,
96874,92.44669417,
96875,91.31210655,
96876,89.88886179,
96877,89.23024188,
96878,89.03498191,
96879,88.92899183,
96880,88.88646675,
96881,88.33333958,
96882,88.21531603,
96883,88.2148637,
96884,88.12863786,
96885,87.94629353,
96886,87.9269283,
96887,88.32939425,
96888,88.64506101,
96889,89.03957847,
96890,89.02249574,
96891,88.43467672,
96892,88.46214203,
96893,88.16957665,
96894,88.08312954,
96895,88.1154513,
96896,88.16753555,
96897,88.27148073,
96898,88.29747338,
96899,88.02764228,
96900,86.91176019,
96901,85.90795636,
96902,86.04378168,
96903,85.42096958,
96904,84.9906769,
96905,84.52761891,
96906,84.20622434,
96907,84.34111372,
96908,83.63966824,
96909,83.32314258,
96910,82.71976996,
96911,82.23935239,
96912,81.97770224,
96913,81.26717655,
96914,80.85076132,
96915,80.59265442,
96916,80.11750613,
96917,79.85431633,
96918,79.625807,
96919,79.9829407,
96920,79.56160131,
96921,78.64602354,
96922,78.94191279,
96923,78.85000898,
96924,79.20555399,
96925,79.67070647,
96926,79.97891174,
96927,80.10932595,
96928,80.28705408,
96929,80.07667284,
96930,79.79914381,
96931,79.62249295,
96932,80.22002133,
96933,80.81324068,
96934,80.9388935,
96935,81.84452067,
96936,82.34125397,
96937,83.1438631,
96938,83.36891352,
96939,83.83267789,
96940,85.11289696,
96941,85.55315181,
96942,85.6905481,
96943,86.57828532,
96944,87.33271913,
96945,88.04116881,
96946,88.29633146,
96947,89.33153859,
96948,90.5618045,
96949,90.76491642,
96950,92.25260666,
96951,93.49458566,
96952,94.05960106,
96953,94.87940433,
96954,96.80812889,
96955,98.26707249,
96956,98.78104108,
96957,99.90780859,
96958,101.1409576,
96959,102.3950963,
96960,102.5901521,
96961,103.7102614,
96962,106.6875044,
96963,107.579116,
96964,108.5760809,
96965,110.8137896,
96966,112.6020938,
96967,113.1816649,
96968,114.8563849,
96969,117.7904971,
96970,119.0381913,
96971,119.4075293,
96972,121.3200433,
96973,123.116169,
96974,123.3800143,
96975,123.7828306,
96976,125.1208803,
96977,126.7994477,
96978,127.4219687,
96979,127.7967351,
96980,128.0915612,
96981,128.2005247,
96982,128.2149048,
96983,127.9643304,
96984,127.8637602,
96985,127.7217892,
96986,127.4179728,
96987,127.3725311,
96988,127.2868331,
96989,127.2052674,
96990,127.2658781,
96991,126.9438402,
96992,126.5068259,
96993,125.680501,
96994,125.3970144,
96995,124.8120038,
96996,124.7558068,
96997,123.9670161,
96998,122.967076,
96999,122.0894989,
97000,121.4990765,
97001,120.9244596,
97002,119.928887,
97003,119.2938158,
97004,117.9217374,
97005,117.4065557,
97006,116.5916057,
97007,115.4178268,
97008,114.2257062,
97009,113.2715959,
97010,112.7851279,
97011,110.6117549,
97012,108.8157435,
97013,108.1650874,
97014,107.2090708,
97015,105.7506679,
97016,104.1365333,
97017,103.4052395,
97018,102.4637252,
97019,100.1552741,
97020,98.03566959,
97021,97.33764413,
97022,96.01913938,
97023,94.18796113,
97024,92.12192742,
97025,91.6699147,
97026,89.18440317,
97027,87.05504873,
97028,86.45001428,
97029,85.35504289,
97030,83.98285398,
97031,83.26055494,
97032,82.60764474,
97033,82.39892381,
97034,81.11923331,
97035,79.13902218,
97036,77.13308172,
97037,76.0031932,
97038,74.91869925,
97039,72.97691757,
97040,71.21622614,
97041,69.91441903,
97042,69.16164744,
97043,67.22478423,
97044,64.93951542,
97045,64.10879325,
97046,62.76002965,
97047,61.09245929,
97048,58.83604072,
97049,57.55891075,
97050,57.23196421,
97051,55.17277978,
97052,52.46177944,
97053,50.90018281,
97054,51.59510254,
97055,50.66948179,
97056,49.15248846,
97057,47.7447308,
97058,47.16898288,
97059,46.57584225,
97060,44.14073331,
97061,41.45147591,
97062,39.9325669,
97063,39.31504235,
97064,36.89227332,
97065,35.12423104,
97066,35.33733866,
97067,34.0784906,
97068,32.97112779,
97069,30.63321509,
97070,30.45307047,
97071,29.00293779,
97072,28.34925646,
97073,27.58945537,
97074,27.47563991,
97075,27.23126869,
97076,26.00749217,
97077,24.86562184,
97078,24.42062397,
97079,23.10461624,
97080,22.11629107,
97081,21.60528265,
97082,21.53004462,
97083,21.17013035,
97084,20.9742578,
97085,20.93314983,
97086,21.15423283,
97087,21.35651092,
97088,21.24125242,
97089,21.66051972,
97090,22.73075901,
97091,22.80561303,
97092,23.5481547,
97093,25.0258469,
97094,25.8430918,
97095,26.15203268,
97096,26.80118061,
97097,28.41329114,
97098,29.85421757,
97099,29.78753761,
97100,30.14253735,
97101,30.96976415,
97102,32.77660235,
97103,32.96959526,
97104,33.95831757,
97105,34.69706973,
97106,35.73192345,
97107,36.68797354,
97108,37.41891879,
97109,37.86876834,
97110,37.85879798,
97111,38.55557152,
97112,39.90258982,
97113,40.10264509,
97114,40.17335691,
97115,40.63672022,
97116,41.59341926,
97117,42.31402932,
97118,42.37033058,
97119,42.9842862,
97120,42.47997656,
97121,44.4646343,
97122,45.71595866,
97123,46.24805567,
97124,47.39332394,
97125,47.9535388,
97126,48.49055992,
97127,48.76154281,
97128,49.26399347,
97129,49.58301823,
97130,50.92672913,
97131,52.45181691,
97132,53.25588054,
97133,54.01051219,
97134,55.72451195,
97135,57.51550569,
97136,58.03519401,
97137,59.50445896,
97138,61.34193567,
97139,62.64185566,
97140,62.53360654,
97141,64.62575205,
97142,66.8716231,
97143,67.72495491,
97144,68.12210463,
97145,68.76957139,
97146,71.26298725,
97147,73.45356214,
97148,74.55230174,
97149,76.18455897,
97150,78.20219722,
97151,78.91149082,
97152,79.41435654,
97153,81.02048346,
97154,83.29654858,
97155,83.74265468,
97156,84.03889606,
97157,85.81479601,
97158,87.5595092,
97159,88.53268357,
97160,89.56847986,
97161,88.0195449,
97162,91.20013061,
97163,92.85686422,
97164,93.40132838,
97165,95.11014921,
97166,97.48606974,
97167,100.0719714,
97168,101.5419303,
97169,102.018623,
97170,103.4508526,
97171,105.0103042,
97172,106.1727997,
97173,107.6914361,
97174,109.0078745,
97175,110.1665508,
97176,111.6857309,
97177,113.2512196,
97178,113.2864776,
97179,113.6149575,
97180,115.3606752,
97181,117.3624783,
97182,118.8427027,
97183,119.7688907,
97184,120.3232762,
97185,121.8444417,
97186,123.4351084,
97187,125.7225141,
97188,126.3154393,
97189,128.0454615,
97190,130.4448351,
97191,131.9177187,
97192,133.1573402,
97193,133.7188675,
97194,135.7985916,
97195,136.5109167,
97196,137.1081532,
97197,136.8420459,
97198,138.7525418,
97199,140.890109,
97200,142.4387624,
97201,142.6765064,
97202,143.0343514,
97203,144.7337617,
97204,144.8381329,
97205,144.5630535,
97206,145.0732,
97207,144.7820144,
97208,145.0191357,
97209,145.8505403,
97210,145.2991367,
97211,145.8322331,
97212,146.401446,
97213,146.3703104,
97214,146.0347305,
97215,145.3858598,
97216,145.0576556,
97217,144.6266371,
97218,144.7495841,
97219,144.3946112,
97220,143.9255439,
97221,143.7382438,
97222,143.9350949,
97223,144.5005886,
97224,144.7041802,
97225,145.080881,
97226,145.3143358,
97227,146.2596652,
97228,147.0026113,
97229,147.6943578,
97230,148.6320544,
97231,149.6875365,
97232,150.1120817,
97233,150.3641132,
97234,151.5270232,
97235,152.7892393,
97236,153.1075693,
97237,154.5102101,
97238,155.9238034,
97239,157.0946974,
97240,158.2257378,
97241,159.948488,
97242,161.5226959,
97243,163.0985818,
97244,163.9510399,
97245,166.3130989,
97246,168.3824977,
97247,170.594938,
97248,171.4221071,
97249,173.6704375,
97250,176.3458461,
97251,177.8782866,
97252,179.0976557,
97253,181.8540982,
97254,184.1158533,
97255,185.2724184,
97256,187.021946,
97257,189.5291305,
97258,191.7476877,
97259,192.5594184,
97260,194.2737994,
97261,196.686476,
97262,198.1542597,
97263,198.9121394,
97264,201.0566287,
97265,204.3436514,
97266,205.8718204,
97267,206.6676365,
97268,209.5909876,
97269,211.2053011,
97270,212.1292227,
97271,213.2262461,
97272,215.5733714,
97273,218.167644,
97274,218.3773041,
97275,220.6703539,
97276,223.1842178,
97277,224.4103612,
97278,225.1031517,
97279,226.7071841,
97280,228.8546447,
97281,228.9977613,
97282,229.6128932,
97283,232.22492,
97284,233.8660511,
97285,234.4039166,
97286,234.3886016,
97287,235.1797192,
97288,236.7648946,
97289,236.4636447,
97290,236.7359401,
97291,236.7545584,
97292,237.2148328,
97293,237.3807573,
97294,237.7876249,
97295,237.8624572,
97296,238.6262046,
97297,238.7206231,
97298,238.4260642,
97299,238.0065904,
97300,238.1386973,
97301,238.3838728,
97302,238.5534734,
97303,238.5059213,
97304,238.7575026,
97305,239.0911975,
97306,238.940907,
97307,239.2858878,
97308,239.6398,
97309,239.9955369,
97310,240.1284118,
97311,240.364618,
97312,240.6531149,
97313,241.1811212,
97314,241.2860253,
97315,241.9417276,
97316,242.5003127,
97317,243.2098948,
97318,243.2596029,
97319,243.2786086,
97320,243.3829909,
97321,243.4112864,
97322,243.844085,
97323,243.819912,
97324,243.9035848,
97325,244.1157029,
97326,243.965904,
97327,243.8400006,
97328,243.9045132,
97329,244.18156,
97330,244.3616297,
97331,244.3313804,
97332,243.8257496,
97333,243.322121,
97334,243.1639129,
97335,242.5059248,
97336,241.9150043,
97337,241.0554776,
97338,241.0681853,
97339,240.631418,
97340,239.8160937,
97341,238.7521884,
97342,237.923855,
97343,237.0166422,
97344,235.7334839,
97345,234.171238,
97346,233.83577,
97347,232.5474218,
97348,230.8030979,
97349,230.0133051,
97350,229.6743304,
97351,227.9943977,
97352,225.8590589,
97353,224.5233275,
97354,223.8035687,
97355,223.3134964,
97356,221.2865592,
97357,219.8161829,
97358,219.1353392,
97359,216.2059864,
97360,213.6748859,
97361,212.5691331,
97362,212.170434,
97363,210.2565586,
97364,208.4018877,
97365,207.0372085,
97366,205.7011527,
97367,203.2393892,
97368,200.8230342,
97369,200.0986506,
97370,198.5914322,
97371,198.2144942,
97372,197.6169255,
97373,197.3376156,
97374,196.0839364,
97375,194.6974166,
97376,192.0172762,
97377,189.9812049,
97378,189.1555489,
97379,188.3326247,
97380,186.7764081,
97381,184.818866,
97382,184.3874734,
97383,183.7269841,
97384,181.9981121,
97385,179.4027869,
97386,177.6238831,
97387,176.9594665,
97388,175.5309,
97389,174.0904082,
97390,173.5536151,
97391,172.8187793,
97392,172.2543556,
97393,170.4164128,
97394,167.7918786,
97395,167.3698957,
97396,165.5960198,
97397,163.8602126,
97398,162.3031055,
97399,160.9545049,
97400,158.8701244,
97401,156.0595321,
97402,154.3011723,
97403,153.8905102,
97404,152.2156657,
97405,150.3245832,
97406,148.6636558,
97407,147.2514349,
97408,144.5000546,
97409,142.7415614,
97410,141.9729467,
97411,140.9026312,
97412,138.6228033,
97413,137.1102337,
97414,136.8787502,
97415,134.662045,
97416,132.2852038,
97417,131.7026811,
97418,130.9924995,
97419,128.9851479,
97420,126.9974845,
97421,126.4495369,
97422,124.6801601,
97423,122.4729746,
97424,121.5635578,
97425,120.5141511,
97426,118.8645239,
97427,117.3318334,
97428,117.0148718,
97429,115.1252204,
97430,113.7965326,
97431,113.3280537,
97432,111.7825332,
97433,110.0600986,
97434,109.3965834,
97435,108.9334205,
97436,107.4829239,
97437,106.3931409,
97438,106.0057446,
97439,105.1313419,
97440,104.4383048,
97441,103.1857363,
97442,103.2781338,
97443,102.8255964,
97444,102.0880028,
97445,101.5274912,
97446,101.0276354,
97447,100.311201,
97448,100.1326937,
97449,100.3335227,
97450,100.6338795,
97451,100.6870319,
97452,100.5967782,
97453,100.6821033,
97454,101.1588234,
97455,101.5282963,
97456,101.3941277,
97457,102.1060627,
97458,102.4388703,
97459,102.7111524,
97460,103.1015582,
97461,103.5106562,
97462,104.7143226,
97463,104.8771489,
97464,106.5380972,
97465,107.4346144,
97466,107.9060075,
97467,108.6948319,
97468,109.7979043,
97469,110.7988157,
97470,111.2946991,
97471,113.4857236,
97472,115.5768951,
97473,116.5829759,
97474,117.5767043,
97475,119.8845512,
97476,121.4219731,
97477,122.110589,
97478,123.5034506,
97479,126.5768821,
97480,127.4438675,
97481,128.8364749,
97482,131.5520138,
97483,133.5425396,
97484,134.7718742,
97485,136.296721,
97486,138.9834936,
97487,140.6082482,
97488,141.1802714,
97489,143.3861283,
97490,147.1124572,
97491,148.1430759,
97492,150.6063077,
97493,152.1404738,
97494,154.9041784,
97495,155.347274,
97496,157.2471005,
97497,159.8628875,
97498,161.6009474,
97499,162.4736791,
97500,165.1569857,
97501,166.9280623,
97502,168.0789818,
97503,170.2675177,
97504,173.3721009,
97505,175.2405034,
97506,176.3964513,
97507,178.5966361,
97508,181.8244514,
97509,182.2465851,
97510,185.1433368,
97511,187.4034243,
97512,189.2218995,
97513,190.7762768,
97514,193.8391268,
97515,196.3301811,
97516,196.6776414,
97517,198.2713445,
97518,200.1530979,
97519,202.8132624,
97520,203.6346703,
97521,205.1563,
97522,208.2873674,
97523,210.2935767,
97524,211.8037081,
97525,214.1131404,
97526,217.4952649,
97527,218.2810175,
97528,220.4109575,
97529,223.7850635,
97530,224.8176642,
97531,226.4858721,
97532,228.9265952,
97533,231.523328,
97534,232.7422903,
97535,235.3022138,
97536,237.8122602,
97537,240.3257717,
97538,240.656113,
97539,243.5230693,
97540,246.1302298,
97541,247.8210766,
97542,248.4415539,
97543,251.3790515,
97544,254.0005855,
97545,255.9490592,
97546,256.6394057,
97547,258.6783986,
97548,260.4128683,
97549,261.911493,
97550,264.2364079,
97551,266.7257139,
97552,268.8843612,
97553,270.0579499,
97554,270.4882158,
97555,272.3665653,
97556,274.0493183,
97557,274.7355451,
97558,275.112049,
97559,276.3431196,
97560,276.9792011,
97561,277.1035493,
97562,278.3157392,
97563,278.3619738,
97564,279.2073085,
97565,279.6510016,
97566,279.6789039,
97567,280.0053429,
97568,281.0828348,
97569,280.6326677,
97570,280.9815214,
97571,281.3553848,
97572,280.9085006,
97573,281.2189359,
97574,280.9085312,
97575,280.4014872,
97576,280.2190211,
97577,279.9297526,
97578,279.9600234,
97579,279.1783357,
97580,278.4260561,
97581,277.7778645,
97582,277.3655789,
97583,276.9570274,
97584,276.7208472,
97585,275.3166806,
97586,274.7949592,
97587,274.8620576,
97588,273.8480328,
97589,272.1205904,
97590,271.4083793,
97591,270.7074166,
97592,270.0114117,
97593,268.6439711,
97594,267.285922,
97595,266.5785689,
97596,266.4226551,
97597,265.8604023,
97598,264.735165,
97599,263.5204071,
97600,261.7806921,
97601,260.2423278,
97602,259.5543049,
97603,258.4115543,
97604,256.628511,
97605,256.3634691,
97606,255.1550493,
97607,254.8723535,
97608,252.6522624,
97609,250.810735,
97610,250.2332972,
97611,248.6265012,
97612,246.8280706,
97613,244.8865787,
97614,244.3759773,
97615,243.1205904,
97616,242.0642007,
97617,239.5799476,
97618,239.1217562,
97619,237.5577845,
97620,236.1630389,
97621,234.0654417,
97622,232.8121443,
97623,232.3363283,
97624,230.7660815,
97625,228.4130395,
97626,227.5800651,
97627,226.4101256,
97628,224.1592219,
97629,222.6028179,
97630,221.8486599,
97631,221.6164623,
97632,220.3419876,
97633,219.031534,
97634,217.9232604,
97635,217.0800794,
97636,214.888395,
97637,213.0356668,
97638,211.7535606,
97639,211.147853,
97640,210.6212822,
97641,208.956238,
97642,208.3555563,
97643,207.1113379,
97644,206.9016705,
97645,206.2511601,
97646,205.1588434,
97647,204.6573889,
97648,204.4877507,
97649,203.8009013,
97650,203.0584301,
97651,202.2524644,
97652,202.6853902,
97653,202.7466762,
97654,203.565008,
97655,203.58741,
97656,203.9327951,
97657,204.5883243,
97658,205.6706834,
97659,204.6267869,
97660,204.0838601,
97661,203.221864,
97662,203.7552715,
97663,203.3518276,
97664,203.9683966,
97665,204.02546,
97666,203.8027785,
97667,203.8129442,
97668,204.3806011,
97669,204.1531286,
97670,203.9595084,
97671,204.2769276,
97672,204.6100898,
97673,205.090948,
97674,205.5112852,
97675,205.8681286,
97676,206.2557185,
97677,206.3437757,
97678,206.31225,
97679,206.3631484,
97680,207.0836176,
97681,207.060247,
97682,206.8984919,
97683,206.8379384,
97684,207.0533834,
97685,207.2686245,
97686,207.3356277,
97687,207.3342921,
97688,207.3834704,
97689,207.8518368,
97690,208.0436212,
97691,208.2191082,
97692,208.6116636,
97693,209.538909,
97694,209.9424179,
97695,210.109697,
97696,210.3430682,
97697,211.1309334,
97698,211.5355646,
97699,211.9947306,
97700,212.9822769,
97701,213.2779934,
97702,213.2853843,
97703,213.0455806,
97704,213.6656749,
97705,214.2380052,
97706,214.6026336,
97707,215.0954071,
97708,215.2296799,
97709,215.6545699,
97710,215.5721122,
97711,215.7414832,
97712,216.1285681,
97713,216.0861812,
97714,216.0903596,
97715,216.2677615,
97716,216.5004184,
97717,216.5275112,
97718,216.1112595,
97719,215.8951889,
97720,216.1848277,
97721,216.3028968,
97722,215.952638,
97723,215.7916629,
97724,215.6298631,
97725,214.7785551,
97726,214.4697247,
97727,214.5198952,
97728,214.9004955,
97729,215.2023066,
97730,215.0076122,
97731,215.1923595,
97732,215.4200026,
97733,215.4526721,
97734,215.6731927,
97735,215.7188747,
97736,216.1862934,
97737,216.5355244,
97738,216.5872264,
97739,217.3027051,
97740,217.1706423,
97741,218.3176108,
97742,219.1678333,
97743,219.9187855,
97744,220.5496551,
97745,221.8067919,
97746,222.5691469,
97747,223.0479105,
97748,223.4934842,
97749,224.8173815,
97750,226.120937,
97751,226.3919432,
97752,227.0827132,
97753,227.9054804,
97754,229.3888768,
97755,229.501147,
97756,230.3041991,
97757,231.3982349,
97758,232.4032493,
97759,233.0309543,
97760,233.4941911,
97761,235.1656019,
97762,236.0633181,
97763,236.7721645,
97764,238.2617175,
97765,239.9352417,
97766,241.2645128,
97767,242.078208,
97768,244.4453883,
97769,246.0491104,
97770,247.0434219,
97771,248.8636577,
97772,250.5274858,
97773,251.9295705,
97774,253.3039799,
97775,254.7878075,
97776,257.7522324,
97777,258.4720253,
97778,259.5199026,
97779,261.6755876,
97780,263.9839137,
97781,264.7454693,
97782,266.3297881,
97783,269.7808882,
97784,270.4977983,
97785,272.5259202,
97786,274.3304389,
97787,276.2500624,
97788,278.0444469,
97789,279.667477,
97790,282.0394689,
97791,283.2553469,
97792,284.0679369,
97793,285.492652,
97794,287.5592451,
97795,289.3523389,
97796,290.4573294,
97797,292.0241381,
97798,293.5437771,
97799,295.8584031,
97800,295.0025465,
97801,296.9349091,
97802,300.2909431,
97803,302.1361161,
97804,303.2464833,
97805,304.7486813,
97806,307.2741067,
97807,308.5507985,
97808,309.1082403,
97809,310.1632617,
97810,311.2295258,
97811,312.7452997,
97812,314.5061218,
97813,315.1040179,
97814,315.2388307,
97815,317.3473809,
97816,318.305313,
97817,319.1385957,
97818,320.3356834,
97819,321.2271675,
97820,323.1054697,
97821,324.7354541,
97822,324.2933774,
97823,324.2214419,
97824,325.4202599,
97825,327.095511,
97826,327.6845205,
97827,327.8886513,
97828,328.6811855,
97829,329.8315252,
97830,330.2273209,
97831,330.3301369,
97832,330.652845,
97833,331.7104667,
97834,332.1208071,
97835,332.6593355,
97836,333.8474551,
97837,334.6676158,
97838,335.8919519,
97839,336.2514624,
97840,337.7289676,
97841,338.4041506,
97842,338.2699631,
97843,338.7385044,
97844,339.118816,
97845,339.2692338,
97846,339.9739425,
97847,340.0369224,
97848,339.9946791,
97849,340.1022721,
97850,339.8566008,
97851,339.6286976,
97852,339.4466516,
97853,339.0609389,
97854,338.4938206,
97855,338.7513247,
97856,338.3628754,
97857,337.2491501,
97858,336.5728408,
97859,335.9765499,
97860,335.5852455,
97861,335.6038851,
97862,334.2837223,
97863,333.3826932,
97864,332.3422953,
97865,331.8824684,
97866,331.2211979,
97867,328.7461534,
97868,327.8714568,
97869,327.3076148,
97870,325.7907669,
97871,324.3300944,
97872,322.8530955,
97873,321.869879,
97874,320.4170601,
97875,318.8065801,
97876,317.0551514,
97877,316.5395317,
97878,315.6795089,
97879,313.7844093,
97880,312.7790155,
97881,312.3807173,
97882,310.124882,
97883,307.1647439,
97884,305.8193264,
97885,305.3982172,
97886,303.4032001,
97887,300.4361883,
97888,299.9620752,
97889,298.5514155,
97890,295.6659196,
97891,293.6027781,
97892,293.6189965,
97893,292.0415267,
97894,289.5408923,
97895,288.4860839,
97896,288.7049967,
97897,285.2062423,
97898,282.0017443,
97899,280.8486722,
97900,280.4144257,
97901,279.2416809,
97902,276.1011673,
97903,275.0153222,
97904,273.6228578,
97905,271.0492611,
97906,268.893222,
97907,268.405313,
97908,267.8874943,
97909,266.4212266,
97910,264.5252004,
97911,263.6370598,
97912,263.1884539,
97913,261.4515031,
97914,259.622379,
97915,257.8163046,
97916,257.1103136,
97917,255.9447964,
97918,253.5426326,
97919,252.9181063,
97920,252.3759594,
97921,251.4793136,
97922,250.60716,
97923,249.9374877,
97924,249.8698912,
97925,248.7722819,
97926,248.1852921,
97927,247.5408794,
97928,247.8730985,
97929,247.4475271,
97930,247.0500538,
97931,246.4839615,
97932,246.6819596,
97933,246.0081805,
97934,245.6859891,
97935,244.998947,
97936,243.4150608,
97937,242.7711314,
97938,242.4508696,
97939,240.8614671,
97940,239.8047179,
97941,239.0556943,
97942,238.7103395,
97943,238.0255528,
97944,237.2485369,
97945,236.7543664,
97946,236.5564682,
97947,236.0812788,
97948,235.8308214,
97949,235.6173528,
97950,235.5496687,
97951,235.4207154,
97952,235.132613,
97953,235.4499581,
97954,235.7355869,
97955,235.8859167,
97956,235.8018189,
97957,236.134721,
97958,237.0753756,
97959,237.9106472,
97960,238.1278731,
97961,239.2600893,
97962,239.6297793,
97963,240.1169864,
97964,239.9672488,
97965,240.742549,
97966,241.9229105,
97967,242.2762875,
97968,243.5088122,
97969,244.3649358,
97970,244.5805732,
97971,245.1209021,
97972,246.2578485,
97973,247.5525637,
97974,247.6624695,
97975,249.4864638,
97976,251.6917558,
97977,252.4370851,
97978,252.5425467,
97979,255.0918507,
97980,257.0140448,
97981,257.698599,
97982,259.3174654,
97983,261.4805926,
97984,263.3125395,
97985,263.7258523,
97986,265.9346899,
97987,268.1474275,
97988,269.4341008,
97989,271.3742627,
97990,273.1499069,
97991,274.3409837,
97992,275.5250506,
97993,277.4092528,
97994,279.6766068,
97995,280.8702774,
97996,280.7440918,
97997,282.715084,
97998,284.38367,
97999,285.0212394,
98000,286.2563697,
98001,287.4474862,
98002,288.1138161,
98003,288.6209712,
98004,288.8383007,
98005,290.0091839,
98006,291.3124553,
98007,292.5735394,
98008,293.2663311,
98009,294.716851,
98010,295.4514906,
98011,296.1008764,
98012,296.8022615,
98013,297.1441803,
98014,297.3538352,
98015,298.9786166,
98016,299.9963857,
98017,300.8995365,
98018,300.5663237,
98019,300.7646804,
98020,302.4465326,
98021,303.8986804,
98022,303.7262509,
98023,303.0287312,
98024,303.4923804,
98025,304.0694021,
98026,304.6326008,
98027,305.683598,
98028,305.7333677,
98029,304.5512141,
98030,304.4625848,
98031,305.1926786,
98032,304.2211778,
98033,304.2183124,
98034,304.7747748,
98035,304.1868316,
98036,304.2691155,
98037,303.6716838,
98038,303.7477941,
98039,303.1339757,
98040,302.858903,
98041,302.8808046,
98042,302.368055,
98043,301.6962136,
98044,301.2513594,
98045,300.9592499,
98046,300.8438079,
98047,300.5558335,
98048,300.2763798,
98049,300.2564626,
98050,300.037334,
98051,299.9459698,
98052,299.349579,
98053,298.8448091,
98054,298.7009734,
98055,298.4747737,
98056,298.0794654,
98057,297.7980457,
98058,297.1556025,
98059,296.1512029,
98060,295.2727453,
98061,294.4484552,
98062,294.4862423,
98063,293.2012736,
98064,292.0977036,
98065,291.3749337,
98066,291.0637231,
98067,290.0964197,
98068,288.1960366,
98069,287.7549585,
98070,287.5317942,
98071,286.9600662,
98072,285.5398214,
98073,284.3352711,
98074,283.6329569,
98075,282.5593419,
98076,280.3148151,
98077,278.7462027,
98078,278.876691,
98079,277.7881961,
98080,276.5891788,
98081,274.6962066,
98082,274.3093724,
98083,272.8346783,
98084,270.9658576,
98085,269.6256959,
98086,269.8722407,
98087,267.7354208,
98088,266.1244046,
98089,264.3262573,
98090,263.9231127,
98091,262.6241285,
98092,260.311026,
98093,257.9120556,
98094,258.5412144,
98095,257.1666362,
98096,257.1955311,
98097,255.7801368,
98098,253.724492,
98099,253.525192,
98100,251.9080357,
98101,249.1502371,
98102,246.6940508,
98103,247.1170717,
98104,245.305582,
98105,243.7199836,
98106,241.4220549,
98107,240.7003357,
98108,239.6369474,
98109,237.900334,
98110,234.3259442,
98111,231.5818692,
98112,232.1729472,
98113,230.0844847,
98114,228.450051,
98115,226.2445279,
98116,225.9061231,
98117,223.5597659,
98118,221.1707114,
98119,219.9712219,
98120,219.2824132,
98121,217.6169424,
98122,215.3615497,
98123,214.0071332,
98124,212.6829104,
98125,211.001551,
98126,209.1889027,
98127,207.9850553,
98128,208.9343583,
98129,207.366313,
98130,205.5294676,
98131,203.2633762,
98132,203.3273633,
98133,200.7445273,
98134,199.8279387,
98135,198.5494746,
98136,198.1982806,
98137,196.8357473,
98138,195.1379062,
98139,195.1937372,
98140,194.2480426,
98141,192.0453775,
98142,190.9303029,
98143,191.2978185,
98144,190.6847818,
98145,189.3189605,
98146,188.6447258,
98147,188.0596491,
98148,187.5005636,
98149,186.593569,
98150,185.957337,
98151,185.8634558,
98152,185.3666329,
98153,184.8275017,
98154,184.5632933,
98155,184.2543149,
98156,184.2032153,
98157,183.1531442,
98158,182.1059801,
98159,181.594893,
98160,180.7252261,
98161,179.7928835,
98162,178.5865208,
98163,178.5801184,
98164,178.7743898,
98165,177.8741199,
98166,177.6713318,
98167,177.6731772,
98168,177.5683233,
98169,177.4709176,
98170,177.1369828,
98171,176.8347831,
98172,177.9938992,
98173,177.5197702,
98174,177.625943,
98175,177.2671227,
98176,177.5838536,
98177,178.5815078,
98178,178.7902943,
98179,178.4330029,
98180,179.4307624,
98181,179.8423941,
98182,179.980525,
98183,180.2112335,
98184,180.5849051,
98185,180.4182848,
98186,180.4345763,
98187,181.05784,
98188,180.9546538,
98189,181.0428485,
98190,180.4059454,
98191,180.2058432,
98192,180.7768722,
98193,180.3211288,
98194,179.5714034,
98195,179.0263731,
98196,179.0633541,
98197,179.102007,
98198,178.9725428,
98199,178.9755547,
98200,179.1200768,
98201,179.8280858,
98202,180.6994556,
98203,181.4131574,
98204,181.989694,
98205,182.4548535,
98206,183.42561,
98207,184.3958862,
98208,185.2592525,
98209,185.1247794,
98210,186.0713432,
98211,186.9407977,
98212,187.9870534,
98213,188.0773128,
98214,188.6249863,
98215,189.9600058,
98216,190.9255767,
98217,191.6162926,
98218,191.414007,
98219,192.5032318,
98220,195.645846,
98221,197.0334649,
98222,197.0953467,
98223,198.3581965,
98224,198.5884563,
98225,200.7267223,
98226,201.0788662,
98227,201.8131883,
98228,203.1724288,
98229,204.4194838,
98230,206.5422479,
98231,206.3785252,
98232,207.6906762,
98233,208.30817,
98234,209.5777594,
98235,211.1554168,
98236,211.8797787,
98237,211.3357335,
98238,212.0999743,
98239,213.4123671,
98240,214.5728455,
98241,214.9613276,
98242,215.5163769,
98243,215.6252982,
98244,216.243551,
98245,215.6287585,
98246,215.8688894,
98247,216.3719019,
98248,217.2220165,
98249,217.2280545,
98250,217.641406,
98251,217.8112878,
98252,218.6001961,
98253,219.6582659,
98254,219.5806556,
98255,220.3080981,
98256,221.3105677,
98257,223.0228781,
98258,223.58928,
98259,223.8106962,
98260,223.5030482,
98261,224.0122459,
98262,224.4612098,
98263,224.1028662,
98264,223.7957259,
98265,224.3099403,
98266,225.0640883,
98267,225.7118267,
98268,225.447131,
98269,225.2236154,
98270,224.7581745,
98271,225.258088,
98272,225.5563936,
98273,225.6983422,
98274,225.5060258,
98275,225.5832601,
98276,226.0020043,
98277,226.1120284,
98278,226.5627474,
98279,227.1273513,
98280,226.9570816,
98281,227.1770635,
98282,227.432012,
98283,228.2345081,
98284,227.9263081,
98285,228.4975744,
98286,229.2487419,
98287,229.5539778,
98288,229.8708978,
98289,229.6362285,
98290,229.7259219,
98291,229.3361547,
98292,229.9838343,
98293,229.9907091,
98294,229.9635652,
98295,229.4581636,
98296,229.1648055,
98297,228.8363215,
98298,228.382615,
98299,227.8798124,
98300,227.3072961,
98301,227.376297,
98302,226.9063349,
98303,225.709722,
98304,225.019392,
98305,224.4987714,
98306,223.780329,
98307,222.7585981,
98308,222.039872,
98309,221.7501812,
98310,221.2595282,
98311,220.16002,
98312,219.3447204,
98313,218.4059832,
98314,218.4839069,
98315,216.3947136,
98316,214.7882355,
98317,214.2468153,
98318,213.7920417,
98319,213.0592506,
98320,212.5573855,
98321,212.4127798,
98322,211.7631118,
98323,210.6426905,
98324,210.5308446,
98325,210.7533784,
98326,210.1208241,
98327,210.6611129,
98328,210.6278768,
98329,210.6306723,
98330,211.107401,
98331,211.2489535,
98332,211.0474783,
98333,211.1723172,
98334,211.364668,
98335,211.6902928,
98336,211.7239596,
98337,211.750128,
98338,211.8150245,
98339,212.175937,
98340,212.6746192,
98341,213.4956061,
98342,213.7430169,
98343,213.6087942,
98344,213.6838567,
98345,213.2416075,
98346,213.0697797,
98347,212.5249393,
98348,212.2044885,
98349,212.4219139,
98350,212.293616,
98351,212.1047317,
98352,212.3656757,
98353,212.3827902,
98354,212.1015694,
98355,211.616212,
98356,211.1352597,
98357,211.5134984,
98358,211.5770847,
98359,210.8770646,
98360,211.3774802,
98361,211.8872217,
98362,211.4953104,
98363,211.2449063,
98364,211.6293093,
98365,211.8897681,
98366,211.0771743,
98367,209.1449189,
98368,208.2858514,
98369,208.416316,
98370,208.9928081,
98371,208.3204633,
98372,209.6740656,
98373,209.9886169,
98374,207.2800835,
98375,205.9264758,
98376,205.8867304,
98377,204.9315959,
98378,204.1631573,
98379,203.3256582,
98380,202.2786304,
98381,201.6386426,
98382,199.4009243,
98383,198.863891,
98384,197.6399878,
98385,197.5167794,
98386,197.439108,
98387,196.9819033,
98388,194.0948503,
98389,191.7188281,
98390,191.1884414,
98391,190.6932287,
98392,187.8858673,
98393,185.1655911,
98394,184.920757,
98395,183.6146372,
98396,181.2488171,
98397,178.9121777,
98398,178.0507504,
98399,176.2230952,
98400,174.2803336,
98401,172.0340206,
98402,171.7026555,
98403,169.6064104,
98404,166.7199645,
98405,165.7105256,
98406,164.5453598,
98407,161.6023717,
98408,159.7881132,
98409,159.1241299,
98410,157.0268951,
98411,154.6786658,
98412,153.4888531,
98413,152.206293,
98414,149.5313724,
98415,146.6931846,
98416,145.9607808,
98417,144.4171141,
98418,142.3342948,
98419,139.8168571,
98420,139.4993732,
98421,138.1763035,
98422,136.7099091,
98423,135.8584169,
98424,135.3705647,
98425,134.6006349,
98426,133.9172172,
98427,133.3828494,
98428,133.0636936,
98429,133.4225787,
98430,133.0775193,
98431,133.1062023,
98432,133.5525205,
98433,133.8357861,
98434,134.0868714,
98435,134.5572602,
98436,135.2029449,
98437,135.5999477,
98438,135.7894379,
98439,136.3525919,
98440,137.1385465,
98441,137.7635981,
98442,138.1991619,
98443,138.9966258,
98444,139.6409396,
98445,140.3380792,
98446,140.9568775,
98447,141.6336401,
98448,142.923183,
98449,144.004583,
98450,145.1697404,
98451,145.0847699,
98452,146.2215017,
98453,147.7147475,
98454,149.4714516,
98455,149.955075,
98456,150.5524863,
98457,152.7895983,
98458,154.2019866,
98459,155.7216014,
98460,155.9124147,
98461,158.1374311,
98462,159.9781753,
98463,161.6223855,
98464,162.4017042,
98465,163.9200023,
98466,164.5823695,
98467,167.4060637,
98468,168.2104271,
98469,170.5426812,
98470,172.5186512,
98471,174.0373633,
98472,174.3575294,
98473,176.057492,
98474,178.2189882,
98475,180.414099,
98476,181.6839674,
98477,183.8186765,
98478,186.8338535,
98479,187.7038621,
98480,188.0369326,
98481,189.9628953,
98482,191.805948,
98483,194.1749747,
98484,194.5622876,
98485,195.1965804,
98486,197.849664,
98487,200.5782918,
98488,201.0535464,
98489,203.1084232,
98490,205.182232,
98491,206.9532177,
98492,208.4923149,
98493,208.8282358,
98494,210.2552885,
98495,210.8346828,
98496,211.1283743,
98497,211.0330787,
98498,211.39474,
98499,211.2636599,
98500,212.9609084,
98501,213.7243661,
98502,213.7208899,
98503,213.7849432,
98504,213.8030808,
98505,213.7484661,
98506,214.3323093,
98507,214.1941769,
98508,214.268012,
98509,214.7691431,
98510,214.2589126,
98511,215.2184545,
98512,214.672137,
98513,214.7661836,
98514,214.2323378,
98515,214.0888103,
98516,214.0540923,
98517,214.0379994,
98518,214.0240438,
98519,214.2900399,
98520,214.3773469,
98521,214.6845039,
98522,214.5429454,
98523,214.2965128,
98524,214.3585405,
98525,214.7111791,
98526,214.8917059,
98527,215.0753766,
98528,215.0139273,
98529,214.6993893,
98530,214.7920019,
98531,214.7320064,
98532,214.6045869,
98533,214.7538712,
98534,215.1687799,
98535,215.3152633,
98536,215.0873518,
98537,215.1416572,
98538,215.0618426,
98539,215.0138109,
98540,214.5498985,
98541,214.0564151,
98542,214.0363155,
98543,213.5721663,
98544,212.7032672,
98545,211.7928476,
98546,211.5631036,
98547,210.6212959,
98548,209.6186238,
98549,208.4483964,
98550,208.3580026,
98551,207.5582935,
98552,207.1183015,
98553,206.39055,
98554,205.3202452,
98555,204.7649207,
98556,204.4089685,
98557,203.4943241,
98558,202.0875861,
98559,201.2457128,
98560,200.6755415,
98561,200.5573701,
98562,199.4803683,
98563,199.0274917,
98564,197.915726,
98565,197.5809368,
98566,197.5855097,
98567,196.8004074,
98568,197.9791122,
98569,197.7794389,
98570,197.8497093,
98571,197.7666944,
98572,198.1620191,
98573,197.8982306,
98574,198.3456444,
98575,198.514413,
98576,199.8125067,
98577,199.6528767,
98578,200.3083271,
98579,199.9314569,
98580,199.4675945,
98581,199.3177991,
98582,199.6898861,
98583,199.6019081,
98584,199.4891602,
98585,199.6200285,
98586,199.5836573,
98587,199.4192205,
98588,199.5493322,
98589,199.2020324,
98590,199.172961,
98591,198.9311033,
98592,198.4089709,
98593,198.2504116,
98594,197.8551106,
98595,197.6167931,
98596,197.1895336,
98597,196.7159956,
98598,196.5856311,
98599,196.8902518,
98600,196.9432089,
98601,197.1024965,
98602,196.9834726,
98603,196.9015969,
98604,197.0860039,
98605,196.5529207,
98606,196.0908528,
98607,195.8415332,
98608,195.4685453,
98609,195.3964696,
98610,194.7709579,
98611,194.1887291,
98612,194.8677796,
98613,194.6291007,
98614,194.7817674,
98615,194.9090371,
98616,195.4292671,
98617,195.4191939,
98618,195.0202243,
98619,196.0486232,
98620,195.822941,
98621,196.5172693,
98622,195.120849,
98623,196.9341449,
98624,195.3176704,
98625,194.979836,
98626,194.7907754,
98627,194.7250674,
98628,195.3051361,
98629,194.6772877,
98630,195.0905997,
98631,195.016251,
98632,195.7105364,
98633,196.5870497,
98634,196.4410771,
98635,196.3564371,
98636,195.675303,
98637,194.8507346,
98638,194.5910378,
98639,193.6862589,
98640,192.714801,
98641,192.1039353,
98642,190.8895446,
98643,190.0420036,
98644,188.6260784,
98645,187.3364769,
98646,186.4675182,
98647,184.9145987,
98648,183.7204156,
98649,183.2938205,
98650,182.6285785,
98651,181.1309434,
98652,178.6487539,
98653,177.5185685,
98654,177.3932774,
98655,175.454668,
98656,174.2918198,
98657,173.8758987,
98658,172.6519587,
98659,170.7954202,
98660,169.9670962,
98661,169.3845223,
98662,167.9171443,
98663,166.3487873,
98664,165.7639247,
98665,165.1219134,
98666,164.0322159,
98667,163.0720358,
98668,162.4683818,
98669,162.4538444,
98670,161.0770591,
98671,159.8138,
98672,158.9112671,
98673,157.8158806,
98674,156.5492996,
98675,155.702745,
98676,155.1876632,
98677,153.6990324,
98678,152.8175561,
98679,152.6441083,
98680,151.4946287,
98681,150.5417357,
98682,149.1128541,
98683,148.9027544,
98684,148.185389,
98685,147.8828882,
98686,147.8450601,
98687,148.0040927,
98688,147.7497784,
98689,146.2143597,
98690,145.4468922,
98691,144.8848678,
98692,144.0716648,
98693,144.2184374,
98694,143.5407852,
98695,142.5742255,
98696,142.1884776,
98697,142.3077095,
98698,142.5060846,
98699,142.9499875,
98700,143.483501,
98701,143.5164182,
98702,143.9086705,
98703,144.4056943,
98704,144.650484,
98705,145.2427389,
98706,146.142473,
98707,145.988805,
98708,146.7989445,
98709,147.5608119,
98710,147.9277131,
98711,148.2356985,
98712,148.451757,
98713,149.116672,
98714,149.6129634,
98715,149.9377132,
98716,149.9113164,
98717,150.570244,
98718,150.8929433,
98719,151.6713012,
98720,152.324438,
98721,152.6952448,
98722,153.1552863,
98723,154.1793988,
98724,154.0930605,
98725,154.5890874,
98726,155.203137,
98727,156.4811078,
98728,156.8542755,
98729,158.1179164,
98730,158.7212673,
98731,159.6664758,
98732,162.5535818,
98733,163.0300816,
98734,164.0123981,
98735,164.8735437,
98736,166.4995983,
98737,168.9674043,
98738,169.9237603,
98739,169.3583183,
98740,172.0803268,
98741,173.7645649,
98742,174.4926771,
98743,174.6940397,
98744,175.3716095,
98745,174.2951096,
98746,174.9570535,
98747,175.6182542,
98748,175.8809929,
98749,176.4111774,
98750,176.906279,
98751,177.2039022,
98752,177.8732009,
98753,177.630669,
98754,177.5534962,
98755,177.6207535,
98756,178.0156869,
98757,178.0191034,
98758,177.9280175,
98759,177.581141,
98760,177.5231648,
98761,178.2836291,
98762,178.741179,
98763,178.8395791,
98764,178.4507009,
98765,178.3236407,
98766,178.7527392,
98767,179.1628993,
98768,179.4776573,
98769,179.8448619,
98770,180.8798172,
98771,180.8029045,
98772,181.1441193,
98773,181.8124938,
98774,182.5012945,
98775,183.1917168,
98776,183.3079198,
98777,184.2837853,
98778,184.6706257,
98779,185.2927364,
98780,186.6454014,
98781,187.6835603,
98782,187.7637902,
98783,188.6732597,
98784,190.0705868,
98785,190.4056443,
98786,190.8983487,
98787,192.0618458,
98788,193.0373775,
98789,193.2501032,
98790,194.1658832,
98791,194.5579336,
98792,195.2214485,
98793,195.6977911,
98794,196.2788823,
98795,196.4733503,
98796,197.0544844,
98797,197.5402497,
98798,196.9109364,
98799,196.8473426,
98800,197.1839401,
98801,197.879435,
98802,197.8542275,
98803,197.8128015,
98804,197.0171013,
98805,196.4753035,
98806,196.042051,
98807,195.2718644,
98808,194.7719018,
98809,194.2013243,
98810,194.1029821,
98811,193.4590999,
98812,192.4820409,
98813,192.0707331,
98814,191.7092605,
98815,191.2100386,
98816,190.0911424,
98817,189.3577303,
98818,188.3948043,
98819,187.7013457,
98820,187.415427,
98821,186.4059122,
98822,184.6173234,
98823,184.6148473,
98824,184.2379407,
98825,182.2275891,
98826,180.3532001,
98827,178.9552587,
98828,178.906526,
98829,177.5044824,
98830,175.9755131,
98831,175.1140422,
98832,174.5840217,
98833,174.2852476,
98834,173.9125763,
98835,171.1269616,
98836,170.5974002,
98837,169.9782402,
98838,168.7299014,
98839,166.8341364,
98840,165.1387793,
98841,163.1672198,
98842,162.7376165,
98843,161.3644777,
98844,160.3174818,
98845,159.3054376,
98846,159.6631321,
98847,159.8085681,
98848,158.6201193,
98849,157.7398831,
98850,156.7238091,
98851,155.6815256,
98852,154.4784553,
98853,154.277037,
98854,152.0278429,
98855,151.1783837,
98856,151.3628251,
98857,151.2248835,
98858,150.6979466,
98859,150.7088947,
98860,150.1654613,
98861,149.2987097,
98862,149.410292,
98863,149.866461,
98864,150.0866767,
98865,149.1940036,
98866,147.8585993,
98867,147.5212459,
98868,147.050038,
98869,147.3057028,
98870,146.9292814,
98871,147.2486687,
98872,147.1775323,
98873,146.8056413,
98874,146.1250332,
98875,146.0151783,
98876,146.1576061,
98877,145.4107105,
98878,145.637079,
98879,145.7795666,
98880,146.1712946,
98881,146.252836,
98882,146.1715231,
98883,145.7298809,
98884,145.0402139,
98885,144.2343127,
98886,144.1977406,
98887,143.1942199,
98888,142.1626799,
98889,141.5470906,
98890,141.2148631,
98891,140.2318875,
98892,139.7350301,
98893,139.4306674,
98894,139.375371,
98895,138.6195512,
98896,138.0924511,
98897,137.5933868,
98898,137.5894626,
98899,137.015438,
98900,135.626613,
98901,135.0137569,
98902,134.5763845,
98903,133.6720932,
98904,132.9904006,
98905,132.774758,
98906,132.3724826,
98907,131.5276032,
98908,130.7848809,
98909,130.0415076,
98910,128.987352,
98911,127.6404442,
98912,126.2969558,
98913,125.9834993,
98914,125.6964455,
98915,125.6713811,
98916,125.4518857,
98917,125.46868,
98918,125.5493072,
98919,125.5269884,
98920,125.1674785,
98921,125.0739762,
98922,124.9851295,
98923,124.6441,
98924,124.3850419,
98925,124.352171,
98926,124.2072536,
98927,124.4031549,
98928,124.7618456,
98929,124.7733507,
98930,125.4618282,
98931,125.4126739,
98932,125.7487342,
98933,126.2832777,
98934,127.0079646,
98935,127.3456836,
98936,127.7653724,
98937,128.6415855,
98938,129.1916563,
98939,130.023554,
98940,129.8862805,
98941,130.346328,
98942,130.8693215,
98943,132.0255056,
98944,133.7668965,
98945,135.0345991,
98946,135.4714768,
98947,135.7177028,
98948,137.6643999,
98949,138.7496381,
98950,140.0247149,
98951,140.3855565,
98952,140.8581348,
98953,143.4126311,
98954,144.6516415,
98955,145.4628122,
98956,146.0086219,
98957,147.4357949,
98958,148.4252693,
98959,148.5677162,
98960,149.4866043,
98961,150.8674173,
98962,151.6811018,
98963,151.7021964,
98964,151.3677286,
98965,153.2959515,
98966,154.6928975,
98967,154.8709288,
98968,155.1906332,
98969,157.1308235,
98970,159.2432994,
98971,159.6264892,
98972,160.5239111,
98973,161.6562947,
98974,163.0204536,
98975,164.5146552,
98976,164.6778516,
98977,166.3904266,
98978,167.7368245,
98979,169.2234128,
98980,169.247237,
98981,170.2262687,
98982,171.3379169,
98983,172.815303,
98984,173.1100729,
98985,174.1905994,
98986,174.4501437,
98987,176.9496988,
98988,177.8085305,
98989,178.5750172,
98990,180.6272154,
98991,182.0724932,
98992,183.069185,
98993,184.3926913,
98994,186.6004,
98995,188.0222467,
98996,189.1762202,
98997,190.8568945,
98998,192.6735908,
98999,194.5271826,
99000,194.8773133,
99001,196.3132246,
99002,199.1715271,
99003,201.1854865,
99004,202.7553789,
99005,205.0375397,
99006,207.2523632,
99007,207.7735507,
99008,209.7864524,
99009,213.3438223,
99010,214.9988006,
99011,216.1156042,
99012,218.6243548,
99013,221.1692103,
99014,222.5715049,
99015,224.7406154,
99016,229.1949684,
99017,230.4864315,
99018,231.6946573,
99019,234.7641304,
99020,236.9830131,
99021,238.2674692,
99022,240.6322761,
99023,243.3237533,
99024,245.9243521,
99025,246.9079324,
99026,248.8314428,
99027,250.6217259,
99028,252.6100865,
99029,253.8888569,
99030,256.4558088,
99031,259.3907183,
99032,260.519522,
99033,261.8830717,
99034,262.915893,
99035,264.5284108,
99036,266.4565545,
99037,266.8946043,
99038,269.2190156,
99039,272.6776894,
99040,273.2519724,
99041,274.3773997,
99042,277.1964553,
99043,278.6350483,
99044,278.9943326,
99045,279.9293441,
99046,282.7745481,
99047,284.2393353,
99048,284.6759716,
99049,286.2076021,
99050,287.2143279,
99051,288.2356534,
99052,288.2976966,
99053,289.4279851,
99054,291.223267,
99055,291.4530861,
99056,291.7472829,
99057,293.6899114,
99058,294.9899772,
99059,295.1449271,
99060,296.2321741,
99061,297.3935227,
99062,297.525619,
99063,297.7666427,
99064,298.2126756,
99065,298.3351798,
99066,298.1270956,
99067,298.0950475,
99068,298.298133,
99069,298.7455607,
99070,298.9853036,
99071,298.9899444,
99072,299.3490144,
99073,299.484183,
99074,299.0192803,
99075,298.5658882,
99076,298.0428527,
99077,298.0219561,
99078,298.0638004,
99079,297.8759579,
99080,297.85039,
99081,296.9339444,
99082,296.4541726,
99083,294.9185741,
99084,293.8919998,
99085,293.3026847,
99086,293.1843405,
99087,292.6748087,
99088,291.7092019,
99089,290.9506484,
99090,290.6422565,
99091,289.7997733,
99092,287.7749082,
99093,287.3017055,
99094,287.4411621,
99095,286.9134096,
99096,286.5054456,
99097,286.8113125,
99098,285.5102043,
99099,285.3149876,
99100,284.7704734,
99101,285.0257916,
99102,285.2451368,
99103,285.2376923,
99104,285.3829475,
99105,285.3050074,
99106,285.0850298,
99107,284.968006,
99108,284.9271191,
99109,284.9329102,
99110,284.7855154,
99111,284.614579,
99112,284.2343052,
99113,283.8956158,
99114,283.587445,
99115,282.6377987,
99116,282.5648624,
99117,281.9164526,
99118,280.7285589,
99119,279.600503,
99120,279.9188938,
99121,278.9438379,
99122,277.2122473,
99123,276.0884608,
99124,275.7681732,
99125,274.8207049,
99126,273.5490659,
99127,271.7047717,
99128,270.9056737,
99129,270.3400452,
99130,268.1116213,
99131,266.1413318,
99132,266.3313523,
99133,265.0545416,
99134,263.3340986,
99135,261.4356331,
99136,260.9305563,
99137,258.8553321,
99138,257.3758614,
99139,256.8888213,
99140,255.6430351,
99141,253.4254449,
99142,252.7283987,
99143,250.9954193,
99144,248.8834302,
99145,247.1166552,
99146,246.9366832,
99147,244.9269617,
99148,242.6440617,
99149,241.7934456,
99150,240.652948,
99151,239.5456436,
99152,236.9115893,
99153,236.31348,
99154,235.0621812,
99155,233.0542132,
99156,231.0891924,
99157,230.3763615,
99158,229.5005209,
99159,226.5501691,
99160,225.3829679,
99161,224.2303171,
99162,222.7772649,
99163,219.8950318,
99164,218.1569515,
99165,217.0454759,
99166,214.4703694,
99167,212.7126538,
99168,210.7186963,
99169,209.5139999,
99170,207.2806545,
99171,204.2006606,
99172,202.4450484,
99173,201.5063766,
99174,197.5352812,
99175,195.4251584,
99176,194.2393647,
99177,192.6738378,
99178,189.6049733,
99179,188.4685509,
99180,186.3213761,
99181,183.5202426,
99182,180.2592104,
99183,180.2546103,
99184,178.4780057,
99185,175.1745039,
99186,172.8826509,
99187,172.4865141,
99188,171.7822914,
99189,168.1681838,
99190,167.1832848,
99191,166.7282976,
99192,165.2748717,
99193,164.9276583,
99194,164.5113409,
99195,164.2898842,
99196,164.1293694,
99197,163.5997949,
99198,163.5622247,
99199,163.6845628,
99200,163.7792747,
99201,163.3328071,
99202,163.3040726,
99203,163.6630512,
99204,162.8157051,
99205,162.3107124,
99206,162.4387219,
99207,162.208564,
99208,162.248178,
99209,162.07494,
99210,162.1175039,
99211,162.3426621,
99212,162.934359,
99213,163.0664904,
99214,162.9368826,
99215,162.8166383,
99216,162.6800158,
99217,162.4864803,
99218,162.5610617,
99219,162.7839999,
99220,162.8724649,
99221,163.0497597,
99222,162.9011095,
99223,162.4829347,
99224,162.0147717,
99225,162.140695,
99226,162.4747731,
99227,162.5876017,
99228,162.817419,
99229,162.6113797,
99230,162.5069761,
99231,162.4686836,
99232,161.3861783,
99233,160.8427466,
99234,160.7627215,
99235,160.5644024,
99236,160.3564818,
99237,160.206016,
99238,160.5318751,
99239,160.3642229,
99240,160.1136193,
99241,159.7352202,
99242,159.1500226,
99243,158.8163077,
99244,157.9614099,
99245,157.0946373,
99246,156.4989359,
99247,156.2695069,
99248,155.3546347,
99249,153.7199018,
99250,153.0852039,
99251,152.238778,
99252,150.8803345,
99253,149.9056846,
99254,149.3855704,
99255,148.6295633,
99256,147.8097028,
99257,146.6018104,
99258,146.21867,
99259,146.0139032,
99260,146.0417802,
99261,145.9946663,
99262,145.2700163,
99263,145.5283406,
99264,145.7029044,
99265,146.0218408,
99266,146.1664371,
99267,146.3992709,
99268,146.399376,
99269,146.5050174,
99270,146.9822359,
99271,147.3875027,
99272,147.2751284,
99273,147.1982551,
99274,147.2962578,
99275,147.1945909,
99276,146.8712618,
99277,146.2109693,
99278,146.3004419,
99279,146.7972628,
99280,146.8482331,
99281,147.006736,
99282,147.2573621,
99283,147.4060071,
99284,147.6244157,
99285,147.1649445,
99286,147.1192894,
99287,146.8831846,
99288,146.9479987,
99289,146.2065908,
99290,145.6635316,
99291,145.3754759,
99292,145.404135,
99293,144.7270246,
99294,145.0942579,
99295,145.4750275,
99296,145.7766656,
99297,145.6812908,
99298,146.1843656,
99299,146.1882934,
99300,145.8608174,
99301,145.7820314,
99302,146.2487261,
99303,145.5866893,
99304,145.6751847,
99305,145.8547825,
99306,145.6654068,
99307,146.2948563,
99308,146.2951788,
99309,145.7912684,
99310,146.32261,
99311,145.453995,
99312,145.7369008,
99313,145.8920358,
99314,146.0949131,
99315,144.4364798,
99316,145.0140844,
99317,144.572366,
99318,144.2000654,
99319,144.1467618,
99320,144.2231972,
99321,144.1630195,
99322,144.3353963,
99323,144.5888585,
99324,143.9522625,
99325,143.5731796,
99326,144.5518326,
99327,143.7371357,
99328,144.3054582,
99329,143.2338695,
99330,142.5946737,
99331,142.4726975,
99332,142.7208025,
99333,142.6735254,
99334,142.8384917,
99335,143.1948029,
99336,143.3892788,
99337,143.9122984,
99338,144.0118305,
99339,145.4427619,
99340,144.8101592,
99341,145.0457511,
99342,145.0619808,
99343,145.8815563,
99344,146.5128811,
99345,147.9905458,
99346,149.1859502,
99347,150.6400787,
99348,151.1059514,
99349,151.358473,
99350,152.4895025,
99351,153.6519049,
99352,155.0112653,
99353,155.7347676,
99354,155.9432873,
99355,157.9452124,
99356,159.0599075,
99357,160.8982824,
99358,160.348384,
99359,161.1278416,
99360,165.1872119,
99361,166.6295939,
99362,166.5867383,
99363,168.1552133,
99364,169.6929362,
99365,172.2651257,
99366,173.632358,
99367,173.9711922,
99368,175.6188273,
99369,177.7669065,
99370,179.0527085,
99371,179.5209481,
99372,179.9516744,
99373,180.2720901,
99374,180.5727267,
99375,180.5072136,
99376,181.4212323,
99377,182.157624,
99378,183.6675608,
99379,185.2994667,
99380,186.078544,
99381,186.6201435,
99382,187.4077191,
99383,188.3171811,
99384,189.5078789,
99385,191.7301488,
99386,191.0409248,
99387,192.1283005,
99388,193.3755226,
99389,194.5655576,
99390,195.0770459,
99391,195.633418,
99392,196.1806338,
99393,197.9017579,
99394,198.0621521,
99395,198.2328327,
99396,200.4185973,
99397,202.5153239,
99398,203.1825599,
99399,204.914615,
99400,205.9051757,
99401,206.4281991,
99402,208.4578708,
99403,209.1084725,
99404,210.4480447,
99405,213.2344959,
99406,214.4275379,
99407,215.1162129,
99408,217.5183154,
99409,219.1630802,
99410,220.1682325,
99411,221.9831644,
99412,223.2830474,
99413,224.434573,
99414,226.3693465,
99415,227.4629872,
99416,227.8225783,
99417,230.5284545,
99418,232.1297126,
99419,233.2844381,
99420,234.0009621,
99421,235.3618968,
99422,238.7813323,
99423,240.2115512,
99424,240.5569514,
99425,242.5636709,
99426,243.412466,
99427,244.7327595,
99428,246.4105161,
99429,247.5795882,
99430,249.5879821,
99431,252.1340449,
99432,253.1057338,
99433,254.9578258,
99434,256.4009487,
99435,257.4156811,
99436,258.3810054,
99437,259.423625,
99438,259.8238638,
99439,262.8083265,
99440,265.8578222,
99441,267.2480438,
99442,267.7063617,
99443,270.8052782,
99444,272.6689095,
99445,273.6500781,
99446,274.3986087,
99447,277.971993,
99448,279.7388221,
99449,281.5914832,
99450,282.3148614,
99451,283.9065159,
99452,285.6818285,
99453,287.7779823,
99454,288.0815285,
99455,289.7533078,
99456,292.1278105,
99457,293.0121215,
99458,294.3812033,
99459,296.1139488,
99460,298.0359819,
99461,297.6731282,
99462,299.8297176,
99463,302.0171131,
99464,302.5095575,
99465,303.297241,
99466,304.8772582,
99467,306.1450104,
99468,306.4646348,
99469,307.3967046,
99470,308.9188753,
99471,309.9232663,
99472,310.6847582,
99473,310.5414654,
99474,311.5334206,
99475,312.2098367,
99476,312.4409634,
99477,312.5698266,
99478,313.4684971,
99479,313.348058,
99480,313.191753,
99481,313.0254496,
99482,312.8809702,
99483,312.5152487,
99484,312.3861488,
99485,311.8531657,
99486,310.9836957,
99487,310.1927606,
99488,309.6786035,
99489,309.4398291,
99490,308.7951624,
99491,308.5470135,
99492,308.5965417,
99493,308.8519945,
99494,309.1693398,
99495,308.9570032,
99496,309.2098076,
99497,309.0587393,
99498,309.5657165,
99499,309.6751603,
99500,310.1394087,
99501,310.4992919,
99502,311.2046491,
99503,311.9674022,
99504,312.5689215,
99505,312.9312509,
99506,313.3334248,
99507,314.5559983,
99508,315.1228837,
99509,315.3792066,
99510,316.4870135,
99511,317.8403776,
99512,319.4531017,
99513,320.4043152,
99514,320.5451731,
99515,321.3171883,
99516,323.1203994,
99517,323.561598,
99518,323.5392148,
99519,325.0515488,
99520,326.5381896,
99521,327.090366,
99522,327.2938231,
99523,328.1471341,
99524,329.0454064,
99525,329.8732076,
99526,330.8147001,
99527,332.239925,
99528,334.4401164,
99529,336.0637699,
99530,336.8421716,
99531,338.1324939,
99532,340.4227693,
99533,341.4238571,
99534,342.0346507,
99535,344.0495472,
99536,344.5614429,
99537,345.3408185,
99538,346.1713901,
99539,347.3685279,
99540,348.9118374,
99541,349.2268696,
99542,349.9711485,
99543,350.6036986,
99544,350.7968671,
99545,350.0295824,
99546,350.2422398,
99547,350.809363,
99548,350.7644946,
99549,350.5305183,
99550,350.0655008,
99551,349.7515865,
99552,349.9025698,
99553,349.5195315,
99554,349.0737302,
99555,348.7532266,
99556,348.6417601,
99557,348.6148105,
99558,347.8534962,
99559,346.8515414,
99560,346.3845433,
99561,345.2045193,
99562,344.1238935,
99563,343.8303442,
99564,343.410802,
99565,342.4872281,
99566,341.0796755,
99567,340.9428754,
99568,339.5538863,
99569,337.9466249,
99570,337.0340995,
99571,336.7670903,
99572,335.8305623,
99573,334.0261955,
99574,332.9658655,
99575,331.5744726,
99576,329.6859053,
99577,327.4525452,
99578,327.5484072,
99579,325.9165548,
99580,324.2841007,
99581,322.7802331,
99582,322.1596276,
99583,320.3251788,
99584,317.9863655,
99585,316.4490689,
99586,315.6192318,
99587,313.8399248,
99588,311.4567159,
99589,310.1418094,
99590,307.9081949,
99591,304.9629765,
99592,303.083107,
99593,302.0648807,
99594,299.7671319,
99595,297.6259895,
99596,296.3322829,
99597,294.5710973,
99598,291.9350052,
99599,289.8069296,
99600,289.8227351,
99601,287.7571545,
99602,286.0628553,
99603,282.9661931,
99604,281.9120288,
99605,279.9177279,
99606,276.4077148,
99607,274.7011544,
99608,273.2458519,
99609,270.5658868,
99610,268.2432513,
99611,266.1469275,
99612,265.8837845,
99613,262.9088034,
99614,261.3683284,
99615,258.8069465,
99616,258.259299,
99617,255.221105,
99618,253.222034,
99619,252.657691,
99620,251.6577026,
99621,249.821679,
99622,248.2441725,
99623,247.2865143,
99624,246.9103556,
99625,245.2441594,
99626,244.5422876,
99627,242.70876,
99628,241.319819,
99629,240.3010082,
99630,239.6168161,
99631,238.3163566,
99632,236.9757366,
99633,235.0186848,
99634,233.8312865,
99635,233.3622466,
99636,231.7582427,
99637,231.3668741,
99638,230.7729586,
99639,230.535846,
99640,230.6999889,
99641,229.8666627,
99642,228.863023,
99643,227.2376006,
99644,226.7435674,
99645,226.1890036,
99646,224.5573097,
99647,222.7748106,
99648,221.6689515,
99649,221.0634486,
99650,219.7062481,
99651,218.1324406,
99652,216.7270599,
99653,216.0315066,
99654,214.5015963,
99655,213.0103259,
99656,211.5987197,
99657,210.2906179,
99658,208.7890503,
99659,206.6332233,
99660,205.9556341,
99661,204.5130658,
99662,202.4540308,
99663,201.1535818,
99664,200.4667686,
99665,199.5121676,
99666,197.4751146,
99667,196.1748302,
99668,194.7383684,
99669,194.2035763,
99670,194.2423301,
99671,192.2891467,
99672,190.1823984,
99673,189.2814243,
99674,188.7628807,
99675,188.7699167,
99676,188.6620541,
99677,187.6794622,
99678,186.7229842,
99679,186.3486328,
99680,185.898814,
99681,186.0993111,
99682,186.1520612,
99683,186.1946982,
99684,186.6821542,
99685,186.687285,
99686,187.3337991,
99687,187.6224187,
99688,187.9941425,
99689,189.0235093,
99690,189.8552719,
99691,189.8319727,
99692,190.4610543,
99693,191.3198885,
99694,192.0296782,
99695,192.5064849,
99696,192.7675649,
99697,192.7738718,
99698,193.3473781,
99699,193.683602,
99700,194.5643562,
99701,194.7693077,
99702,195.2002004,
99703,194.8987254,
99704,195.6582002,
99705,195.6307731,
99706,195.889984,
99707,196.3793317,
99708,197.3572044,
99709,197.9141747,
99710,198.0135567,
99711,198.4833017,
99712,198.4844325,
99713,200.6382899,
99714,201.1891403,
99715,201.3703609,
99716,202.3360979,
99717,204.0132638,
99718,205.070982,
99719,206.6457026,
99720,207.706972,
99721,208.6472887,
99722,209.3961,
99723,209.9097054,
99724,211.1348655,
99725,211.1220947,
99726,210.556088,
99727,212.0764752,
99728,212.728424,
99729,214.1109372,
99730,213.7942896,
99731,214.3865175,
99732,214.7949513,
99733,216.1943698,
99734,216.5037292,
99735,216.154453,
99736,216.8778398,
99737,217.8316936,
99738,219.8697671,
99739,220.1571284,
99740,221.1401348,
99741,221.8520062,
99742,222.7553658,
99743,223.8192246,
99744,225.500488,
99745,224.2054812,
99746,225.7694373,
99747,226.8600556,
99748,228.601282,
99749,230.0470656,
99750,230.6123144,
99751,232.618286,
99752,233.7132474,
99753,235.2608156,
99754,236.2295176,
99755,237.1104548,
99756,236.1540547,
99757,236.8388262,
99758,238.3147198,
99759,238.2856809,
99760,239.482578,
99761,238.9612197,
99762,239.0485308,
99763,238.4603055,
99764,238.4471005,
99765,238.6894134,
99766,238.5211568,
99767,238.2994993,
99768,237.7886335,
99769,237.8509432,
99770,237.623734,
99771,237.7355402,
99772,237.3735908,
99773,237.2467628,
99774,237.6233319,
99775,236.614892,
99776,236.530102,
99777,236.6228302,
99778,236.4408509,
99779,235.5744735,
99780,236.2175081,
99781,236.430751,
99782,236.8664353,
99783,236.5582209,
99784,236.2266389,
99785,236.3034573,
99786,236.2530133,
99787,236.2333966,
99788,235.853598,
99789,235.8195892,
99790,235.620999,
99791,235.0556364,
99792,234.8681146,
99793,235.1771897,
99794,235.0683446,
99795,235.1213766,
99796,235.5542922,
99797,235.8265188,
99798,236.1413092,
99799,236.7825184,
99800,237.2498647,
99801,237.5693402,
99802,238.0452338,
99803,238.4625688,
99804,239.2025377,
99805,240.1746904,
99806,240.6687154,
99807,241.3513865,
99808,243.2097471,
99809,244.2392424,
99810,245.0057397,
99811,245.2747293,
99812,247.0936641,
99813,249.3143782,
99814,250.0373512,
99815,251.0766931,
99816,253.3327586,
99817,255.391872,
99818,255.8008933,
99819,258.2717813,
99820,260.4115127,
99821,262.1141113,
99822,262.5765563,
99823,264.131514,
99824,267.1181391,
99825,268.8586146,
99826,269.4973171,
99827,271.1472346,
99828,273.1007822,
99829,274.3373234,
99830,275.1793466,
99831,278.1784653,
99832,278.5310855,
99833,280.1688527,
99834,281.5727667,
99835,283.1483969,
99836,284.5010727,
99837,285.5836871,
99838,288.5829848,
99839,290.1415438,
99840,291.1083198,
99841,292.436581,
99842,294.1917691,
99843,295.3853985,
99844,296.241628,
99845,297.8542977,
99846,300.7083196,
99847,302.0142826,
99848,302.4429914,
99849,304.4704388,
99850,306.3364885,
99851,307.6167438,
99852,308.3240782,
99853,310.7814481,
99854,312.6728129,
99855,313.6973389,
99856,315.4097831,
99857,317.6926935,
99858,320.5984708,
99859,321.3773454,
99860,322.0732339,
99861,325.1372802,
99862,326.5864806,
99863,327.3313992,
99864,328.3436452,
99865,330.2003898,
99866,331.6660161,
99867,332.4383987,
99868,334.6292038,
99869,337.5134143,
99870,339.1813478,
99871,339.8235704,
99872,342.6823394,
99873,345.0906331,
99874,345.7772076,
99875,347.6547219,
99876,350.0171502,
99877,352.8992606,
99878,354.1745326,
99879,355.5618487,
99880,358.3314124,
99881,360.7095469,
99882,360.7847621,
99883,362.6194969,
99884,365.1010865,
99885,367.0340103,
99886,367.5603338,
99887,368.9394713,
99888,371.0796838,
99889,371.9302038,
99890,372.2602176,
99891,373.4781306,
99892,375.7868614,
99893,377.1629297,
99894,377.5841581,
99895,377.5088849,
99896,378.1600469,
99897,380.4065793,
99898,379.579069,
99899,380.4416185,
99900,380.7013876,
99901,380.8075667,
99902,381.0534256,
99903,381.6853974,
99904,382.3971714,
99905,382.7445318,
99906,382.5534388,
99907,382.9800407,
99908,383.4798505,
99909,383.9502616,
99910,383.8180761,
99911,384.6290184,
99912,384.3713929,
99913,384.2950516,
99914,384.453032,
99915,384.4527118,
99916,384.5978596,
99917,384.9659094,
99918,384.9975107,
99919,384.8948482,
99920,384.8706721,
99921,384.6358367,
99922,384.7975282,
99923,384.8838499,
99924,384.6872298,
99925,384.6517476,
99926,384.5244589,
99927,384.6221333,
99928,384.5408736,
99929,384.3116809,
99930,384.0938999,
99931,383.3929887,
99932,383.6440756,
99933,383.7296308,
99934,383.3854192,
99935,382.9157847,
99936,382.3425698,
99937,381.5673621,
99938,380.8589101,
99939,380.4875331,
99940,380.5625426,
99941,380.2611447,
99942,380.095304,
99943,379.9814835,
99944,379.9206845,
99945,380.0158847,
99946,380.1648373,
99947,379.2909005,
99948,378.3692425,
99949,377.7965247,
99950,377.6029792,
99951,377.7716156,
99952,377.4379669,
99953,376.7010601,
99954,376.2054581,
99955,375.9095216,
99956,374.8075087,
99957,374.3707976,
99958,373.91849,
99959,374.1124624,
99960,373.8539777,
99961,372.9869391,
99962,372.7641575,
99963,372.412044,
99964,371.73886,
99965,371.12349,
99966,370.9858598,
99967,371.0965138,
99968,370.6183862,
99969,370.1543391,
99970,369.5877374,
99971,369.1379933,
99972,368.364061,
99973,367.7354086,
99974,367.5848472,
99975,367.0640717,
99976,366.5072004,
99977,366.2808588,
99978,366.0178489,
99979,365.567805,
99980,364.6526545,
99981,364.148201,
99982,363.7825684,
99983,363.5332738,
99984,362.9795655,
99985,362.0329331,
99986,361.1294313,
99987,361.0502081,
99988,361.3117109,
99989,360.9320688,
99990,360.2894314,
99991,360.0663106,
99992,360.0899041,
99993,360.0064798,
99994,360.0837198,
99995,360.3973811,
99996,360.5515797,
99997,360.5714373,
99998,360.3706546,
99999,360.5604634,
100000,360.7166305,
100001,360.7854629,
100002,360.277172,
100003,360.0256496,
100004,359.5401556,
100005,358.9215428,
100006,358.2146996,
100007,357.8576971,
100008,357.4272126,
100009,356.5067646,
100010,355.6804415,
100011,354.9622455,
100012,354.7391444,
100013,354.2824408,
100014,353.5510755,
100015,353.1103658,
100016,353.0829907,
100017,352.7879718,
100018,352.8215495,
100019,352.4627567,
100020,352.6676075,
100021,351.5647315,
100022,350.81584,
100023,351.1284069,
100024,350.7124849,
100025,350.36705,
100026,350.5681316,
100027,350.430382,
100028,349.3925032,
100029,348.9061306,
100030,349.2140553,
100031,349.6959822,
100032,349.3616454,
100033,349.4330986,
100034,349.7171353,
100035,349.8782867,
100036,349.2762737,
100037,348.7840982,
100038,348.5596915,
100039,348.4534307,
100040,347.5435864,
100041,347.6595964,
100042,347.6655522,
100043,347.8097915,
100044,347.438887,
100045,346.4464319,
100046,344.152431,
100047,342.7097097,
100048,342.430883,
100049,341.8608423,
100050,340.9248903,
100051,340.3481487,
100052,339.7763723,
100053,338.7179438,
100054,338.0258406,
100055,337.7696944,
100056,336.4308949,
100057,335.0356843,
100058,334.6592321,
100059,334.2859314,
100060,332.6362423,
100061,330.505149,
100062,329.8639865,
100063,329.825194,
100064,329.4054445,
100065,328.2745391,
100066,327.296644,
100067,327.1565446,
100068,326.5172447,
100069,325.4675623,
100070,324.7981766,
100071,324.7420027,
100072,324.9083416,
100073,324.7406506,
100074,324.699887,
100075,324.0205158,
100076,323.5952547,
100077,323.4496893,
100078,323.1842168,
100079,322.4744914,
100080,321.386451,
100081,320.7958735,
100082,319.9141138,
100083,318.6268748,
100084,318.4971105,
100085,318.4423414,
100086,317.8692058,
100087,317.3231171,
100088,316.4200339,
100089,316.1624492,
100090,315.6645777,
100091,314.5672349,
100092,314.239335,
100093,314.0454094,
100094,313.5723536,
100095,313.2694163,
100096,313.0511476,
100097,312.9379016,
100098,312.1546308,
100099,311.680588,
100100,311.341284,
100101,310.2980709,
100102,309.5930216,
100103,308.9706949,
100104,308.6185857,
100105,307.6516439,
100106,306.7033984,
100107,306.3871343,
100108,305.4535009,
100109,304.6794954,
100110,304.4426578,
100111,304.3687327,
100112,304.6698134,
100113,304.4482475,
100114,304.277696,
100115,304.3919031,
100116,304.7874323,
100117,304.8482956,
100118,305.0035443,
100119,305.2578163,
100120,305.1803611,
100121,305.2175079,
100122,305.0185788,
100123,305.1573746,
100124,305.3122889,
100125,305.5753111,
100126,305.9110177,
100127,306.6194878,
100128,306.9308319,
100129,307.0174606,
100130,307.5782823,
100131,308.7896448,
100132,309.2315833,
100133,310.6531847,
100134,312.0344162,
100135,312.4863814,
100136,312.7848844,
100137,313.8333338,
100138,315.1807214,
100139,316.2855583,
100140,316.622369,
100141,318.2610318,
100142,319.8366197,
100143,320.7070749,
100144,321.4773517,
100145,323.1663487,
100146,325.1192931,
100147,326.3124543,
100148,327.563501,
100149,330.149016,
100150,332.1848828,
100151,332.5409391,
100152,334.0432353,
100153,336.4947817,
100154,337.9758048,
100155,338.5936928,
100156,341.1113823,
100157,344.1454096,
100158,345.072056,
100159,345.7092942,
100160,348.2588895,
100161,350.0176241,
100162,351.4472253,
100163,353.649469,
100164,355.9433301,
100165,357.4046182,
100166,358.6661135,
100167,360.2991654,
100168,361.771586,
100169,362.296432,
100170,363.5986692,
100171,365.8612595,
100172,367.3433798,
100173,368.6380495,
100174,369.8084883,
100175,370.9977078,
100176,370.5161782,
100177,372.4041255,
100178,372.1486003,
100179,372.1269843,
100180,373.7549533,
100181,374.3125947,
100182,375.780627,
100183,375.3994859,
100184,377.098037,
100185,377.6455655,
100186,378.8566428,
100187,378.5940805,
100188,378.9877104,
100189,380.2207515,
100190,380.6555885,
100191,380.8703907,
100192,380.4025857,
100193,380.4909355,
100194,380.7345422,
100195,380.8434572,
100196,381.6234641,
100197,381.4590221,
100198,381.629325,
100199,381.6176758,
100200,381.6286164,
100201,381.5249792,
100202,381.319636,
100203,380.5687027,
100204,379.9407896,
100205,379.4601722,
100206,379.1013887,
100207,378.5937823,
100208,378.232846,
100209,378.1709669,
100210,378.1882258,
100211,378.4989494,
100212,378.2636184,
100213,377.8150527,
100214,377.4909136,
100215,377.3994755,
100216,376.4987824,
100217,375.8208966,
100218,375.8412743,
100219,375.5703035,
100220,374.9796344,
100221,373.9015755,
100222,373.289787,
100223,372.7344059,
100224,372.4694739,
100225,371.1285989,
100226,370.1058779,
100227,369.4177086,
100228,368.4884986,
100229,366.5861071,
100230,365.7183514,
100231,365.3964053,
100232,364.2481184,
100233,363.0220235,
100234,360.9642758,
100235,360.2744125,
100236,359.361423,
100237,357.5408398,
100238,356.2067528,
100239,355.3281869,
100240,354.4911845,
100241,352.5665102,
100242,350.7690944,
100243,350.3948093,
100244,349.6952436,
100245,348.5750053,
100246,347.1861688,
100247,346.1549854,
100248,345.9664942,
100249,344.889292,
100250,344.1610362,
100251,342.7006249,
100252,342.4589338,
100253,340.7732382,
100254,339.8082308,
100255,338.5619713,
100256,337.8704412,
100257,337.1450643,
100258,335.1098558,
100259,333.092951,
100260,332.4581927,
100261,331.4810659,
100262,329.1934388,
100263,327.1964732,
100264,326.1639698,
100265,324.9327946,
100266,322.6355861,
100267,321.0910078,
100268,320.8227019,
100269,318.6833291,
100270,316.6110193,
100271,315.2386357,
100272,314.5334332,
100273,311.474308,
100274,309.3473038,
100275,309.0815722,
100276,307.7305735,
100277,304.7131015,
100278,303.320915,
100279,302.9274963,
100280,300.0041067,
100281,297.8838039,
100282,296.3899774,
100283,295.6475429,
100284,293.6345303,
100285,292.0416477,
100286,291.8389119,
100287,290.9482984,
100288,288.7570516,
100289,286.759038,
100290,285.942379,
100291,285.872011,
100292,284.6651648,
100293,283.0775954,
100294,281.1571815,
100295,281.4858886,
100296,280.3693917,
100297,278.4703409,
100298,277.4024867,
100299,276.8414362,
100300,275.1872114,
100301,272.8055964,
100302,270.885788,
100303,270.682739,
100304,268.2723427,
100305,265.9222539,
100306,264.3105607,
100307,263.1181917,
100308,259.8796772,
100309,257.3739744,
100310,256.0618888,
100311,253.6546744,
100312,250.8535312,
100313,249.6467394,
100314,247.6465971,
100315,244.9522892,
100316,243.8366438,
100317,243.3467456,
100318,241.9379899,
100319,239.2993174,
100320,237.0769181,
100321,236.0673195,
100322,234.0127035,
100323,231.3352134,
100324,230.5675834,
100325,229.9802754,
100326,228.4568797,
100327,226.2979796,
100328,225.356163,
100329,224.6735654,
100330,221.0086693,
100331,219.8863685,
100332,218.9358894,
100333,216.7054479,
100334,214.8707263,
100335,213.9401513,
100336,212.6705588,
100337,211.0884601,
100338,210.0299031,
100339,210.1003739,
100340,208.8163875,
100341,206.717262,
100342,205.9956287,
100343,204.8664475,
100344,203.5836242,
100345,202.0188363,
100346,201.6946725,
100347,201.3016425,
100348,200.0720635,
100349,198.5107433,
100350,197.3782709,
100351,196.3592799,
100352,194.890544,
100353,193.5250295,
100354,193.3945408,
100355,192.9573525,
100356,192.4932264,
100357,192.6146788,
100358,192.3138799,
100359,191.3964414,
100360,190.6104807,
100361,190.3305256,
100362,190.1004831,
100363,190.0596367,
100364,189.8847665,
100365,189.216219,
100366,189.4631167,
100367,189.4487791,
100368,189.7200769,
100369,189.8285811,
100370,189.780122,
100371,189.6070463,
100372,190.095042,
100373,190.1419893,
100374,190.1312532,
100375,189.9110588,
100376,189.8603374,
100377,190.1957068,
100378,190.5512695,
100379,190.9561384,
100380,191.1172325,
100381,191.2627095,
100382,191.1939168,
100383,191.3977803,
100384,191.5715518,
100385,191.539751,
100386,192.0540034,
100387,192.4104581,
100388,192.9334873,
100389,192.8966428,
100390,193.1037987,
100391,193.3960289,
100392,194.3753355,
100393,194.5739807,
100394,195.5728406,
100395,196.6433578,
100396,197.7091105,
100397,198.5589062,
100398,199.6467156,
100399,200.2713131,
100400,201.2759738,
100401,201.0941909,
100402,202.4730327,
100403,203.8625402,
100404,205.7146945,
100405,206.6464546,
100406,207.5882624,
100407,210.3094581,
100408,211.3513485,
100409,212.7230966,
100410,213.6597102,
100411,215.4575588,
100412,217.4621929,
100413,218.1048724,
100414,219.9172829,
100415,220.44847,
100416,221.4119431,
100417,222.4115538,
100418,223.3929756,
100419,224.907045,
100420,225.8016209,
100421,226.3411633,
100422,226.6304368,
100423,228.1942194,
100424,229.7716554,
100425,230.1971622,
100426,231.5444453,
100427,234.5425451,
100428,236.5819542,
100429,237.2344958,
100430,238.9712846,
100431,241.5009985,
100432,242.5450675,
100433,243.3746594,
100434,246.5212889,
100435,248.2230447,
100436,248.6379557,
100437,251.2399745,
100438,254.2478787,
100439,254.0304798,
100440,256.320906,
100441,258.9718943,
100442,260.0396729,
100443,261.2186983,
100444,263.3742085,
100445,265.6778276,
100446,266.2981356,
100447,267.6293096,
100448,269.2659646,
100449,271.3704559,
100450,271.3720983,
100451,272.5403586,
100452,273.8231595,
100453,274.8685312,
100454,275.7769213,
100455,276.3225967,
100456,277.8190142,
100457,279.7502709,
100458,280.5873193,
100459,282.2560708,
100460,283.4947023,
100461,283.7411147,
100462,285.3933643,
100463,287.4823571,
100464,287.6536473,
100465,288.1393732,
100466,289.2227765,
100467,290.0287206,
100468,290.1403734,
100469,290.014687,
100470,290.2297545,
100471,290.2640675,
100472,290.3720356,
100473,290.1309351,
100474,289.8982413,
100475,290.0899306,
100476,289.8804916,
100477,289.564945,
100478,289.7306788,
100479,289.9447104,
100480,289.7335663,
100481,289.4802145,
100482,289.2983509,
100483,289.5669119,
100484,289.4307148,
100485,288.8303318,
100486,288.5545844,
100487,288.6540864,
100488,288.181769,
100489,287.7648633,
100490,287.471539,
100491,286.6960859,
100492,285.5046861,
100493,285.4797241,
100494,285.0365346,
100495,283.748796,
100496,282.8355453,
100497,282.0744673,
100498,280.9959378,
100499,279.7996133,
100500,279.5979604,
100501,278.1457665,
100502,277.3183363,
100503,276.2545804,
100504,275.641062,
100505,274.3574319,
100506,272.5195049,
100507,271.3412323,
100508,269.9241312,
100509,269.9872476,
100510,268.333645,
100511,266.7280849,
100512,265.4860457,
100513,265.2975197,
100514,262.7049494,
100515,260.122866,
100516,260.2993424,
100517,258.2109913,
100518,256.2985169,
100519,254.7528482,
100520,254.8268177,
100521,253.4137881,
100522,249.1273372,
100523,247.926371,
100524,246.9528729,
100525,244.6408825,
100526,241.7028465,
100527,241.0387242,
100528,239.6178747,
100529,235.942144,
100530,234.1894541,
100531,233.0271794,
100532,229.8958405,
100533,227.3430615,
100534,226.6312928,
100535,225.1377239,
100536,221.9704951,
100537,219.8521639,
100538,218.7718578,
100539,215.8377305,
100540,213.0969395,
100541,211.8420813,
100542,209.9212174,
100543,206.682704,
100544,205.187446,
100545,203.7352607,
100546,200.5210139,
100547,198.1575323,
100548,198.3937532,
100549,196.9009362,
100550,193.9536724,
100551,193.0987788,
100552,192.5779936,
100553,190.4021911,
100554,188.7379613,
100555,187.8737461,
100556,187.0610058,
100557,184.780047,
100558,182.1309374,
100559,181.6553265,
100560,179.6645863,
100561,177.6257739,
100562,176.9214905,
100563,175.2834376,
100564,172.7630472,
100565,172.4941607,
100566,171.288146,
100567,169.2773382,
100568,168.4796371,
100569,167.8307055,
100570,165.8702893,
100571,164.2340583,
100572,163.3318222,
100573,161.6346594,
100574,159.6872301,
100575,158.8103311,
100576,157.917827,
100577,156.6048315,
100578,155.773173,
100579,155.4659283,
100580,155.031206,
100581,154.550907,
100582,154.316505,
100583,154.2009295,
100584,154.6228602,
100585,155.1007663,
100586,155.3103826,
100587,155.6850595,
100588,155.7357475,
100589,156.9154758,
100590,157.4510195,
100591,158.0678782,
100592,158.4597214,
100593,159.645594,
100594,160.2029074,
100595,159.9019595,
100596,160.6748304,
100597,162.0930076,
100598,163.6518799,
100599,164.2918528,
100600,164.7701565,
100601,166.0185312,
100602,167.0594128,
100603,167.7752495,
100604,169.887409,
100605,171.6252924,
100606,172.629894,
100607,173.5009476,
100608,175.4002204,
100609,178.3704336,
100610,180.3526168,
100611,181.1434426,
100612,183.5616467,
100613,186.4991861,
100614,187.3842528,
100615,189.0574861,
100616,191.7221648,
100617,192.917635,
100618,194.3117717,
100619,195.9386481,
100620,198.8029656,
100621,200.4439398,
100622,201.6554492,
100623,202.8072138,
100624,205.8017703,
100625,208.0243747,
100626,208.6135464,
100627,209.7590834,
100628,212.2150344,
100629,213.3973737,
100630,214.5860812,
100631,215.4309233,
100632,217.6908121,
100633,219.2793353,
100634,220.8803386,
100635,223.2816911,
100636,225.056439,
100637,227.4422827,
100638,227.6905183,
100639,229.8673845,
100640,232.582563,
100641,235.0724436,
100642,235.4255896,
100643,237.9057817,
100644,239.6957561,
100645,240.8859526,
100646,242.1509157,
100647,245.9839235,
100648,248.9746504,
100649,248.7468037,
100650,250.2972512,
100651,251.814247,
100652,253.9653524,
100653,254.8406692,
100654,254.5398369,
100655,255.3220146,
100656,257.6861693,
100657,258.7106346,
100658,260.0474729,
100659,260.5520095,
100660,261.7714477,
100661,261.9824192,
100662,262.4272948,
100663,264.0199771,
100664,265.2716425,
100665,265.8540733,
100666,267.129002,
100667,268.8720384,
100668,269.3811189,
100669,270.3046888,
100670,271.0022389,
100671,271.4835173,
100672,272.0870198,
100673,273.3188631,
100674,273.8175513,
100675,274.6066176,
100676,274.7848681,
100677,275.536422,
100678,276.0628524,
100679,276.2762848,
100680,276.3778733,
100681,276.229455,
100682,276.4359016,
100683,276.3630982,
100684,276.0039418,
100685,276.1288472,
100686,276.0424643,
100687,275.3298817,
100688,274.6927886,
100689,274.1041859,
100690,273.5369851,
100691,272.3387555,
100692,272.2972141,
100693,271.583474,
100694,270.8013531,
100695,269.6588193,
100696,269.2626688,
100697,267.6158549,
100698,266.4021756,
100699,266.3330738,
100700,265.4142061,
100701,263.8523741,
100702,262.6627298,
100703,262.3492949,
100704,261.0314078,
100705,258.7661213,
100706,258.2554177,
100707,257.0210446,
100708,255.2120698,
100709,252.86371,
100710,252.1546292,
100711,251.1707316,
100712,249.1002941,
100713,246.3117734,
100714,245.9772187,
100715,243.0876074,
100716,241.9188663,
100717,239.3065649,
100718,238.9306467,
100719,237.5389787,
100720,235.1170441,
100721,232.1239744,
100722,231.8852451,
100723,229.681748,
100724,228.1829264,
100725,226.0806344,
100726,225.8634588,
100727,223.7223371,
100728,222.1628099,
100729,220.9778651,
100730,219.4862357,
100731,216.9755845,
100732,215.5012394,
100733,214.1802927,
100734,214.6325302,
100735,213.0412634,
100736,211.5596814,
100737,209.6522683,
100738,209.2445908,
100739,206.9522348,
100740,204.4672057,
100741,202.8363832,
100742,202.2416814,
100743,198.5664516,
100744,196.0228043,
100745,195.6323702,
100746,193.7863867,
100747,190.7376735,
100748,189.1184923,
100749,188.6390297,
100750,185.7604346,
100751,182.9746745,
100752,181.8681211,
100753,179.4543096,
100754,176.7511644,
100755,174.5224122,
100756,173.5305317,
100757,172.0226136,
100758,170.1416418,
100759,168.8728887,
100760,168.2768643,
100761,167.3138505,
100762,165.759126,
100763,164.471866,
100764,163.6484131,
100765,161.8817655,
100766,159.897394,
100767,159.2676471,
100768,157.5748359,
100769,155.9333527,
100770,153.7311418,
100771,153.2294126,
100772,151.2216878,
100773,148.42869,
100774,148.0169091,
100775,146.9719888,
100776,144.5929067,
100777,142.6718356,
100778,142.1605461,
100779,139.7414934,
100780,137.0833605,
100781,136.3660296,
100782,135.3556573,
100783,134.1205817,
100784,132.0738868,
100785,131.0283824,
100786,130.6417867,
100787,129.2177565,
100788,127.2119118,
100789,126.9471926,
100790,125.982983,
100791,124.8809475,
100792,124.4750125,
100793,124.386655,
100794,124.1681405,
100795,123.4008557,
100796,123.4396277,
100797,123.8181206,
100798,124.628956,
100799,125.2593493,
100800,125.4246652,
100801,125.9995885,
100802,127.0638271,
100803,128.1335762,
100804,128.8425461,
100805,129.2372871,
100806,130.2705039,
100807,131.7987422,
100808,133.453594,
100809,133.4525004,
100810,134.2124831,
100811,135.610515,
100812,137.3889058,
100813,138.6279099,
100814,139.2642776,
100815,139.9918632,
100816,141.0058052,
100817,142.1922462,
100818,143.9154022,
100819,144.4963328,
100820,147.2089866,
100821,149.9778078,
100822,150.9227275,
100823,152.5499456,
100824,155.3064985,
100825,158.1890412,
100826,158.5713794,
100827,160.9615432,
100828,163.7438843,
100829,164.2754462,
100830,166.5975146,
100831,168.9538289,
100832,170.1439463,
100833,171.0605894,
100834,173.1744513,
100835,177.0378506,
100836,178.4177259,
100837,179.2612306,
100838,182.0115444,
100839,185.0602501,
100840,186.1220742,
100841,189.311299,
100842,192.0218041,
100843,193.3131343,
100844,194.6325469,
100845,197.6331935,
100846,200.5232886,
100847,200.6528358,
100848,203.4322113,
100849,205.8921347,
100850,207.1760919,
100851,208.3538743,
100852,210.5303213,
100853,213.0825992,
100854,215.3058081,
100855,216.0056255,
100856,218.5403957,
100857,221.9441785,
100858,223.1630478,
100859,224.5444342,
100860,227.8837599,
100861,230.7762674,
100862,231.5444471,
100863,233.8190355,
100864,237.4536974,
100865,238.055746,
100866,240.1979887,
100867,242.9177946,
100868,244.8596287,
100869,245.9280346,
100870,248.6379551,
100871,251.5968907,
100872,251.4927976,
100873,253.9573026,
100874,257.5138146,
100875,258.1705231,
100876,260.2266758,
100877,263.2180232,
100878,265.2302199,
100879,266.0945273,
100880,268.2475235,
100881,271.3329149,
100882,271.2158286,
100883,274.9125653,
100884,277.0363462,
100885,277.7166417,
100886,277.7862027,
100887,279.0050558,
100888,280.3095774,
100889,280.5518266,
100890,280.5865276,
100891,281.2164686,
100892,281.3247954,
100893,281.6805554,
100894,282.3520256,
100895,282.6057298,
100896,283.7439892,
100897,283.9069445,
100898,284.395529,
100899,285.0543905,
100900,285.4822015,
100901,285.9687763,
100902,286.4524706,
100903,286.8042448,
100904,287.2277491,
100905,287.2094975,
100906,287.2832073,
100907,287.6544524,
100908,287.8066603,
100909,288.0085422,
100910,288.0498066,
100911,288.1211754,
100912,288.0235886,
100913,288.5046274,
100914,288.5380547,
100915,286.9999298,
100916,286.1590779,
100917,285.258549,
100918,284.772182,
100919,283.5980414,
100920,282.7058232,
100921,281.7631105,
100922,281.3424155,
100923,279.394804,
100924,277.646274,
100925,276.5202036,
100926,276.394323,
100927,274.8308971,
100928,273.4812185,
100929,272.6078518,
100930,271.0285813,
100931,268.5554065,
100932,268.2771247,
100933,267.3334828,
100934,265.1265454,
100935,263.4701337,
100936,262.8713626,
100937,260.8098474,
100938,258.7222597,
100939,258.0501727,
100940,256.8099642,
100941,254.8426365,
100942,252.747416,
100943,252.5416223,
100944,250.0834475,
100945,247.423428,
100946,246.0524911,
100947,245.1197296,
100948,242.064101,
100949,240.0137036,
100950,238.1039431,
100951,234.9387155,
100952,233.35796,
100953,232.2219512,
100954,230.0316511,
100955,226.8597438,
100956,225.5706348,
100957,224.5619291,
100958,221.0904797,
100959,218.2701092,
100960,218.2389792,
100961,215.5926491,
100962,212.8127633,
100963,212.3592844,
100964,211.4777131,
100965,208.1524166,
100966,206.8154125,
100967,205.8821893,
100968,203.2907714,
100969,199.518405,
100970,198.6179844,
100971,195.9036028,
100972,191.892428,
100973,190.6348118,
100974,189.1518442,
100975,187.0889243,
100976,184.3644104,
100977,183.7464713,
100978,181.6766102,
100979,178.4230741,
100980,175.8489079,
100981,175.244061,
100982,172.4071971,
100983,169.7683717,
100984,169.0606311,
100985,166.7294531,
100986,164.2311214,
100987,162.0846395,
100988,161.8640047,
100989,159.9950675,
100990,158.2550425,
100991,156.1981039,
100992,155.7660636,
100993,154.2249077,
100994,152.3933888,
100995,152.9222295,
100996,152.959409,
100997,152.9257592,
100998,153.1055944,
100999,153.5166401,
101000,153.329501,
101001,154.4177197,
101002,154.1593949,
101003,154.5729621,
101004,154.6994425,
101005,155.1936393,
101006,155.6771121,
101007,156.2374771,
101008,156.1318119,
101009,156.2672373,
101010,156.859086,
101011,157.2544191,
101012,157.9438326,
101013,158.2903802,
101014,158.4700232,
101015,159.4137938,
101016,160.5837634,
101017,160.9930274,
101018,161.3343922,
101019,161.7272287,
101020,162.4670618,
101021,162.9043156,
101022,163.7073716,
101023,164.7093968,
101024,164.947749,
101025,165.8284111,
101026,167.1092362,
101027,167.6043991,
101028,168.6932358,
101029,169.3656622,
101030,169.7114489,
101031,172.4359966,
101032,173.6897797,
101033,175.1865384,
101034,175.8415596,
101035,176.6368922,
101036,178.1866612,
101037,179.3339591,
101038,180.7215237,
101039,181.4633857,
101040,182.0882522,
101041,184.3631894,
101042,187.6110039,
101043,188.0085963,
101044,188.061852,
101045,188.9831944,
101046,191.5609806,
101047,192.9335607,
101048,194.5746148,
101049,196.4286918,
101050,198.8646485,
101051,200.6201128,
101052,200.8175444,
101053,202.6477193,
101054,204.4050409,
101055,205.9668249,
101056,206.8751889,
101057,207.88789,
101058,209.1738567,
101059,211.6775457,
101060,212.1502191,
101061,212.9120161,
101062,213.7655164,
101063,214.5407349,
101064,215.6223172,
101065,216.7524341,
101066,216.0281334,
101067,217.5441624,
101068,219.056095,
101069,219.9452676,
101070,220.5647202,
101071,221.8237998,
101072,223.3471342,
101073,224.7127822,
101074,224.8190138,
101075,225.7443009,
101076,228.2535356,
101077,229.8039266,
101078,229.9813433,
101079,231.1064953,
101080,232.6628834,
101081,233.6550899,
101082,234.5904505,
101083,234.7274695,
101084,236.0248264,
101085,238.3827823,
101086,240.246519,
101087,240.908778,
101088,243.3892157,
101089,244.3316601,
101090,244.97114,
101091,245.4689117,
101092,246.4214984,
101093,247.0777218,
101094,248.8732236,
101095,248.8538346,
101096,250.1401254,
101097,252.1633976,
101098,253.7045267,
101099,254.6734388,
101100,254.4910295,
101101,257.0471789,
101102,258.985181,
101103,259.574909,
101104,261.2071224,
101105,263.2483991,
101106,264.3218081,
101107,265.1926788,
101108,266.2222505,
101109,268.8095312,
101110,270.268774,
101111,270.7226638,
101112,271.9422608,
101113,273.6805692,
101114,274.8792596,
101115,274.981602,
101116,276.6509398,
101117,277.8928403,
101118,278.9732002,
101119,279.7771227,
101120,280.6514722,
101121,281.5391975,
101122,282.0811076,
101123,281.972085,
101124,282.3697802,
101125,283.2601762,
101126,283.4916979,
101127,283.3768887,
101128,283.6578302,
101129,283.7739002,
101130,284.3072947,
101131,284.6671699,
101132,284.5976378,
101133,284.6741328,
101134,285.002738,
101135,284.9827776,
101136,284.9646677,
101137,284.5199022,
101138,284.5478573,
101139,283.8466805,
101140,283.5109883,
101141,283.2315514,
101142,283.5776437,
101143,283.6417924,
101144,283.211686,
101145,282.9798842,
101146,283.0765645,
101147,282.7626641,
101148,282.3840725,
101149,281.9116809,
101150,281.4813161,
101151,281.0690732,
101152,279.8785772,
101153,279.6735625,
101154,279.0124122,
101155,277.4050816,
101156,276.5884704,
101157,276.3197325,
101158,275.3954069,
101159,273.8433545,
101160,272.9977453,
101161,272.2939691,
101162,270.5803705,
101163,268.6225511,
101164,267.558756,
101165,266.8589532,
101166,265.5399554,
101167,263.6454039,
101168,262.7812437,
101169,260.5923367,
101170,257.5824763,
101171,256.578981,
101172,255.6021567,
101173,254.2563168,
101174,251.8431662,
101175,251.0075026,
101176,249.4178462,
101177,246.0171911,
101178,244.9284331,
101179,244.3057905,
101180,243.0655557,
101181,240.6105417,
101182,239.499381,
101183,237.6693228,
101184,235.4294513,
101185,233.4915946,
101186,232.8549914,
101187,231.2055519,
101188,228.3444959,
101189,226.5403109,
101190,225.9078525,
101191,222.9011901,
101192,220.3061718,
101193,219.8280384,
101194,217.6088733,
101195,214.20835,
101196,212.8908771,
101197,212.619548,
101198,209.7721696,
101199,205.9512823,
101200,205.8280541,
101201,203.9374601,
101202,201.1673393,
101203,198.3290592,
101204,197.433078,
101205,194.2468426,
101206,191.3075046,
101207,190.9701567,
101208,189.0054847,
101209,187.2913111,
101210,184.3958069,
101211,182.7441148,
101212,180.9590655,
101213,177.8268017,
101214,176.3335493,
101215,175.5076749,
101216,173.8785061,
101217,171.8326994,
101218,170.1594427,
101219,169.826436,
101220,169.4696313,
101221,169.7114606,
101222,167.6155921,
101223,164.8960338,
101224,164.7289888,
101225,162.912236,
101226,163.021228,
101227,161.1658067,
101228,160.8587458,
101229,160.9556611,
101230,160.2615449,
101231,159.2733124,
101232,158.5082189,
101233,158.5368468,
101234,158.3326738,
101235,157.3782633,
101236,156.4169951,
101237,156.2929943,
101238,154.7882466,
101239,154.2905348,
101240,153.6917394,
101241,152.6867591,
101242,151.7170578,
101243,151.7927731,
101244,151.5353184,
101245,150.6536212,
101246,150.3476901,
101247,150.2710314,
101248,149.3109732,
101249,149.1823402,
101250,149.0286159,
101251,149.0277094,
101252,148.7584881,
101253,148.7783725,
101254,148.7011181,
101255,148.1797407,
101256,148.3560354,
101257,148.8055376,
101258,148.9611618,
101259,149.1993607,
101260,149.5677811,
101261,150.0990744,
101262,150.350034,
101263,151.2905391,
101264,151.5291313,
101265,151.9380982,
101266,153.1218632,
101267,153.9835315,
101268,154.8028079,
101269,155.7279923,
101270,156.6870387,
101271,157.8014129,
101272,158.6066931,
101273,159.7010581,
101274,161.2716082,
101275,163.2369323,
101276,163.028365,
101277,165.2352037,
101278,167.5414969,
101279,169.2665565,
101280,169.8626022,
101281,172.6661347,
101282,175.6440401,
101283,175.970358,
101284,178.4050526,
101285,181.0699802,
101286,183.2913718,
101287,184.5959262,
101288,188.9075965,
101289,190.7354455,
101290,192.2101105,
101291,194.2776887,
101292,196.5206046,
101293,197.217226,
101294,197.9624688,
101295,201.2839593,
101296,203.5361503,
101297,205.3997196,
101298,207.2587761,
101299,208.9413343,
101300,210.5616595,
101301,211.0925013,
101302,213.5285479,
101303,216.7863005,
101304,217.642834,
101305,218.6228275,
101306,221.0673398,
101307,222.723584,
101308,223.4365598,
101309,225.3564205,
101310,228.1870109,
101311,229.1541082,
101312,229.3927209,
101313,231.4784689,
101314,233.7831281,
101315,234.3372081,
101316,235.1738024,
101317,236.9921918,
101318,239.276142,
101319,239.7442192,
101320,241.8946956,
101321,244.1489183,
101322,245.8470358,
101323,246.6586945,
101324,248.3167842,
101325,250.387231,
101326,251.0944562,
101327,252.0827439,
101328,253.982698,
101329,256.1282462,
101330,256.8558379,
101331,257.3871413,
101332,258.7186088,
101333,258.7429491,
101334,259.4724491,
101335,260.2885327,
101336,260.8533587,
101337,261.8998729,
101338,262.2833458,
101339,262.7455306,
101340,263.8779896,
101341,264.6335664,
101342,264.5179439,
101343,264.594095,
101344,265.2577407,
101345,266.1484987,
101346,266.3080027,
101347,266.5687323,
101348,267.2114635,
101349,268.0429945,
101350,268.8104056,
101351,269.1992424,
101352,269.9880561,
101353,271.0311961,
101354,271.6867054,
101355,272.2854583,
101356,272.9449351,
101357,273.296504,
101358,273.5939591,
101359,273.6003139,
101360,273.1677787,
101361,273.5253094,
101362,273.5945537,
101363,273.577388,
101364,273.5663955,
101365,272.8780207,
101366,272.3698956,
101367,272.0949598,
101368,271.8826766,
101369,271.1242408,
101370,270.6062081,
101371,269.8852154,
101372,269.7591725,
101373,269.0416921,
101374,268.1461615,
101375,267.0525406,
101376,266.6243427,
101377,266.223854,
101378,265.5206008,
101379,264.2805995,
101380,263.4638374,
101381,263.5257955,
101382,262.6298311,
101383,261.3040654,
101384,260.4570848,
101385,259.5476171,
101386,258.5683744,
101387,257.2173144,
101388,256.8704969,
101389,256.3213049,
101390,255.5904964,
101391,254.3954535,
101392,253.0530023,
101393,252.5825185,
101394,250.6982415,
101395,248.8901527,
101396,248.5487728,
101397,247.5758515,
101398,246.2096872,
101399,244.3822775,
101400,243.9265947,
101401,242.0263946,
101402,239.886256,
101403,239.7265105,
101404,238.4642487,
101405,237.345463,
101406,236.3821978,
101407,235.247506,
101408,234.2228884,
101409,231.7952641,
101410,229.1626063,
101411,229.0442271,
101412,227.1016808,
101413,225.4895864,
101414,223.9442329,
101415,222.2965888,
101416,221.0045998,
101417,218.3366255,
101418,215.9609718,
101419,215.2242602,
101420,214.3550778,
101421,211.8716993,
101422,209.4573733,
101423,208.6884515,
101424,206.456529,
101425,204.6478813,
101426,202.9844472,
101427,202.2990646,
101428,200.8418466,
101429,198.9587357,
101430,196.1316385,
101431,194.3351035,
101432,192.473379,
101433,188.9552723,
101434,187.0280465,
101435,187.1524996,
101436,185.0952799,
101437,182.2235027,
101438,180.8635809,
101439,179.9493723,
101440,177.0347527,
101441,174.8742375,
101442,174.5651497,
101443,173.0967988,
101444,171.2374567,
101445,170.152842,
101446,169.5194935,
101447,165.8128013,
101448,163.4574576,
101449,162.6373815,
101450,160.5241002,
101451,157.2427834,
101452,156.00427,
101453,154.8943962,
101454,151.3910978,
101455,149.9062406,
101456,149.3184342,
101457,146.9486669,
101458,144.7609458,
101459,143.9504215,
101460,142.095292,
101461,139.5929861,
101462,139.3104289,
101463,137.4844714,
101464,135.6040604,
101465,135.207175,
101466,133.8887439,
101467,131.7478419,
101468,129.7807954,
101469,129.4075035,
101470,128.0184646,
101471,126.7121609,
101472,125.9080831,
101473,125.1732555,
101474,123.981626,
101475,122.7048924,
101476,122.2676224,
101477,121.6370146,
101478,120.4538415,
101479,119.7253221,
101480,119.5651823,
101481,118.4136602,
101482,117.2671836,
101483,116.9651195,
101484,116.010318,
101485,114.8942087,
101486,114.9999321,
101487,114.5467799,
101488,113.6208318,
101489,112.9165918,
101490,112.7372312,
101491,111.5944059,
101492,110.7538951,
101493,111.1091803,
101494,110.8449966,
101495,110.6041629,
101496,109.851353,
101497,109.7696905,
101498,109.26367,
101499,108.3879403,
101500,108.5833651,
101501,108.2840284,
101502,107.7072574,
101503,107.8637552,
101504,107.7661698,
101505,107.9820362,
101506,108.4454493,
101507,108.778369,
101508,109.2410792,
101509,110.4490427,
101510,111.4836006,
101511,111.7305975,
101512,112.5223743,
101513,113.9374239,
101514,114.5918736,
101515,115.324172,
101516,116.6924877,
101517,117.646754,
101518,117.7509093,
101519,118.4526848,
101520,120.781084,
101521,121.8979985,
101522,122.8073755,
101523,124.5750555,
101524,126.2633166,
101525,126.766841,
101526,127.9806927,
101527,129.5393498,
101528,131.3649211,
101529,132.2600111,
101530,134.445748,
101531,136.4868688,
101532,138.3683137,
101533,139.3007914,
101534,141.1523963,
101535,143.6305708,
101536,145.3986644,
101537,145.235035,
101538,148.3309374,
101539,150.7536004,
101540,152.0094061,
101541,152.9982498,
101542,156.0052677,
101543,158.1225403,
101544,159.1206289,
101545,161.7649592,
101546,164.6838016,
101547,166.3902691,
101548,167.8259083,
101549,169.4759392,
101550,172.7170818,
101551,173.6958371,
101552,175.3835798,
101553,177.7840148,
101554,180.0668326,
101555,181.3328027,
101556,182.1417259,
101557,184.9535331,
101558,186.5192322,
101559,186.6884952,
101560,188.4987302,
101561,191.1930953,
101562,193.5330292,
101563,194.1184084,
101564,195.5561789,
101565,197.4547854,
101566,199.5803944,
101567,200.8576437,
101568,201.2669834,
101569,204.4607121,
101570,207.3830405,
101571,208.4505988,
101572,210.2991523,
101573,212.4061323,
101574,213.5799078,
101575,215.2444943,
101576,217.3311115,
101577,219.7001036,
101578,220.7156503,
101579,221.3273826,
101580,222.6203995,
101581,225.8649865,
101582,227.68715,
101583,227.6940287,
101584,231.3479346,
101585,234.1475687,
101586,234.4414922,
101587,235.0555164,
101588,237.3521234,
101589,239.6502681,
101590,240.1233075,
101591,241.6147477,
101592,244.5990637,
101593,245.9097165,
101594,247.3536531,
101595,248.6579765,
101596,250.7648877,
101597,252.5031309,
101598,253.2713754,
101599,255.9965197,
101600,257.9831831,
101601,258.5517228,
101602,260.3907188,
101603,262.1683705,
101604,263.9761283,
101605,264.465359,
101606,265.980239,
101607,267.4569328,
101608,268.6947518,
101609,269.462749,
101610,270.46216,
101611,270.8644608,
101612,271.6667381,
101613,271.5978259,
101614,272.3840443,
101615,272.6771281,
101616,273.2688351,
101617,273.2892471,
101618,273.7024374,
101619,273.1636025,
101620,273.1008498,
101621,272.6567339,
101622,272.1412898,
101623,272.1126286,
101624,271.7402297,
101625,271.6135924,
101626,271.2960638,
101627,271.1498118,
101628,271.1555337,
101629,270.9268105,
101630,271.3507714,
101631,270.9481364,
101632,269.9449985,
101633,269.2894207,
101634,269.3125372,
101635,268.9284012,
101636,268.527621,
101637,267.9776718,
101638,267.7949031,
101639,267.2303564,
101640,267.169365,
101641,266.4750305,
101642,266.5458902,
101643,266.6747855,
101644,265.8233102,
101645,265.176987,
101646,264.4927164,
101647,264.2394793,
101648,263.9838982,
101649,264.2732003,
101650,263.648449,
101651,263.2129862,
101652,263.1111633,
101653,262.7130707,
101654,261.5322439,
101655,261.779246,
101656,261.9814048,
101657,261.5624544,
101658,261.1243693,
101659,260.9925101,
101660,260.0115946,
101661,258.9179323,
101662,258.8442961,
101663,258.9015764,
101664,258.7459052,
101665,257.9866855,
101666,257.0358006,
101667,256.1842893,
101668,254.8180334,
101669,253.7205989,
101670,253.3367153,
101671,252.8202644,
101672,251.9980846,
101673,250.7715201,
101674,249.5747433,
101675,248.8152263,
101676,246.6914067,
101677,245.6662568,
101678,244.8617206,
101679,244.9938136,
101680,244.0502224,
101681,243.049456,
101682,241.4994687,
101683,241.0950334,
101684,239.1154522,
101685,236.9967039,
101686,235.6642069,
101687,234.8091699,
101688,233.3654379,
101689,231.6550412,
101690,229.5597041,
101691,228.8685358,
101692,227.2415271,
101693,225.4586693,
101694,224.4152877,
101695,222.7531682,
101696,222.0406373,
101697,219.8887332,
101698,217.7137682,
101699,216.8887038,
101700,216.7098788,
101701,215.9715819,
101702,213.685208,
101703,211.5038434,
101704,210.4237736,
101705,210.2499092,
101706,208.5895511,
101707,206.3636919,
101708,205.0696967,
101709,204.6394614,
101710,203.417022,
101711,202.1387542,
101712,201.8712664,
101713,200.8726577,
101714,200.3198279,
101715,199.4611169,
101716,199.3141915,
101717,199.397867,
101718,198.743518,
101719,198.2704394,
101720,197.1756674,
101721,196.1678398,
101722,195.8409407,
101723,195.8136848,
101724,195.4369872,
101725,194.5013568,
101726,193.7429586,
101727,193.3540485,
101728,192.4805545,
101729,191.3316802,
101730,190.0652459,
101731,189.6514047,
101732,188.7382,
101733,187.6611693,
101734,187.2433527,
101735,186.5418018,
101736,186.2943803,
101737,185.7963623,
101738,184.9323519,
101739,183.4678954,
101740,183.2516798,
101741,183.1934956,
101742,183.0613932,
101743,183.167337,
101744,183.0458174,
101745,182.6165713,
101746,182.3525969,
101747,182.4537059,
101748,181.9840754,
101749,180.8335359,
101750,180.1994157,
101751,179.655356,
101752,179.2397552,
101753,178.735653,
101754,177.9082646,
101755,177.9014973,
101756,177.4795785,
101757,176.8139211,
101758,175.7386025,
101759,175.1682338,
101760,175.5062987,
101761,175.6445751,
101762,176.0076226,
101763,176.2547122,
101764,176.4553574,
101765,176.4828094,
101766,176.9089105,
101767,177.2789431,
101768,177.214761,
101769,177.2547706,
101770,177.4138817,
101771,177.4069913,
101772,177.6078718,
101773,177.2448634,
101774,177.2114855,
101775,177.0776157,
101776,176.9998668,
101777,176.8039121,
101778,176.7734309,
101779,176.2901097,
101780,175.7488753,
101781,175.4333816,
101782,174.8890886,
101783,174.4468124,
101784,173.7941208,
101785,172.9684156,
101786,172.9027355,
101787,172.1978753,
101788,170.7885487,
101789,170.2064118,
101790,169.2511631,
101791,168.0903827,
101792,166.8048206,
101793,166.336574,
101794,166.3231059,
101795,165.8693484,
101796,164.6665218,
101797,163.4500723,
101798,162.7713138,
101799,161.6808795,
101800,159.764667,
101801,158.6203212,
101802,157.1565959,
101803,156.2558315,
101804,155.0296693,
101805,154.3454766,
101806,153.396347,
101807,152.3554766,
101808,151.5992866,
101809,151.2259375,
101810,150.9587887,
101811,148.2710838,
101812,148.5491681,
101813,147.9013221,
101814,147.2837297,
101815,146.5649111,
101816,145.8552406,
101817,145.6291916,
101818,145.713679,
101819,146.2180885,
101820,146.8333742,
101821,146.8905351,
101822,146.7796499,
101823,146.7632956,
101824,147.0586464,
101825,146.9177148,
101826,146.7604751,
101827,147.171052,
101828,147.1882121,
101829,147.2556957,
101830,147.3572014,
101831,147.0064337,
101832,146.922945,
101833,146.7546591,
101834,147.0917301,
101835,147.1138154,
101836,147.1008938,
101837,147.2984306,
101838,147.6902225,
101839,147.5965879,
101840,148.0365305,
101841,147.8378969,
101842,147.7669258,
101843,147.2515127,
101844,146.9674271,
101845,146.7778991,
101846,146.7898621,
101847,146.6803178,
101848,147.4560748,
101849,147.3442639,
101850,147.8282213,
101851,147.7063968,
101852,147.2581666,
101853,148.6677546,
101854,148.6299052,
101855,148.7385811,
101856,148.8770592,
101857,149.0363861,
101858,148.9859716,
101859,149.5115185,
101860,149.1940829,
101861,149.4071857,
101862,149.3533009,
101863,149.4426054,
101864,149.7396776,
101865,149.6388794,
101866,150.7060925,
101867,150.6190752,
101868,150.1258079,
101869,150.0650541,
101870,150.3580598,
101871,150.6637372,
101872,150.3607543,
101873,150.2671548,
101874,149.9335506,
101875,150.735777,
101876,150.894592,
101877,150.8087729,
101878,150.6371591,
101879,151.4981295,
101880,151.7488896,
101881,151.4635883,
101882,151.4308229,
101883,151.8442693,
101884,151.6604315,
101885,151.8341093,
101886,151.479037,
101887,151.3419378,
101888,151.583842,
101889,152.0627037,
101890,152.5103049,
101891,152.4127785,
101892,153.1814138,
101893,153.758815,
101894,153.8162587,
101895,154.124113,
101896,154.5097877,
101897,154.2059028,
101898,154.202917,
101899,154.6175237,
101900,154.0346031,
101901,154.1393349,
101902,154.6872253,
101903,156.9391297,
101904,157.489937,
101905,159.6491224,
101906,160.894,
101907,161.75755,
101908,162.9245477,
101909,163.874415,
101910,165.397266,
101911,166.6101829,
101912,167.8328818,
101913,168.7568151,
101914,169.1910613,
101915,170.1073378,
101916,171.0881522,
101917,173.0435678,
101918,175.7038117,
101919,176.4329632,
101920,177.7726045,
101921,178.6854355,
101922,180.7228137,
101923,184.1780887,
101924,184.1062164,
101925,183.8245411,
101926,187.644856,
101927,188.1950395,
101928,189.7196594,
101929,191.1704875,
101930,192.1106179,
101931,193.2799366,
101932,196.1099811,
101933,197.6131827,
101934,198.5827914,
101935,200.3209405,
101936,201.5861565,
101937,202.7552214,
101938,204.1375368,
101939,203.5237911,
101940,203.2015877,
101941,204.1644882,
101942,205.8336281,
101943,205.9250352,
101944,206.029834,
101945,206.4165782,
101946,207.6050804,
101947,208.5040447,
101948,208.6908627,
101949,208.8508678,
101950,208.4046718,
101951,209.0269302,
101952,208.5135983,
101953,208.8227556,
101954,209.01993,
101955,209.0447546,
101956,208.602368,
101957,208.6741199,
101958,208.8405581,
101959,208.7248123,
101960,208.6792336,
101961,208.8540182,
101962,209.1734052,
101963,209.2412176,
101964,208.899299,
101965,208.7434204,
101966,208.264853,
101967,208.1536014,
101968,207.8730919,
101969,207.8433834,
101970,207.6892136,
101971,207.3734941,
101972,207.5737688,
101973,207.6477477,
101974,207.6437652,
101975,207.8190927,
101976,207.8970854,
101977,208.1943452,
101978,208.0789787,
101979,207.9851749,
101980,207.9012264,
101981,207.5571405,
101982,207.2867337,
101983,206.9130922,
101984,206.6694136,
101985,205.8552993,
101986,205.7283463,
101987,205.5294024,
101988,205.1949891,
101989,205.1562458,
101990,205.4216427,
101991,205.2695851,
101992,204.8846833,
101993,204.4741502,
101994,204.0835571,
101995,204.50838,
101996,204.2564922,
101997,204.2697647,
101998,204.3876397,
101999,204.1353846,
102000,203.9812494,
102001,204.0555155,
102002,204.0329059,
102003,204.1100221,
102004,204.0247624,
102005,203.8756343,
102006,203.8222601,
102007,203.8204702,
102008,203.6747769,
102009,204.0771627,
102010,204.3275049,
102011,204.5992282,
102012,205.1043038,
102013,204.7809772,
102014,205.0822627,
102015,205.096602,
102016,204.6065449,
102017,204.0679599,
102018,203.9127265,
102019,203.9911964,
102020,203.725382,
102021,203.4392955,
102022,202.8029782,
102023,202.7037228,
102024,201.8723544,
102025,201.5591888,
102026,200.8951106,
102027,200.3126951,
102028,199.8869125,
102029,199.2945734,
102030,197.7897897,
102031,197.2089381,
102032,196.2580186,
102033,196.3322696,
102034,194.4843809,
102035,192.921713,
102036,192.3373967,
102037,191.0580157,
102038,189.4450643,
102039,188.3232692,
102040,187.5581067,
102041,186.6641575,
102042,184.668364,
102043,182.5538768,
102044,182.328115,
102045,180.2957229,
102046,178.4119462,
102047,176.9697698,
102048,175.9464814,
102049,175.6007778,
102050,172.9715925,
102051,170.0936609,
102052,169.3790623,
102053,168.2782269,
102054,166.3649793,
102055,164.5069215,
102056,163.2355099,
102057,162.2751917,
102058,160.6821009,
102059,158.7694218,
102060,157.655115,
102061,156.4162955,
102062,154.7166399,
102063,152.2316371,
102064,150.7441549,
102065,150.3233602,
102066,149.0526953,
102067,147.9420058,
102068,146.109049,
102069,145.8731795,
102070,145.6029327,
102071,144.4249997,
102072,142.9340512,
102073,142.3127411,
102074,142.5383269,
102075,143.8440458,
102076,143.6240773,
102077,143.3775371,
102078,143.494385,
102079,143.5377587,
102080,143.2139144,
102081,142.3595446,
102082,142.8492127,
102083,142.835347,
102084,143.0116338,
102085,142.744525,
102086,142.5961145,
102087,142.5409038,
102088,142.5624591,
102089,142.4348807,
102090,142.1177237,
102091,142.0527756,
102092,142.3222836,
102093,141.782966,
102094,141.4581036,
102095,141.4529705,
102096,141.1414212,
102097,140.7654111,
102098,140.2741772,
102099,140.2692393,
102100,139.744946,
102101,139.5203171,
102102,139.6484695,
102103,139.3833908,
102104,139.1396275,
102105,139.0982826,
102106,138.840935,
102107,138.9999134,
102108,139.1688936,
102109,139.7071155,
102110,139.6533767,
102111,140.159142,
102112,140.5557922,
102113,140.5878915,
102114,141.312197,
102115,142.1587721,
102116,142.5695869,
102117,143.2910947,
102118,143.6968943,
102119,144.0702663,
102120,144.4443439,
102121,144.6841977,
102122,144.384579,
102123,144.4880496,
102124,144.8241573,
102125,144.8077028,
102126,145.3539912,
102127,146.1385813,
102128,146.5817132,
102129,146.8818261,
102130,147.5494987,
102131,148.1510286,
102132,148.5256934,
102133,149.8115403,
102134,150.6664439,
102135,152.1076083,
102136,153.6868164,
102137,154.228505,
102138,155.3252334,
102139,156.4422718,
102140,157.5043865,
102141,158.7743331,
102142,159.3409297,
102143,160.7013288,
102144,162.7814697,
102145,165.0456972,
102146,165.0580578,
102147,166.1538518,
102148,168.1408117,
102149,170.2597697,
102150,170.9928093,
102151,172.699159,
102152,175.0992562,
102153,175.7926201,
102154,176.7320238,
102155,178.7051851,
102156,180.3900173,
102157,182.2312666,
102158,182.767382,
102159,184.2427184,
102160,186.4442037,
102161,187.6854475,
102162,187.6892918,
102163,189.1872515,
102164,190.8584334,
102165,193.0420111,
102166,194.1420525,
102167,194.0771557,
102168,196.6402008,
102169,199.1579469,
102170,200.1997009,
102171,200.4822915,
102172,201.7020603,
102173,204.220656,
102174,205.9375143,
102175,206.5029956,
102176,209.4051132,
102177,211.6461166,
102178,212.3282413,
102179,214.7397622,
102180,216.3984622,
102181,217.6291905,
102182,219.3226185,
102183,221.8579596,
102184,224.5721617,
102185,224.9347696,
102186,226.7283163,
102187,228.3033207,
102188,231.0642611,
102189,232.2168053,
102190,233.3467533,
102191,235.1474494,
102192,237.5654729,
102193,238.3686938,
102194,239.7528707,
102195,241.9436883,
102196,243.3910578,
102197,244.2932318,
102198,245.4083156,
102199,247.6398142,
102200,249.9625572,
102201,250.7659473,
102202,251.2832079,
102203,252.5205967,
102204,253.8743378,
102205,254.5310008,
102206,255.5923945,
102207,256.6141111,
102208,257.5639079,
102209,258.1091913,
102210,258.7796884,
102211,259.2983767,
102212,259.9143754,
102213,259.9342536,
102214,260.7058351,
102215,261.9948284,
102216,262.1578197,
102217,262.4655275,
102218,262.8780597,
102219,263.8769108,
102220,264.9699577,
102221,265.2998812,
102222,265.4603859,
102223,266.8678201,
102224,267.2940952,
102225,268.2930322,
102226,268.8193383,
102227,269.5376799,
102228,270.4681502,
102229,270.9296546,
102230,270.9525361,
102231,272.2078362,
102232,273.7109426,
102233,274.2602884,
102234,275.3907859,
102235,276.658234,
102236,277.4745408,
102237,277.9696725,
102238,278.8739801,
102239,280.0724542,
102240,280.7908217,
102241,281.14335,
102242,281.9412488,
102243,281.6281333,
102244,282.1933932,
102245,281.9851503,
102246,282.417488,
102247,282.7972037,
102248,283.0446195,
102249,283.3829912,
102250,283.4107599,
102251,283.5965215,
102252,283.6239872,
102253,283.6724721,
102254,283.4266359,
102255,283.2413699,
102256,283.4070198,
102257,283.5089943,
102258,283.2069225,
102259,282.8360694,
102260,282.9360979,
102261,282.6182933,
102262,282.0606343,
102263,281.5660394,
102264,281.513653,
102265,281.2006642,
102266,280.7934355,
102267,280.5765266,
102268,280.3113408,
102269,279.9036807,
102270,279.1758864,
102271,278.5579716,
102272,278.342784,
102273,278.2741532,
102274,277.3690607,
102275,276.6062947,
102276,275.6438486,
102277,276.0276721,
102278,274.2919812,
102279,273.0991354,
102280,272.1171421,
102281,271.975913,
102282,271.2364004,
102283,269.2802223,
102284,268.1239939,
102285,267.1727418,
102286,265.6168828,
102287,263.9889309,
102288,262.7384463,
102289,262.1591748,
102290,260.0328793,
102291,258.302418,
102292,258.0286214,
102293,256.6969638,
102294,254.0811574,
102295,252.2829175,
102296,251.6003079,
102297,250.3421987,
102298,249.6870461,
102299,247.4793991,
102300,246.6394819,
102301,244.1069018,
102302,242.6697987,
102303,241.8810407,
102304,241.2310635,
102305,240.1874241,
102306,239.2890426,
102307,239.2308975,
102308,238.2398654,
102309,237.3594085,
102310,236.1416134,
102311,236.078918,
102312,235.6856597,
102313,234.033671,
102314,233.5066818,
102315,233.4169778,
102316,232.4042247,
102317,231.3757603,
102318,231.3073182,
102319,230.3532753,
102320,229.3040035,
102321,228.3130026,
102322,227.6495129,
102323,226.1431223,
102324,224.1626805,
102325,223.5446056,
102326,223.0772708,
102327,221.3723435,
102328,219.9525299,
102329,218.9317788,
102330,217.8175433,
102331,215.7668186,
102332,215.3304727,
102333,215.0582069,
102334,213.4133238,
102335,211.7046793,
102336,211.2080159,
102337,210.4485065,
102338,208.6342902,
102339,208.0896716,
102340,207.2345315,
102341,206.2067001,
102342,204.9613439,
102343,204.3386803,
102344,202.5467495,
102345,201.5077398,
102346,201.6256603,
102347,200.6660904,
102348,199.3074382,
102349,198.1228906,
102350,197.7249522,
102351,196.1362291,
102352,194.3492598,
102353,192.9312206,
102354,192.112923,
102355,191.1193806,
102356,190.0801807,
102357,189.1207822,
102358,189.0414865,
102359,187.4439094,
102360,185.4966572,
102361,183.7495364,
102362,182.2983227,
102363,181.6491625,
102364,179.2673528,
102365,177.6359224,
102366,176.7225206,
102367,173.8966354,
102368,171.6898101,
102369,170.8895042,
102370,170.1389096,
102371,167.8653321,
102372,165.571877,
102373,164.6643933,
102374,162.6692117,
102375,160.4191116,
102376,159.2083492,
102377,157.0115557,
102378,153.6899291,
102379,152.7766895,
102380,150.8824074,
102381,148.6883617,
102382,145.2403478,
102383,145.5053122,
102384,143.8016873,
102385,140.8497585,
102386,138.7693001,
102387,138.7298985,
102388,135.8218484,
102389,133.5001809,
102390,131.0692653,
102391,130.3262473,
102392,128.7991796,
102393,127.8912499,
102394,126.2874312,
102395,124.8829057,
102396,122.8708678,
102397,120.5406749,
102398,118.6414785,
102399,118.1434523,
102400,116.9974203,
102401,113.6326132,
102402,111.2576974,
102403,110.6958412,
102404,106.8964474,
102405,103.3371806,
102406,102.6154258,
102407,101.3506327,
102408,99.13025364,
102409,96.64648662,
102410,95.45634199,
102411,93.20537371,
102412,90.43798753,
102413,88.97245097,
102414,87.68450972,
102415,84.93842248,
102416,83.06775536,
102417,82.38596234,
102418,80.85077857,
102419,77.5036333,
102420,75.97903102,
102421,74.93186006,
102422,72.39022041,
102423,70.52422433,
102424,69.4212333,
102425,67.19029026,
102426,64.93616136,
102427,63.33859636,
102428,62.13383053,
102429,59.55660273,
102430,57.73147718,
102431,56.47855941,
102432,55.74260769,
102433,53.21690035,
102434,50.92479133,
102435,49.71800768,
102436,47.80586496,
102437,45.23966191,
102438,44.00477845,
102439,42.9726902,
102440,39.83095939,
102441,38.14016253,
102442,37.59215554,
102443,36.70025907,
102444,35.4377274,
102445,34.39848294,
102446,34.18055263,
102447,33.92842433,
102448,33.91621856,
102449,33.15445069,
102450,32.7738413,
102451,32.6414232,
102452,32.65338956,
102453,32.79040541,
102454,32.93982808,
102455,33.15356936,
102456,33.55744951,
102457,34.19443663,
102458,34.64429714,
102459,35.05439992,
102460,35.38388704,
102461,35.85237763,
102462,36.36585842,
102463,37.10816217,
102464,37.50779564,
102465,37.91104771,
102466,38.80786293,
102467,40.31022607,
102468,41.40654734,
102469,41.9415153,
102470,43.86986552,
102471,45.31256006,
102472,46.17127197,
102473,47.70944773,
102474,50.11350973,
102475,51.05144208,
102476,51.62511931,
102477,52.27609948,
102478,53.66563427,
102479,55.68636285,
102480,57.07076341,
102481,57.94704874,
102482,59.71050266,
102483,62.51648412,
102484,63.50273535,
102485,64.2118343,
102486,66.30936084,
102487,67.75848307,
102488,69.69139106,
102489,72.34956991,
102490,75.14378669,
102491,75.66250864,
102492,77.27255765,
102493,79.53531097,
102494,81.30454891,
102495,82.31140574,
102496,83.50817136,
102497,86.17067764,
102498,88.25482886,
102499,89.21845895,
102500,90.89595232,
102501,93.83718539,
102502,96.02469267,
102503,96.91382209,
102504,99.41261679,
102505,102.5801845,
102506,104.421,
102507,105.4019658,
102508,107.1762107,
102509,109.1545687,
102510,110.3641352,
102511,111.3374826,
102512,115.2817773,
102513,117.6631281,
102514,118.4101957,
102515,121.3315022,
102516,124.6099459,
102517,125.277089,
102518,127.7473409,
102519,131.3176539,
102520,132.5277657,
102521,133.4343896,
102522,136.1883687,
102523,138.3622653,
102524,139.1123169,
102525,142.5109805,
102526,146.2545231,
102527,147.3732109,
102528,148.8426044,
102529,151.5985505,
102530,153.7301773,
102531,154.1670205,
102532,156.72452,
102533,160.4979388,
102534,161.3258343,
102535,163.3711964,
102536,165.7703423,
102537,167.9074699,
102538,168.4482138,
102539,170.6887268,
102540,174.378608,
102541,175.84116,
102542,178.0181373,
102543,180.0081181,
102544,182.1585663,
102545,183.4089753,
102546,185.65185,
102547,188.0350238,
102548,190.0214429,
102549,191.2102952,
102550,193.6059183,
102551,196.4702979,
102552,198.1104861,
102553,199.0120648,
102554,201.8221667,
102555,204.8495681,
102556,205.2779599,
102557,206.7059356,
102558,209.8745708,
102559,211.7499199,
102560,211.3462079,
102561,213.9016713,
102562,216.1168872,
102563,217.4053138,
102564,218.6621537,
102565,220.2987059,
102566,222.8022657,
102567,223.7108929,
102568,225.9481663,
102569,228.618317,
102570,229.7130683,
102571,231.2899466,
102572,233.1969027,
102573,235.2485376,
102574,235.3616595,
102575,237.3727375,
102576,239.7102657,
102577,240.7738639,
102578,241.7329687,
102579,243.0235022,
102580,244.4831486,
102581,244.1080441,
102582,244.3781608,
102583,245.4965345,
102584,246.4783247,
102585,246.4689392,
102586,247.0102696,
102587,247.7446011,
102588,248.4778778,
102589,249.1897299,
102590,249.5901797,
102591,250.5103693,
102592,250.8857442,
102593,251.3201994,
102594,251.969497,
102595,252.8931727,
102596,253.6703217,
102597,253.4638129,
102598,253.7365714,
102599,254.0291672,
102600,254.8567026,
102601,255.2435591,
102602,256.1352124,
102603,256.7392231,
102604,256.8868381,
102605,256.2753323,
102606,255.7747934,
102607,255.6157743,
102608,255.8615989,
102609,255.7490643,
102610,255.6299999,
102611,255.4546643,
102612,255.5293831,
102613,255.2818433,
102614,254.4618745,
102615,254.1073452,
102616,254.0092843,
102617,253.4818258,
102618,253.1196016,
102619,252.0027946,
102620,251.5453651,
102621,250.8912837,
102622,249.5565429,
102623,248.5827506,
102624,248.3747639,
102625,247.4963267,
102626,246.5886019,
102627,245.5951454,
102628,245.1558604,
102629,243.8717808,
102630,241.5496677,
102631,240.7523864,
102632,239.535139,
102633,238.3349663,
102634,237.5550738,
102635,236.4491397,
102636,234.6005861,
102637,232.6270342,
102638,230.5661821,
102639,229.5011744,
102640,228.472471,
102641,227.2401245,
102642,225.6733236,
102643,223.7908043,
102644,223.1598466,
102645,220.5016145,
102646,218.4811819,
102647,216.0851365,
102648,215.3966417,
102649,214.3768202,
102650,212.1967712,
102651,209.9537927,
102652,209.5940797,
102653,207.6208301,
102654,206.5695855,
102655,203.3705738,
102656,203.2626938,
102657,202.4039427,
102658,201.1236943,
102659,200.3366243,
102660,200.2075493,
102661,198.7850254,
102662,197.248108,
102663,196.2792154,
102664,195.9318165,
102665,196.1275365,
102666,195.8412661,
102667,194.7490869,
102668,194.4845546,
102669,194.6213835,
102670,193.9763381,
102671,192.3594704,
102672,191.8028619,
102673,191.5358589,
102674,191.0290419,
102675,189.9890341,
102676,189.0163239,
102677,188.4408156,
102678,188.3624922,
102679,187.0648348,
102680,186.4766269,
102681,185.658966,
102682,185.4335732,
102683,184.6687205,
102684,184.1467493,
102685,183.2673427,
102686,182.8460089,
102687,181.9347957,
102688,181.5463515,
102689,181.3568975,
102690,180.9204163,
102691,180.5050718,
102692,180.0136919,
102693,179.3767271,
102694,179.3619481,
102695,179.1960732,
102696,178.6726854,
102697,176.7051603,
102698,174.3927939,
102699,174.3988642,
102700,173.397249,
102701,171.3498128,
102702,169.4995224,
102703,168.8495763,
102704,167.5923493,
102705,165.4245845,
102706,164.0892808,
102707,164.1590698,
102708,162.4967764,
102709,161.0346662,
102710,159.8663115,
102711,159.3715392,
102712,158.3195024,
102713,156.0410488,
102714,155.6431046,
102715,155.3357337,
102716,154.5185931,
102717,153.5040545,
102718,152.9979316,
102719,152.5257601,
102720,151.3297719,
102721,150.0221403,
102722,148.6654275,
102723,148.032107,
102724,147.7025532,
102725,147.0068137,
102726,145.4937929,
102727,143.8666367,
102728,143.2513495,
102729,141.8013947,
102730,139.7334695,
102731,137.5013367,
102732,137.1071968,
102733,136.2212707,
102734,134.7179458,
102735,133.8449504,
102736,132.9959923,
102737,132.4464054,
102738,132.1897861,
102739,132.5552788,
102740,132.4087686,
102741,132.4620219,
102742,132.3528668,
102743,131.6020648,
102744,130.3605197,
102745,131.1969486,
102746,130.4448198,
102747,130.4674183,
102748,130.2541228,
102749,129.5461677,
102750,129.1866263,
102751,128.2661759,
102752,126.4304715,
102753,125.7549991,
102754,125.8730473,
102755,124.4289366,
102756,124.3237793,
102757,122.2040054,
102758,120.5011426,
102759,119.5263824,
102760,118.1039266,
102761,115.220883,
102762,114.17528,
102763,113.5975439,
102764,112.5872345,
102765,109.9064519,
102766,109.0928745,
102767,107.0995733,
102768,106.1793437,
102769,104.6004374,
102770,103.1128278,
102771,101.9856254,
102772,101.7502193,
102773,101.3921895,
102774,100.1984693,
102775,99.81933927,
102776,99.44587771,
102777,98.70924174,
102778,99.17447114,
102779,99.64339938,
102780,99.99853869,
102781,100.830992,
102782,100.467704,
102783,100.3068351,
102784,100.9319832,
102785,100.3773014,
102786,100.6522594,
102787,100.4553132,
102788,100.2585487,
102789,100.4983328,
102790,101.0358426,
102791,100.3713556,
102792,100.5463756,
102793,100.857175,
102794,101.5833904,
102795,101.9571078,
102796,102.1181624,
102797,101.5052808,
102798,101.8942386,
102799,102.20065,
102800,102.5170787,
102801,102.74961,
102802,103.3050975,
102803,103.6463793,
102804,103.861229,
102805,104.09049,
102806,104.2942996,
102807,104.8057966,
102808,104.6784026,
102809,104.387531,
102810,105.020217,
102811,105.742423,
102812,106.6809374,
102813,106.7335539,
102814,107.8398739,
102815,108.1521592,
102816,108.7943954,
102817,109.363576,
102818,110.3834109,
102819,111.5447805,
102820,112.54251,
102821,113.1779025,
102822,114.1304749,
102823,114.66828,
102824,115.8843144,
102825,116.5793947,
102826,117.4666015,
102827,118.6213594,
102828,121.6410063,
102829,122.3430431,
102830,122.7247052,
102831,124.243992,
102832,125.5376145,
102833,126.4395017,
102834,127.9068595,
102835,129.9088473,
102836,132.2336542,
102837,132.6597195,
102838,133.9306693,
102839,136.1893225,
102840,137.7868075,
102841,138.6146772,
102842,140.4033554,
102843,142.6274063,
102844,144.1144795,
102845,145.8838179,
102846,147.8843312,
102847,149.6126489,
102848,150.9333892,
102849,151.9098119,
102850,153.6567779,
102851,155.5661187,
102852,156.108785,
102853,158.1658042,
102854,159.9127137,
102855,161.2033261,
102856,162.4489381,
102857,165.1568469,
102858,167.9192858,
102859,169.426414,
102860,170.3734899,
102861,172.9996828,
102862,175.307943,
102863,175.8006436,
102864,177.6638197,
102865,180.9722429,
102866,181.8179905,
102867,182.7836678,
102868,184.8277424,
102869,187.4776284,
102870,189.2814906,
102871,190.2162993,
102872,193.2989659,
102873,195.7994872,
102874,196.8972989,
102875,198.5562065,
102876,201.1752609,
102877,202.9011525,
102878,204.2816313,
102879,206.7067753,
102880,209.6707253,
102881,210.8132923,
102882,211.5417856,
102883,213.8872003,
102884,216.9534627,
102885,218.0113019,
102886,218.5260509,
102887,221.6638483,
102888,224.4127508,
102889,224.556468,
102890,226.298201,
102891,228.513173,
102892,231.0296639,
102893,231.8641373,
102894,232.8608463,
102895,236.6085303,
102896,239.3437799,
102897,239.6653944,
102898,241.8324889,
102899,244.490102,
102900,246.179583,
102901,247.9633141,
102902,251.0362971,
102903,254.8738654,
102904,256.0235046,
102905,257.3343332,
102906,260.3617629,
102907,262.7277262,
102908,262.9738782,
102909,265.4543036,
102910,268.4859824,
102911,270.7179593,
102912,271.1914139,
102913,274.1330299,
102914,276.5043885,
102915,277.4271634,
102916,279.3689026,
102917,282.5027525,
102918,284.3533953,
102919,285.1976028,
102920,288.483734,
102921,290.9566518,
102922,291.4720861,
102923,292.5576812,
102924,295.1903337,
102925,296.9077396,
102926,298.3748045,
102927,300.1436477,
102928,301.3311397,
102929,303.5022289,
102930,304.806791,
102931,305.4618359,
102932,306.7311961,
102933,307.8059879,
102934,308.5752663,
102935,309.7415841,
102936,310.4773514,
102937,310.7661319,
102938,310.9638904,
102939,310.3082993,
102940,310.5275797,
102941,311.749958,
102942,312.2972574,
102943,312.8617918,
102944,313.6827481,
102945,314.1837725,
102946,314.3423626,
102947,314.673098,
102948,314.49599,
102949,315.2457379,
102950,315.1497302,
102951,315.4443946,
102952,315.8467314,
102953,316.0942061,
102954,316.0318743,
102955,315.651231,
102956,315.1655098,
102957,315.1407237,
102958,315.5679204,
102959,315.567039,
102960,315.184732,
102961,314.7522014,
102962,313.9284729,
102963,314.0613999,
102964,312.8993314,
102965,311.9357833,
102966,311.8964514,
102967,311.7651652,
102968,311.2612599,
102969,310.3262428,
102970,309.7161507,
102971,308.7244603,
102972,307.7377848,
102973,307.4189118,
102974,307.0449402,
102975,306.1601051,
102976,305.3112175,
102977,304.8615792,
102978,304.6397659,
102979,304.2508841,
102980,304.1157095,
102981,304.2644401,
102982,303.5830182,
102983,302.9808761,
102984,302.4083523,
102985,301.7073616,
102986,300.9569097,
102987,300.0754209,
102988,300.2412384,
102989,299.7283124,
102990,298.851065,
102991,298.1978914,
102992,296.912955,
102993,295.6900858,
102994,294.646661,
102995,294.5072954,
102996,293.5912942,
102997,292.462206,
102998,291.4528846,
102999,290.1436583,
103000,288.1217513,
103001,286.923749,
103002,286.350222,
103003,285.0523504,
103004,283.4568792,
103005,282.453854,
103006,281.1072922,
103007,278.5141986,
103008,276.2502576,
103009,275.7626879,
103010,274.3746687,
103011,272.2728442,
103012,270.4926002,
103013,269.713504,
103014,267.1080224,
103015,264.1909142,
103016,263.7072694,
103017,263.0748644,
103018,261.6348438,
103019,259.9488788,
103020,258.2241795,
103021,257.4845247,
103022,254.7643961,
103023,251.4905176,
103024,251.1565618,
103025,250.7958624,
103026,249.1021583,
103027,246.4692665,
103028,244.5819721,
103029,244.1374393,
103030,241.1624198,
103031,238.4046987,
103032,236.2561437,
103033,236.0498731,
103034,234.9263749,
103035,233.1686012,
103036,230.0538709,
103037,229.1390136,
103038,227.2632586,
103039,224.2176297,
103040,221.5908493,
103041,221.1994387,
103042,218.6680179,
103043,216.4534417,
103044,215.0257601,
103045,214.0344248,
103046,211.7525435,
103047,211.0297106,
103048,209.1242821,
103049,207.7540628,
103050,207.2861456,
103051,206.0846721,
103052,204.6316019,
103053,203.9400004,
103054,203.24833,
103055,203.4492606,
103056,202.9217105,
103057,200.6392042,
103058,199.8791201,
103059,199.4286709,
103060,198.7478118,
103061,199.3478275,
103062,200.2364485,
103063,199.9836007,
103064,199.7564054,
103065,199.4053293,
103066,199.1576858,
103067,199.9552031,
103068,199.7329176,
103069,199.0547784,
103070,199.7213769,
103071,199.8226531,
103072,199.8294564,
103073,200.5421602,
103074,200.668048,
103075,200.6748964,
103076,200.4868839,
103077,200.5663157,
103078,201.6778899,
103079,202.4975361,
103080,202.7011067,
103081,202.186925,
103082,202.3902983,
103083,203.011871,
103084,203.1812883,
103085,203.4932759,
103086,203.2097378,
103087,203.7741163,
103088,202.6837458,
103089,202.6064251,
103090,202.9121083,
103091,202.9997142,
103092,203.0952834,
103093,202.9557203,
103094,203.3466251,
103095,203.5951899,
103096,203.9543539,
103097,204.3650045,
103098,204.7514762,
103099,205.0775936,
103100,205.4385514,
103101,205.509774,
103102,205.6133353,
103103,205.5396149,
103104,205.8960132,
103105,206.2550755,
103106,206.3098255,
103107,206.2627755,
103108,206.6011935,
103109,207.2251872,
103110,207.1264803,
103111,207.3873293,
103112,207.2217045,
103113,206.7014534,
103114,206.5798214,
103115,206.6317354,
103116,206.6680367,
103117,206.8010318,
103118,206.8783593,
103119,206.9391905,
103120,206.7924318,
103121,206.6814977,
103122,206.3695601,
103123,206.4649573,
103124,206.3124192,
103125,205.9305201,
103126,205.6476743,
103127,205.649278,
103128,205.7605285,
103129,205.9316016,
103130,206.2115857,
103131,206.1566458,
103132,205.7826351,
103133,205.3927021,
103134,205.5615588,
103135,205.5477362,
103136,205.2304293,
103137,205.0565646,
103138,204.7719921,
103139,204.4253171,
103140,204.2909791,
103141,204.058049,
103142,203.9973112,
103143,204.1038715,
103144,203.6181583,
103145,203.3874605,
103146,202.8493936,
103147,202.6400671,
103148,202.9397358,
103149,202.9964397,
103150,203.4655656,
103151,203.8731574,
103152,203.6704645,
103153,203.7183017,
103154,204.0844961,
103155,203.8223717,
103156,204.1964815,
103157,204.6299988,
103158,205.7105971,
103159,206.1710543,
103160,207.0022497,
103161,207.1809584,
103162,208.5885527,
103163,209.3864551,
103164,209.4647879,
103165,209.7616257,
103166,210.5712604,
103167,212.0069816,
103168,212.4476368,
103169,213.6049828,
103170,213.9770586,
103171,214.781805,
103172,215.0425589,
103173,216.4489488,
103174,216.9430211,
103175,217.3610792,
103176,218.0502124,
103177,218.8280081,
103178,219.7517653,
103179,219.2889843,
103180,220.1371096,
103181,220.9389405,
103182,222.0420768,
103183,223.5607612,
103184,223.8940586,
103185,223.7276261,
103186,225.6376128,
103187,225.0172543,
103188,228.9688204,
103189,229.7871149,
103190,231.2377083,
103191,232.2357933,
103192,235.6273464,
103193,236.3020397,
103194,237.3981274,
103195,240.2641928,
103196,242.55647,
103197,243.2031932,
103198,245.0026101,
103199,247.3377483,
103200,250.6153387,
103201,251.3772836,
103202,253.5602097,
103203,255.6643081,
103204,256.8746672,
103205,258.1834014,
103206,259.228429,
103207,261.418152,
103208,262.6805947,
103209,262.587696,
103210,265.1482924,
103211,267.2282556,
103212,268.0362797,
103213,269.4001489,
103214,269.9709763,
103215,272.5362832,
103216,274.2579288,
103217,274.1128739,
103218,275.8999571,
103219,278.1912255,
103220,279.3263645,
103221,280.5656332,
103222,281.331902,
103223,283.199137,
103224,284.8653715,
103225,286.4342049,
103226,286.8003387,
103227,287.2586372,
103228,288.6378291,
103229,288.7623965,
103230,290.11107,
103231,289.9173505,
103232,291.9626961,
103233,292.4661344,
103234,292.4247923,
103235,291.9888832,
103236,291.4490371,
103237,292.6167765,
103238,292.415157,
103239,291.727063,
103240,290.4847912,
103241,291.2499963,
103242,291.9084916,
103243,290.5723262,
103244,291.3117959,
103245,291.4779945,
103246,291.4804856,
103247,291.547322,
103248,292.6331035,
103249,293.0440333,
103250,291.3922245,
103251,290.761265,
103252,291.2008515,
103253,290.7961754,
103254,290.2437801,
103255,289.9452716,
103256,291.1297295,
103257,290.0707592,
103258,291.2671528,
103259,291.1625811,
103260,290.185657,
103261,290.3712664,
103262,290.8357945,
103263,290.1341397,
103264,290.9063223,
103265,291.6930771,
103266,291.9519435,
103267,292.2976142,
103268,293.2551176,
103269,293.1886966,
103270,294.3273226,
103271,295.8800129,
103272,297.0183411,
103273,297.649184,
103274,297.8321379,
103275,298.1566663,
103276,298.7308242,
103277,299.0063601,
103278,299.2292691,
103279,299.4860692,
103280,299.3679384,
103281,299.6887883,
103282,299.5191915,
103283,299.626264,
103284,299.1743993,
103285,299.33053,
103286,299.0543419,
103287,299.2218543,
103288,299.0086601,
103289,298.7677516,
103290,298.570783,
103291,298.3679262,
103292,298.5162547,
103293,297.6837634,
103294,297.4289465,
103295,297.289121,
103296,297.10714,
103297,297.264897,
103298,297.2117343,
103299,297.3662233,
103300,297.4201922,
103301,297.1701371,
103302,297.0025635,
103303,296.3907525,
103304,296.3448589,
103305,296.720879,
103306,297.0964381,
103307,297.462123,
103308,297.8598224,
103309,298.395685,
103310,298.7446897,
103311,298.8294665,
103312,299.0821887,
103313,299.7563041,
103314,300.4658807,
103315,300.9137297,
103316,301.2401471,
103317,301.276673,
103318,301.9822676,
103319,302.3204931,
103320,304.2617038,
103321,303.894766,
103322,304.7845301,
103323,306.3492142,
103324,307.0817324,
103325,307.7487985,
103326,308.2634523,
103327,307.6353366,
103328,308.0727584,
103329,308.8601816,
103330,308.8001381,
103331,308.454783,
103332,308.0156021,
103333,308.6102171,
103334,308.0735957,
103335,308.1824376,
103336,307.9833697,
103337,307.4064967,
103338,307.0857429,
103339,306.681856,
103340,306.4057223,
103341,305.9892129,
103342,305.7173653,
103343,305.3346615,
103344,304.5836999,
103345,304.1395906,
103346,303.6521199,
103347,303.1750175,
103348,302.9934157,
103349,302.7638637,
103350,302.0198974,
103351,301.1988764,
103352,300.6064618,
103353,300.4562693,
103354,300.0487655,
103355,298.971438,
103356,298.4865296,
103357,297.6596293,
103358,296.4617282,
103359,295.9520204,
103360,293.2567513,
103361,290.7966108,
103362,290.1656022,
103363,289.1730692,
103364,287.2447244,
103365,285.9397852,
103366,284.876825,
103367,283.7955577,
103368,282.0281115,
103369,279.8703701,
103370,277.2656015,
103371,276.0239995,
103372,273.7422967,
103373,272.2661405,
103374,271.3545555,
103375,269.7051105,
103376,267.4119378,
103377,266.1602433,
103378,265.2853299,
103379,264.0056704,
103380,263.0114665,
103381,259.728525,
103382,258.725858,
103383,257.1178734,
103384,253.389625,
103385,251.8571499,
103386,251.0491169,
103387,249.6291123,
103388,247.0042463,
103389,245.6612647,
103390,243.6036002,
103391,240.5252776,
103392,238.9191664,
103393,237.8005831,
103394,236.4098806,
103395,233.2799543,
103396,233.2059355,
103397,232.2070019,
103398,228.0409822,
103399,226.4964374,
103400,225.9070743,
103401,224.5631341,
103402,223.0949818,
103403,221.5146468,
103404,220.9556038,
103405,219.5512829,
103406,216.4563966,
103407,214.6980126,
103408,214.0442922,
103409,212.3486188,
103410,210.5268054,
103411,209.17693,
103412,207.895371,
103413,206.5892209,
103414,205.4323558,
103415,203.5249548,
103416,201.5073303,
103417,201.3046259,
103418,200.3062145,
103419,199.1251357,
103420,198.2825683,
103421,196.9353281,
103422,195.3329118,
103423,193.3179335,
103424,193.1109784,
103425,192.233125,
103426,190.8965627,
103427,189.9530835,
103428,189.0351212,
103429,187.8727242,
103430,186.0533533,
103431,185.4195513,
103432,185.7866831,
103433,184.7347938,
103434,183.353587,
103435,182.3251338,
103436,182.837541,
103437,181.3320961,
103438,181.2465753,
103439,180.9336893,
103440,181.4337117,
103441,180.1828947,
103442,181.1535539,
103443,180.5246857,
103444,181.7030082,
103445,180.4145395,
103446,180.192095,
103447,180.1918504,
103448,179.8476319,
103449,180.0974053,
103450,180.0989428,
103451,180.3081266,
103452,180.4142087,
103453,180.349817,
103454,181.0227698,
103455,181.6424856,
103456,181.7711013,
103457,181.5856918,
103458,182.1020154,
103459,182.2479452,
103460,182.3373915,
103461,182.3744811,
103462,182.5947039,
103463,182.3303548,
103464,182.6120317,
103465,182.4151705,
103466,182.1216447,
103467,181.9667968,
103468,181.6909427,
103469,181.5941102,
103470,181.5128155,
103471,181.3167307,
103472,180.9811779,
103473,180.687171,
103474,180.574246,
103475,179.8963421,
103476,179.6022652,
103477,178.8790928,
103478,178.1430073,
103479,177.1561605,
103480,175.9444657,
103481,174.4674528,
103482,173.3296547,
103483,173.5153225,
103484,172.6828747,
103485,172.0983843,
103486,170.9889547,
103487,170.8444243,
103488,170.1774544,
103489,169.2006739,
103490,169.0008371,
103491,167.9929728,
103492,167.1944322,
103493,166.360956,
103494,165.6566762,
103495,165.5652127,
103496,165.1496657,
103497,164.7603465,
103498,164.5351916,
103499,164.6336618,
103500,164.3083217,
103501,163.491944,
103502,163.2697575,
103503,162.9735058,
103504,162.3466606,
103505,161.9933643,
103506,162.1477257,
103507,162.2031827,
103508,161.6056925,
103509,161.6369752,
103510,161.2981445,
103511,160.9152788,
103512,160.6601905,
103513,160.7318093,
103514,160.9883745,
103515,160.9689267,
103516,161.0505372,
103517,161.1795864,
103518,161.510778,
103519,161.6324202,
103520,161.8528757,
103521,162.0642277,
103522,162.7963352,
103523,163.7379993,
103524,164.3971824,
103525,164.7150751,
103526,165.6950948,
103527,166.866414,
103528,167.8835656,
103529,168.3892195,
103530,169.3046939,
103531,170.7678143,
103532,172.4372885,
103533,172.9308524,
103534,173.7150253,
103535,175.0731294,
103536,175.0473718,
103537,175.6306531,
103538,176.5692797,
103539,177.3361375,
103540,178.4487053,
103541,180.7771016,
103542,182.5915705,
103543,182.5756058,
103544,184.1512625,
103545,186.6933088,
103546,188.8577611,
103547,189.6980201,
103548,192.3284273,
103549,194.8590115,
103550,195.7902966,
103551,196.8595942,
103552,199.7173556,
103553,201.6688006,
103554,202.5292754,
103555,203.4435708,
103556,206.2638356,
103557,208.6682362,
103558,208.9171132,
103559,211.006135,
103560,212.6660295,
103561,215.1348531,
103562,215.8938005,
103563,217.6810202,
103564,220.4160852,
103565,222.4915798,
103566,223.1027175,
103567,224.9894612,
103568,227.3079003,
103569,229.503695,
103570,229.800408,
103571,232.7511547,
103572,235.3919906,
103573,236.4422863,
103574,237.7598396,
103575,239.3319716,
103576,242.7423651,
103577,242.8239643,
103578,244.3228062,
103579,246.6134863,
103580,247.8649076,
103581,249.5300786,
103582,250.4434347,
103583,252.6517263,
103584,254.3149872,
103585,254.3890268,
103586,256.6172642,
103587,258.8051861,
103588,259.6175035,
103589,260.7317764,
103590,262.2706204,
103591,264.6735673,
103592,265.4672798,
103593,266.0465782,
103594,268.0481972,
103595,270.7823181,
103596,272.4120747,
103597,272.1423808,
103598,274.2815651,
103599,276.4233912,
103600,277.2810929,
103601,278.2777405,
103602,278.9461231,
103603,282.3313739,
103604,283.8461666,
103605,284.5735565,
103606,286.9576693,
103607,288.0846936,
103608,289.5011406,
103609,290.3243905,
103610,291.392491,
103611,292.949311,
103612,294.3712063,
103613,295.3992594,
103614,295.7990754,
103615,295.822998,
103616,295.7744799,
103617,296.1490908,
103618,296.0454245,
103619,296.4123244,
103620,297.6413067,
103621,297.4458082,
103622,297.4533438,
103623,297.5123002,
103624,296.9515294,
103625,296.9644964,
103626,297.4729545,
103627,297.0487851,
103628,296.6993172,
103629,296.9953354,
103630,296.5358521,
103631,296.3741244,
103632,296.2364463,
103633,295.7350604,
103634,295.7016011,
103635,295.7143563,
103636,295.39467,
103637,295.1014607,
103638,294.5077493,
103639,293.7776402,
103640,293.9675425,
103641,293.9349943,
103642,294.0024285,
103643,293.9088131,
103644,293.3456139,
103645,293.3541894,
103646,292.6589051,
103647,291.9568928,
103648,292.1506481,
103649,292.517406,
103650,292.6620699,
103651,293.0224546,
103652,292.623466,
103653,292.4203903,
103654,292.0199181,
103655,291.284996,
103656,290.9516081,
103657,290.8343593,
103658,290.2952088,
103659,289.0027273,
103660,288.327985,
103661,287.6801353,
103662,286.4058711,
103663,285.46877,
103664,285.4094298,
103665,284.3116461,
103666,282.763226,
103667,282.1551233,
103668,281.902772,
103669,280.6555738,
103670,278.7807631,
103671,277.888074,
103672,277.4831456,
103673,277.1068722,
103674,275.4111205,
103675,274.3986509,
103676,273.9118156,
103677,273.4944185,
103678,272.100773,
103679,270.5658139,
103680,270.9440826,
103681,269.6731305,
103682,268.1137163,
103683,266.6028012,
103684,267.01616,
103685,264.7477966,
103686,263.4580808,
103687,262.5496362,
103688,263.2056085,
103689,261.8791029,
103690,261.5395767,
103691,259.6081361,
103692,259.3239359,
103693,258.3050629,
103694,257.6550813,
103695,256.2524534,
103696,256.5014069,
103697,256.0737888,
103698,254.6868894,
103699,253.7603815,
103700,253.6066485,
103701,253.0751865,
103702,252.3688517,
103703,252.1842526,
103704,251.7727439,
103705,250.6955874,
103706,249.5995233,
103707,249.1965016,
103708,248.4138252,
103709,246.8831471,
103710,245.7296823,
103711,245.5444515,
103712,243.9445019,
103713,243.2331792,
103714,241.8032568,
103715,241.4508331,
103716,240.8316172,
103717,239.6572523,
103718,238.037141,
103719,236.3986418,
103720,236.7089583,
103721,235.1413897,
103722,234.6022391,
103723,233.9854463,
103724,234.074572,
103725,234.1754013,
103726,234.1958187,
103727,235.2671606,
103728,234.309736,
103729,234.9825435,
103730,234.7813715,
103731,235.4689492,
103732,235.1888515,
103733,235.4055462,
103734,236.0882908,
103735,236.5328532,
103736,236.8375887,
103737,236.7902207,
103738,236.4772938,
103739,236.295232,
103740,237.0172638,
103741,237.6439785,
103742,238.4464747,
103743,238.5023118,
103744,238.4878352,
103745,239.1651144,
103746,239.5576595,
103747,239.7549731,
103748,239.6488105,
103749,239.6304069,
103750,239.7981037,
103751,240.7456823,
103752,241.6146265,
103753,241.9827333,
103754,242.6211887,
103755,242.9323542,
103756,243.4489344,
103757,243.7558331,
103758,244.5381432,
103759,245.8035917,
103760,246.3454732,
103761,246.5556247,
103762,247.0766279,
103763,248.1216111,
103764,248.7153629,
103765,248.9444117,
103766,249.1775087,
103767,249.8183143,
103768,250.680179,
103769,251.6615986,
103770,251.7313482,
103771,252.3150169,
103772,253.3153665,
103773,253.5768768,
103774,254.8299171,
103775,255.6865798,
103776,256.1743422,
103777,256.2203656,
103778,256.9752481,
103779,257.9835602,
103780,258.2504249,
103781,258.9265605,
103782,259.5646802,
103783,260.0000383,
103784,259.8600981,
103785,260.0212933,
103786,260.482773,
103787,260.749463,
103788,261.2325784,
103789,261.8332556,
103790,262.0419404,
103791,261.5977446,
103792,261.66717,
103793,261.4243671,
103794,260.7254713,
103795,260.5370377,
103796,260.7508877,
103797,260.8512291,
103798,260.9181806,
103799,260.7287094,
103800,260.5628146,
103801,259.8162396,
103802,258.6726569,
103803,257.983414,
103804,257.2527852,
103805,257.2279218,
103806,256.8281001,
103807,256.3455573,
103808,256.0233735,
103809,255.6893227,
103810,254.0809385,
103811,253.0134477,
103812,252.7318848,
103813,252.7598102,
103814,252.3920047,
103815,251.8115873,
103816,251.3120537,
103817,251.0913084,
103818,250.2157372,
103819,249.423062,
103820,248.6801337,
103821,248.596248,
103822,248.2037982,
103823,247.4369104,
103824,246.7806487,
103825,246.0800285,
103826,245.0861894,
103827,243.0151079,
103828,241.9562617,
103829,241.9534143,
103830,240.4422454,
103831,239.0595296,
103832,237.8249343,
103833,237.5032927,
103834,235.7145116,
103835,234.0305059,
103836,233.4033313,
103837,233.1670189,
103838,232.7543652,
103839,231.5690871,
103840,229.9296091,
103841,229.2949718,
103842,227.8286783,
103843,225.9959292,
103844,224.6518843,
103845,224.6043427,
103846,223.8842585,
103847,222.3117678,
103848,220.8487775,
103849,220.2195786,
103850,218.3673274,
103851,216.5041766,
103852,215.4264516,
103853,214.3314767,
103854,213.0383628,
103855,211.542942,
103856,210.598875,
103857,209.3652585,
103858,207.1622643,
103859,205.9481243,
103860,205.7993279,
103861,204.3322669,
103862,203.469242,
103863,202.3180303,
103864,201.2463327,
103865,200.8034406,
103866,198.3087967,
103867,196.1306315,
103868,195.0295795,
103869,194.4362348,
103870,194.0090663,
103871,192.675228,
103872,192.2287626,
103873,192.4192739,
103874,192.302839,
103875,192.2795155,
103876,191.8656559,
103877,191.7878837,
103878,192.0762498,
103879,192.2989662,
103880,192.190289,
103881,192.0007332,
103882,191.5923935,
103883,191.4054423,
103884,190.561133,
103885,189.8384773,
103886,189.9831099,
103887,190.3869032,
103888,190.625583,
103889,190.49661,
103890,190.4460903,
103891,190.1488998,
103892,190.0062835,
103893,189.6889715,
103894,189.978137,
103895,190.7019576,
103896,191.6298526,
103897,191.8246866,
103898,192.0699647,
103899,192.8242186,
103900,193.7394438,
103901,193.8857348,
103902,194.6154965,
103903,195.801658,
103904,196.452601,
103905,196.7903666,
103906,197.8105423,
103907,198.9514743,
103908,199.1896327,
103909,200.1166185,
103910,201.1453371,
103911,202.1533182,
103912,202.5733254,
103913,203.2289792,
103914,204.6392927,
103915,205.6340894,
103916,205.8142936,
103917,206.7043052,
103918,207.771694,
103919,208.0514406,
103920,208.1477726,
103921,208.2553466,
103922,208.5044074,
103923,209.1356752,
103924,209.5253228,
103925,210.0514789,
103926,209.8630417,
103927,209.9028881,
103928,209.7442196,
103929,209.6385433,
103930,209.9987955,
103931,209.9199204,
103932,209.9663541,
103933,209.5628795,
103934,209.2983483,
103935,209.0986377,
103936,208.0720338,
103937,207.5115164,
103938,206.8201587,
103939,206.66632,
103940,206.3250477,
103941,206.0211229,
103942,204.8624493,
103943,204.4018051,
103944,202.8647128,
103945,201.1970286,
103946,200.1954913,
103947,199.8809936,
103948,198.9904114,
103949,197.9132272,
103950,196.6674129,
103951,195.741911,
103952,194.0786034,
103953,192.1614763,
103954,191.8015925,
103955,191.5188111,
103956,189.6352742,
103957,188.0932146,
103958,187.3278192,
103959,186.9413213,
103960,186.808661,
103961,185.2881536,
103962,183.1330133,
103963,181.9056207,
103964,181.3426702,
103965,180.0000619,
103966,178.1151525,
103967,176.6490994,
103968,176.1660591,
103969,174.3453043,
103970,171.8847941,
103971,169.9081996,
103972,169.3922911,
103973,167.6936516,
103974,165.7483718,
103975,163.7360287,
103976,163.0618313,
103977,160.8992538,
103978,159.1009715,
103979,156.9223041,
103980,155.7948051,
103981,152.669162,
103982,151.4929403,
103983,150.5881849,
103984,148.8184067,
103985,145.0863553,
103986,143.3481404,
103987,142.9381676,
103988,140.7237813,
103989,138.3645096,
103990,137.5009677,
103991,136.6787499,
103992,135.4192818,
103993,132.6664171,
103994,131.5103998,
103995,130.5499078,
103996,128.5377661,
103997,126.8655768,
103998,125.3438413,
103999,124.9835169,
104000,122.8475551,
104001,121.4558603,
104002,120.2947341,
104003,119.3042425,
104004,117.8628948,
104005,116.9813749,
104006,117.0373897,
104007,116.7166055,
104008,115.1261707,
104009,114.195481,
104010,114.0465336,
104011,113.5138034,
104012,113.2495884,
104013,112.6111078,
104014,112.4731235,
104015,112.6748207,
104016,112.1664023,
104017,111.967313,
104018,111.3785683,
104019,111.2731295,
104020,110.7087184,
104021,110.2106304,
104022,110.4168839,
104023,110.0961161,
104024,109.5841845,
104025,109.2173992,
104026,108.9001582,
104027,108.5967529,
104028,107.8603535,
104029,107.0604612,
104030,107.1804544,
104031,106.7186541,
104032,105.9420347,
104033,105.658879,
104034,105.1989687,
104035,104.191849,
104036,103.5358255,
104037,103.3336625,
104038,102.7239289,
104039,102.1408778,
104040,101.2030014,
104041,101.0484362,
104042,100.0325088,
104043,98.88610474,
104044,98.82233077,
104045,98.76223471,
104046,98.16960461,
104047,97.3369002,
104048,96.41362144,
104049,96.11132973,
104050,95.21590874,
104051,93.85803031,
104052,93.40166516,
104053,92.89161883,
104054,92.12139121,
104055,91.25244801,
104056,90.62007406,
104057,90.44728778,
104058,89.75649765,
104059,89.36496514,
104060,88.69201839,
104061,88.38551418,
104062,87.41963062,
104063,86.04667536,
104064,85.50884235,
104065,85.5352405,
104066,84.30323223,
104067,83.21064118,
104068,82.65993252,
104069,82.41899266,
104070,81.22318333,
104071,79.77760097,
104072,79.50016393,
104073,78.36649977,
104074,77.22580581,
104075,76.11790602,
104076,75.34895625,
104077,74.24177905,
104078,73.08484266,
104079,72.6832146,
104080,71.70218038,
104081,70.80195894,
104082,69.8337634,
104083,69.11522916,
104084,68.75257811,
104085,67.00888196,
104086,65.1460456,
104087,64.92596198,
104088,63.61853696,
104089,63.06260957,
104090,62.7845075,
104091,62.90818258,
104092,62.49798725,
104093,61.46659211,
104094,60.99955074,
104095,60.41985326,
104096,60.06717661,
104097,59.73042107,
104098,59.65760137,
104099,60.27371903,
104100,60.3929581,
104101,60.41443029,
104102,60.62235901,
104103,60.80271643,
104104,61.43447478,
104105,61.85236176,
104106,62.01008814,
104107,63.06010977,
104108,63.89663051,
104109,64.00957143,
104110,64.57897899,
104111,65.67252008,
104112,66.15551692,
104113,67.28700578,
104114,68.26255438,
104115,69.88334613,
104116,70.29047891,
104117,71.11841147,
104118,72.2985086,
104119,72.80766563,
104120,74.02727982,
104121,75.43781401,
104122,77.94605764,
104123,78.84655879,
104124,79.7173675,
104125,81.77258337,
104126,83.79771923,
104127,84.93646192,
104128,87.23248579,
104129,89.7352416,
104130,90.32139283,
104131,91.92749937,
104132,93.60506053,
104133,95.60342624,
104134,97.30307721,
104135,99.5849132,
104136,101.3647701,
104137,102.0745878,
104138,104.1372349,
104139,106.8879146,
104140,107.8760138,
104141,109.6355246,
104142,111.9819112,
104143,114.5720613,
104144,115.2812122,
104145,116.480619,
104146,119.9641511,
104147,121.3346865,
104148,122.5870331,
104149,124.4405012,
104150,127.0380945,
104151,128.3553197,
104152,128.8422772,
104153,130.2222989,
104154,131.6549631,
104155,132.0163984,
104156,133.6970805,
104157,135.9817601,
104158,137.4387237,
104159,137.6828066,
104160,138.8586474,
104161,141.0491725,
104162,142.3347286,
104163,142.645304,
104164,144.4123021,
104165,146.5761977,
104166,148.2594516,
104167,148.9363699,
104168,150.53107,
104169,152.2310998,
104170,153.9302072,
104171,154.3018144,
104172,156.6199067,
104173,158.7397817,
104174,159.6438614,
104175,161.4835306,
104176,163.4491842,
104177,164.8642449,
104178,165.4320939,
104179,167.2380394,
104180,169.5944521,
104181,170.33372,
104182,170.6793834,
104183,172.2024047,
104184,172.9678946,
104185,173.8557254,
104186,174.6187456,
104187,174.4921384,
104188,175.2960534,
104189,175.9420324,
104190,177.187893,
104191,177.5744487,
104192,177.8797562,
104193,177.8562042,
104194,177.9534746,
104195,177.8426976,
104196,177.811015,
104197,178.2065777,
104198,178.6912519,
104199,179.0542654,
104200,179.1244188,
104201,179.5253807,
104202,179.7292549,
104203,180.2136786,
104204,180.3014846,
104205,180.3163531,
104206,180.1890015,
104207,180.0651139,
104208,180.1565296,
104209,180.0553659,
104210,180.1374547,
104211,180.1287503,
104212,179.8370067,
104213,179.857035,
104214,179.3470277,
104215,178.832564,
104216,178.8345347,
104217,178.1740494,
104218,177.8564198,
104219,177.0384885,
104220,176.7643786,
104221,176.1711065,
104222,175.0626262,
104223,173.5804337,
104224,172.8888333,
104225,172.4571355,
104226,171.51136,
104227,170.1179779,
104228,169.0458147,
104229,168.6846368,
104230,167.9585149,
104231,166.6349005,
104232,165.8995951,
104233,165.5094801,
104234,165.4562121,
104235,164.6967764,
104236,163.2457038,
104237,162.0020092,
104238,161.8897106,
104239,160.3315697,
104240,159.1872685,
104241,159.1519834,
104242,158.937497,
104243,157.8504795,
104244,156.685123,
104245,156.7014495,
104246,155.6584419,
104247,154.7813018,
104248,154.4084857,
104249,154.6250531,
104250,154.3468004,
104251,153.6503532,
104252,152.9789208,
104253,152.6703108,
104254,152.0350578,
104255,152.0005482,
104256,151.9357581,
104257,152.4279262,
104258,153.2626228,
104259,153.5073527,
104260,153.3921413,
104261,153.7047101,
104262,154.3462723,
104263,155.2331806,
104264,155.6834862,
104265,156.660041,
104266,157.5707175,
104267,157.8222922,
104268,158.1467665,
104269,159.5030821,
104270,160.6776382,
104271,161.1319197,
104272,162.7614562,
104273,164.0829124,
104274,165.2765578,
104275,166.2305686,
104276,166.9313999,
104277,169.1280192,
104278,170.4736674,
104279,171.0154989,
104280,172.7396585,
104281,175.0162886,
104282,176.0752695,
104283,177.169473,
104284,178.7339966,
104285,181.0005176,
104286,181.5049924,
104287,182.6388074,
104288,183.643416,
104289,184.4990676,
104290,184.7043782,
104291,186.2407751,
104292,188.3054128,
104293,188.7920244,
104294,190.3833964,
104295,192.6792014,
104296,193.5219112,
104297,194.2705201,
104298,196.5600826,
104299,198.7657029,
104300,199.5868545,
104301,202.0390185,
104302,203.0450249,
104303,204.8968217,
104304,205.1257814,
104305,205.8818295,
104306,208.0618803,
104307,209.1431381,
104308,209.5934648,
104309,210.5214013,
104310,210.8806042,
104311,211.9322357,
104312,212.1252851,
104313,212.3024455,
104314,212.2444978,
104315,212.7093809,
104316,212.3701742,
104317,212.4504281,
104318,212.551373,
104319,212.332759,
104320,212.2129611,
104321,211.7989732,
104322,211.6736656,
104323,211.4020903,
104324,211.3429881,
104325,210.4756734,
104326,209.7338712,
104327,209.5338199,
104328,208.9195875,
104329,208.25883,
104330,206.900079,
104331,206.1801511,
104332,205.6724839,
104333,204.4797472,
104334,203.9809741,
104335,202.3029214,
104336,201.8665955,
104337,200.9864608,
104338,198.327341,
104339,197.0142329,
104340,196.6786406,
104341,195.6455734,
104342,194.1647244,
104343,192.4139725,
104344,190.6982382,
104345,190.4249497,
104346,189.3777676,
104347,186.7808354,
104348,184.7920978,
104349,183.8376083,
104350,182.7188602,
104351,180.6867596,
104352,179.257324,
104353,178.1917233,
104354,177.833714,
104355,177.4171526,
104356,177.292741,
104357,176.6207865,
104358,176.2018322,
104359,175.4937709,
104360,175.9729101,
104361,176.1563151,
104362,176.0712868,
104363,176.0011478,
104364,176.4627145,
104365,176.5982689,
104366,176.2698261,
104367,176.2159748,
104368,176.6927178,
104369,176.8915155,
104370,177.3071222,
104371,177.4296136,
104372,177.4523154,
104373,177.6889822,
104374,177.4281267,
104375,177.0904002,
104376,176.5124964,
104377,176.1934126,
104378,176.154496,
104379,176.4437072,
104380,176.8849944,
104381,177.2443621,
104382,177.5331059,
104383,178.2950688,
104384,179.264741,
104385,180.1342385,
104386,180.5471049,
104387,181.7374742,
104388,182.6736071,
104389,183.5076944,
104390,184.362648,
104391,184.724199,
104392,186.0566909,
104393,187.0777535,
104394,188.5664364,
104395,188.1787804,
104396,190.543658,
104397,191.8640733,
104398,193.2244878,
104399,193.6144313,
104400,194.4278604,
104401,196.8779912,
104402,198.2546185,
104403,198.2194522,
104404,199.8971373,
104405,201.5157383,
104406,202.9401727,
104407,203.9021963,
104408,205.3964694,
104409,207.3138059,
104410,208.9965191,
104411,209.5363174,
104412,210.8969666,
104413,212.8599675,
104414,214.3983288,
104415,216.0647906,
104416,218.3104615,
104417,220.2590521,
104418,220.3439314,
104419,222.1696058,
104420,223.8182056,
104421,225.0227967,
104422,225.6947346,
104423,227.3900595,
104424,230.5906223,
104425,231.8130678,
104426,232.4881193,
104427,232.8550783,
104428,234.2727147,
104429,234.6021066,
104430,235.7746156,
104431,235.2961541,
104432,236.4556772,
104433,236.6640648,
104434,236.1389749,
104435,235.9359675,
104436,235.6134506,
104437,234.8604118,
104438,234.5389204,
104439,234.9728176,
104440,235.3190512,
104441,235.1529264,
104442,234.5125438,
104443,233.6480003,
104444,234.4231944,
104445,233.1006736,
104446,232.9025773,
104447,233.0582109,
104448,233.2922172,
104449,232.9994606,
104450,233.4346368,
104451,233.6980778,
104452,233.4475379,
104453,234.6909578,
104454,235.7544452,
104455,236.199466,
104456,236.6727176,
104457,237.2532741,
104458,238.5914156,
104459,239.0007118,
104460,239.8738976,
104461,240.7197695,
104462,241.9571811,
104463,242.3019673,
104464,243.6290795,
104465,244.7911647,
104466,245.3510904,
104467,246.6550438,
104468,248.4426643,
104469,249.5076287,
104470,249.975907,
104471,250.9619618,
104472,252.6708289,
104473,253.877485,
104474,254.2088753,
104475,255.7890232,
104476,257.1039431,
104477,257.7119952,
104478,257.8000601,
104479,258.4875038,
104480,259.8723385,
104481,260.2871045,
104482,260.609289,
104483,261.8293518,
104484,262.802654,
104485,263.1875176,
104486,264.0665029,
104487,265.0859326,
104488,266.0486425,
104489,266.8391715,
104490,267.0622507,
104491,267.6284035,
104492,268.1871773,
104493,268.728094,
104494,269.4754361,
104495,269.8405308,
104496,271.1536317,
104497,272.3257684,
104498,272.6856364,
104499,273.2421667,
104500,274.1177472,
104501,274.180113,
104502,274.5865553,
104503,274.292508,
104504,273.6823746,
104505,273.2124115,
104506,272.4785219,
104507,271.9252498,
104508,271.5527665,
104509,271.2150087,
104510,270.2927528,
104511,270.0605588,
104512,269.5935239,
104513,269.1989102,
104514,268.898431,
104515,268.1125034,
104516,267.397114,
104517,266.668242,
104518,266.4223063,
104519,265.2555257,
104520,264.2745889,
104521,263.6013441,
104522,263.4417078,
104523,262.9513222,
104524,261.6597434,
104525,260.5120479,
104526,259.4770547,
104527,259.6095325,
104528,259.3287336,
104529,258.2696758,
104530,257.2367553,
104531,255.3077067,
104532,255.0002961,
104533,252.984943,
104534,250.0981688,
104535,249.7567153,
104536,250.7710605,
104537,248.5944621,
104538,246.0120996,
104539,244.2748069,
104540,243.1814681,
104541,242.5991156,
104542,239.9875089,
104543,238.0687203,
104544,236.5549485,
104545,235.1837345,
104546,233.5079037,
104547,231.1111814,
104548,229.5905797,
104549,229.4260314,
104550,225.9766952,
104551,223.7301878,
104552,223.3461301,
104553,222.2232001,
104554,220.3144941,
104555,218.2794189,
104556,217.8166521,
104557,215.795798,
104558,213.4178753,
104559,212.9706884,
104560,212.0752762,
104561,210.0319501,
104562,208.5790798,
104563,208.4747718,
104564,207.7051605,
104565,207.3212372,
104566,206.7898273,
104567,205.7170441,
104568,204.9974007,
104569,204.6820743,
104570,204.4398589,
104571,204.2539664,
104572,205.2111285,
104573,204.9578929,
104574,205.909004,
104575,204.8511657,
104576,205.3940655,
104577,205.6324067,
104578,206.8009009,
104579,205.2180272,
104580,204.8328141,
104581,204.8134481,
104582,204.7651144,
104583,204.4582319,
104584,203.5103557,
104585,202.881079,
104586,202.3557036,
104587,202.4369702,
104588,202.134287,
104589,200.5577753,
104590,199.3350913,
104591,198.9914856,
104592,198.4978414,
104593,197.0889937,
104594,196.5554851,
104595,196.2632826,
104596,195.4660813,
104597,195.0918661,
104598,195.0138495,
104599,195.4836949,
104600,195.4304455,
104601,195.0322925,
104602,194.943258,
104603,195.2851099,
104604,195.7761934,
104605,196.4860449,
104606,196.5790993,
104607,197.7197801,
104608,198.7987259,
104609,199.7562299,
104610,200.107973,
104611,200.7307142,
104612,201.2015163,
104613,201.5005107,
104614,201.8873742,
104615,202.287748,
104616,202.473623,
104617,203.6585433,
104618,205.0843447,
104619,206.6737891,
104620,207.9626826,
104621,207.177955,
104622,208.1054299,
104623,209.9159716,
104624,211.934485,
104625,212.4422793,
104626,213.5266401,
104627,215.8181241,
104628,217.4270694,
104629,217.9288112,
104630,219.696488,
104631,221.931458,
104632,222.9918747,
104633,223.2874623,
104634,225.2104035,
104635,227.5739121,
104636,228.9733822,
104637,229.6419829,
104638,231.9677445,
104639,234.1520682,
104640,234.8044824,
104641,236.7480109,
104642,239.5503968,
104643,241.0769483,
104644,241.4794194,
104645,243.4606682,
104646,245.4466241,
104647,247.0042769,
104648,248.5295106,
104649,250.2333121,
104650,252.5334162,
104651,254.0730481,
104652,255.1072118,
104653,256.8007037,
104654,259.0774886,
104655,260.2929266,
104656,261.4163469,
104657,262.323839,
104658,264.4807683,
104659,265.8941283,
104660,266.6229631,
104661,267.806768,
104662,268.8486589,
104663,269.958691,
104664,270.5780619,
104665,270.8287036,
104666,271.7185277,
104667,273.9000598,
104668,274.1916018,
104669,274.5066683,
104670,275.6005972,
104671,276.1295954,
104672,277.6940704,
104673,277.7342303,
104674,278.5671688,
104675,280.6518771,
104676,281.9318509,
104677,283.4195817,
104678,283.9195625,
104679,284.6800809,
104680,286.5097209,
104681,287.4681944,
104682,288.033318,
104683,290.0939148,
104684,291.5975098,
104685,292.5487438,
104686,293.0498085,
104687,293.9163925,
104688,294.3151572,
104689,294.1904151,
104690,293.8853045,
104691,294.2482037,
104692,294.7980476,
104693,295.1294235,
104694,295.3930575,
104695,295.1065547,
104696,295.7945088,
104697,295.9831171,
104698,295.7876783,
104699,296.1440732,
104700,296.4271018,
104701,296.9952474,
104702,296.9381507,
104703,296.9463337,
104704,296.8962813,
104705,297.1501167,
104706,297.2096552,
104707,297.0005514,
104708,297.0123514,
104709,296.9620532,
104710,296.8503808,
104711,296.3541289,
104712,295.6107009,
104713,294.7688484,
104714,293.75466,
104715,293.8116124,
104716,293.2312336,
104717,292.2010226,
104718,291.2023243,
104719,291.1541933,
104720,290.5134823,
104721,289.9388263,
104722,288.9087213,
104723,288.4435929,
104724,288.9915135,
104725,288.492367,
104726,287.516842,
104727,287.0552308,
104728,286.5252454,
104729,285.2850741,
104730,284.7429062,
104731,284.7854111,
104732,283.8748667,
104733,283.1919623,
104734,282.2688908,
104735,281.627829,
104736,280.2178376,
104737,278.9140582,
104738,279.440382,
104739,278.137023,
104740,276.8780153,
104741,275.9381978,
104742,275.584638,
104743,273.2418758,
104744,271.7941752,
104745,271.6115048,
104746,270.4022608,
104747,268.5054439,
104748,267.04826,
104749,266.6369815,
104750,265.4692828,
104751,263.7075571,
104752,262.0291623,
104753,261.7572248,
104754,260.5347362,
104755,258.8170858,
104756,257.0009647,
104757,255.8633599,
104758,255.6163476,
104759,254.4183415,
104760,252.451584,
104761,251.2551298,
104762,250.0176681,
104763,248.2402849,
104764,247.442336,
104765,246.0153094,
104766,245.8482723,
104767,242.9013152,
104768,240.6824543,
104769,238.7968529,
104770,238.1129487,
104771,235.7901347,
104772,233.4281806,
104773,232.0052906,
104774,230.7510668,
104775,228.9495216,
104776,227.1915466,
104777,226.6509198,
104778,225.9186492,
104779,225.9448673,
104780,225.8467823,
104781,224.1084268,
104782,223.4030343,
104783,222.8335341,
104784,222.9783357,
104785,221.539397,
104786,222.3690658,
104787,222.8655086,
104788,221.1968761,
104789,220.7266638,
104790,221.0400489,
104791,220.5757319,
104792,220.6847977,
104793,219.2550618,
104794,218.5032778,
104795,220.1380376,
104796,219.1184153,
104797,218.0496782,
104798,217.8690669,
104799,217.6715974,
104800,217.5016478,
104801,217.0852935,
104802,216.9047716,
104803,216.6173832,
104804,216.6621512,
104805,216.628501,
104806,216.5761129,
104807,216.8436226,
104808,216.902384,
104809,216.7377043,
104810,216.5499878,
104811,216.7188445,
104812,216.2047089,
104813,215.7918833,
104814,215.8247242,
104815,215.4731277,
104816,214.6620364,
104817,213.7746669,
104818,213.4383024,
104819,212.5535154,
104820,212.0484631,
104821,211.5848618,
104822,210.4614366,
104823,209.8229645,
104824,208.9741561,
104825,208.5390093,
104826,208.2796595,
104827,207.814946,
104828,207.0715912,
104829,206.992877,
104830,206.7506019,
104831,206.4178912,
104832,206.3119819,
104833,206.2632098,
104834,206.9070766,
104835,206.977975,
104836,209.0981768,
104837,209.9959037,
104838,209.9082345,
104839,210.9136629,
104840,211.438152,
104841,211.6543981,
104842,211.8797515,
104843,211.8688198,
104844,212.2787562,
104845,212.6232062,
104846,212.7901411,
104847,212.9194627,
104848,213.8932465,
104849,214.0278491,
104850,215.0633494,
104851,215.3428905,
104852,215.6853902,
104853,215.964715,
104854,216.4605695,
104855,217.3594633,
104856,217.298986,
104857,217.2585049,
104858,217.563788,
104859,217.9267612,
104860,218.1752446,
104861,218.3731054,
104862,218.5686361,
104863,218.9170914,
104864,219.5844646,
104865,220.2750876,
104866,220.7681173,
104867,220.8960569,
104868,220.9084352,
104869,221.635328,
104870,221.7955034,
104871,222.0065233,
104872,222.2935317,
104873,222.5217143,
104874,223.3458205,
104875,223.5050807,
104876,224.0500492,
104877,224.9247848,
104878,225.7696747,
104879,225.8668842,
104880,226.4283999,
104881,227.9053422,
104882,227.9141842,
104883,228.3785201,
104884,230.0200371,
104885,230.804851,
104886,231.4291688,
104887,231.6554831,
104888,232.7519763,
104889,234.0248904,
104890,234.4654933,
104891,234.9148785,
104892,236.4901315,
104893,237.9035927,
104894,238.8711403,
104895,240.0645447,
104896,241.2399424,
104897,242.4267689,
104898,243.3137883,
104899,243.948358,
104900,246.2104583,
104901,247.4193979,
104902,247.526092,
104903,248.961473,
104904,250.727409,
104905,251.9623531,
104906,252.900298,
104907,254.6433459,
104908,257.0538666,
104909,258.4661076,
104910,258.8647581,
104911,261.1374969,
104912,262.061482,
104913,262.53669,
104914,263.7567411,
104915,264.8830878,
104916,267.5690608,
104917,268.8988117,
104918,269.9950361,
104919,271.8125851,
104920,273.8816129,
104921,275.7719084,
104922,275.937617,
104923,279.2595341,
104924,281.7745711,
104925,283.6164161,
104926,284.6178658,
104927,287.3363178,
104928,289.8853477,
104929,291.0562821,
104930,293.1744906,
104931,295.5003021,
104932,297.9469426,
104933,299.5581068,
104934,301.4598995,
104935,302.9826295,
104936,305.1526162,
104937,305.1421173,
104938,306.3070829,
104939,309.0786464,
104940,310.5308162,
104941,311.4087359,
104942,312.7049507,
104943,313.925628,
104944,316.1775963,
104945,317.5566659,
104946,317.713766,
104947,320.5376243,
104948,323.8020158,
104949,324.0565667,
104950,324.0777729,
104951,326.7959553,
104952,329.0921345,
104953,329.2774756,
104954,330.5467925,
104955,332.4777738,
104956,334.0323424,
104957,336.3208958,
104958,337.0437305,
104959,338.7290703,
104960,340.1840663,
104961,340.6683001,
104962,341.2614066,
104963,342.6585109,
104964,343.4305375,
104965,343.610399,
104966,344.6191717,
104967,344.8780033,
104968,345.6523625,
104969,346.1251962,
104970,347.1844159,
104971,347.1105084,
104972,349.0967466,
104973,349.5943682,
104974,350.0799909,
104975,351.9569612,
104976,353.3723343,
104977,354.6875616,
104978,355.5055109,
104979,356.3253891,
104980,358.2836861,
104981,359.7215003,
104982,360.8086851,
104983,361.405048,
104984,363.2654738,
104985,364.9009405,
104986,366.2712629,
104987,366.7399714,
104988,367.6159434,
104989,368.5224054,
104990,369.3373625,
104991,370.1365497,
104992,369.9454964,
104993,370.3687537,
104994,371.5291979,
104995,373.0096353,
104996,374.012774,
104997,374.3409501,
104998,375.0530987,
104999,375.7908064,
105000,376.7512419,
105001,377.550598,
105002,378.0262132,
105003,378.5227182,
105004,379.0730971,
105005,379.5455302,
105006,379.9474845,
105007,379.7091938,
105008,380.4701479,
105009,380.8999507,
105010,381.3640238,
105011,381.3612493,
105012,381.4331878,
105013,381.5203241,
105014,381.5929519,
105015,381.5914013,
105016,381.2279564,
105017,381.3159598,
105018,381.8133317,
105019,381.9227416,
105020,382.2146394,
105021,382.422355,
105022,382.7545454,
105023,383.1410216,
105024,383.4272586,
105025,383.3874446,
105026,383.2245826,
105027,382.9523726,
105028,383.0674283,
105029,383.3345144,
105030,383.4910654,
105031,383.784263,
105032,383.8206738,
105033,384.363901,
105034,384.6380137,
105035,384.7153783,
105036,385.0392818,
105037,385.025672,
105038,385.191548,
105039,385.4982964,
105040,385.5596828,
105041,385.7053913,
105042,385.8387785,
105043,386.0752524,
105044,385.8783025,
105045,386.0068084,
105046,385.6836529,
105047,385.4840228,
105048,385.6087882,
105049,385.4333458,
105050,384.9752067,
105051,384.8066067,
105052,384.2679374,
105053,384.0519357,
105054,383.6215928,
105055,382.9371404,
105056,382.5653708,
105057,382.4645383,
105058,382.0491587,
105059,381.7191517,
105060,381.7054298,
105061,381.0295165,
105062,380.6124309,
105063,380.2395183,
105064,380.1022016,
105065,379.8399857,
105066,379.1726063,
105067,378.7684238,
105068,378.1870824,
105069,377.845856,
105070,377.4384189,
105071,376.7356188,
105072,376.0922108,
105073,375.5210088,
105074,375.6410267,
105075,375.5405576,
105076,374.9771485,
105077,374.0506284,
105078,373.7721616,
105079,373.0551073,
105080,372.6114945,
105081,371.6278257,
105082,371.8752431,
105083,371.7968321,
105084,371.1608098,
105085,371.1036597,
105086,370.2422168,
105087,369.8791516,
105088,369.5895609,
105089,369.064156,
105090,368.4477812,
105091,368.1017522,
105092,367.9359029,
105093,367.9703983,
105094,367.5423095,
105095,367.5041611,
105096,367.4720621,
105097,367.3260119,
105098,367.485015,
105099,368.0235362,
105100,368.3076877,
105101,368.3046636,
105102,368.1092234,
105103,367.7880743,
105104,367.4348733,
105105,366.8271474,
105106,366.4465659,
105107,366.1997656,
105108,365.8947624,
105109,365.6226843,
105110,365.1172784,
105111,364.7912903,
105112,364.2541358,
105113,363.2197878,
105114,362.3881001,
105115,361.5246001,
105116,361.4245251,
105117,360.9930482,
105118,360.5005315,
105119,360.2365503,
105120,359.7500791,
105121,359.0359235,
105122,357.6942074,
105123,357.11115,
105124,356.764033,
105125,356.6299656,
105126,356.5002669,
105127,356.1190295,
105128,355.8153674,
105129,355.4377731,
105130,355.4870637,
105131,355.2248333,
105132,354.8463258,
105133,353.8888892,
105134,353.4459986,
105135,353.2085059,
105136,353.2911225,
105137,353.5207594,
105138,353.0353017,
105139,353.2318728,
105140,352.8879336,
105141,352.4169954,
105142,351.719575,
105143,351.5683002,
105144,351.6778773,
105145,351.8564586,
105146,351.6864578,
105147,351.6640886,
105148,351.4558724,
105149,352.3354571,
105150,351.5358234,
105151,351.3408219,
105152,351.1490315,
105153,351.4193375,
105154,351.9906467,
105155,351.8560304,
105156,351.4436433,
105157,351.2588487,
105158,351.2311618,
105159,351.3008438,
105160,351.333731,
105161,351.4576142,
105162,351.5179973,
105163,352.3141448,
105164,352.900694,
105165,352.9939372,
105166,352.9578474,
105167,353.143105,
105168,353.4377175,
105169,353.2182262,
105170,353.2072206,
105171,353.106833,
105172,353.2882246,
105173,353.1731967,
105174,353.4829508,
105175,353.6164527,
105176,353.5275084,
105177,353.8554129,
105178,353.7641812,
105179,353.9089803,
105180,354.0678116,
105181,353.9639366,
105182,353.9798411,
105183,354.0808154,
105184,354.2746528,
105185,354.3057886,
105186,354.4108011,
105187,354.5385288,
105188,354.9224216,
105189,354.7268724,
105190,354.2292625,
105191,353.7747564,
105192,353.5481113,
105193,352.6135469,
105194,352.0180669,
105195,350.5709546,
105196,350.2328764,
105197,349.2365399,
105198,347.9656057,
105199,346.6545129,
105200,345.6802804,
105201,344.8384356,
105202,342.8191043,
105203,341.6721708,
105204,341.3964305,
105205,340.4825044,
105206,338.3752643,
105207,337.1860057,
105208,336.4543218,
105209,334.5323354,
105210,333.0311625,
105211,331.6573838,
105212,331.0242297,
105213,329.4267869,
105214,327.0642564,
105215,326.5856292,
105216,324.309224,
105217,321.7705984,
105218,320.0685657,
105219,319.2415769,
105220,316.8568134,
105221,314.2349947,
105222,313.823436,
105223,311.5613842,
105224,309.011908,
105225,307.9350518,
105226,306.2592835,
105227,304.154862,
105228,302.1594507,
105229,301.915283,
105230,299.8325656,
105231,297.1283859,
105232,296.2054494,
105233,295.2139605,
105234,293.4678602,
105235,291.3874671,
105236,290.3582386,
105237,289.9140882,
105238,288.6378767,
105239,286.4099343,
105240,285.8627646,
105241,284.4263472,
105242,282.5311477,
105243,280.9376703,
105244,280.477553,
105245,278.7431322,
105246,276.8911846,
105247,275.5656326,
105248,275.3167865,
105249,273.9067251,
105250,272.876298,
105251,272.0501652,
105252,271.4869466,
105253,269.8344701,
105254,268.0427003,
105255,266.7410777,
105256,265.7874337,
105257,264.5835153,
105258,262.6512806,
105259,262.4335466,
105260,261.658793,
105261,260.2295614,
105262,258.3734332,
105263,258.219142,
105264,257.8140127,
105265,257.2237544,
105266,256.7494355,
105267,256.5914002,
105268,256.4320072,
105269,256.9127947,
105270,257.1124502,
105271,257.2426901,
105272,257.3517261,
105273,257.1661101,
105274,257.3864742,
105275,257.3975944,
105276,257.2781678,
105277,258.0992392,
105278,258.6012173,
105279,258.9964201,
105280,259.4195473,
105281,260.4939874,
105282,261.3581884,
105283,261.8400631,
105284,262.6477441,
105285,263.2473186,
105286,264.709114,
105287,265.443694,
105288,266.4808742,
105289,267.185358,
105290,268.5811002,
105291,270.2390103,
105292,270.93419,
105293,272.2143342,
105294,273.9007838,
105295,275.4597314,
105296,276.5053029,
105297,277.939657,
105298,280.3963923,
105299,280.9773325,
105300,282.6711116,
105301,285.2015811,
105302,288.0391079,
105303,288.9547125,
105304,290.2577095,
105305,293.7319735,
105306,295.0801563,
105307,295.4181262,
105308,299.0213646,
105309,301.125927,
105310,301.7624422,
105311,302.8221077,
105312,305.6667691,
105313,307.4233422,
105314,308.0075953,
105315,308.4031329,
105316,311.1805013,
105317,313.7340583,
105318,314.3157803,
105319,316.7880861,
105320,318.8175592,
105321,319.5992339,
105322,320.5173456,
105323,322.6828293,
105324,324.5945315,
105325,325.7649096,
105326,328.3619767,
105327,329.9657311,
105328,330.6610948,
105329,331.0229582,
105330,332.5696444,
105331,333.503886,
105332,334.1595319,
105333,335.2058396,
105334,336.6233479,
105335,337.5570045,
105336,338.7358241,
105337,340.5199402,
105338,342.2686531,
105339,342.330427,
105340,343.7335641,
105341,345.3365062,
105342,346.7930667,
105343,346.868722,
105344,348.4128755,
105345,350.2444568,
105346,350.9216916,
105347,352.1989228,
105348,353.7282838,
105349,354.1007478,
105350,354.1780326,
105351,354.3954628,
105352,355.8195148,
105353,356.5061126,
105354,356.6841053,
105355,357.3006626,
105356,357.1340902,
105357,357.1712437,
105358,356.7792907,
105359,356.149422,
105360,356.4168182,
105361,356.2704794,
105362,356.401968,
105363,356.2881223,
105364,356.3085348,
105365,356.1334752,
105366,355.8456073,
105367,355.5623694,
105368,354.8979956,
105369,354.8686513,
105370,355.0608737,
105371,354.709742,
105372,354.4210083,
105373,354.3730235,
105374,354.0440998,
105375,353.7704964,
105376,353.9249478,
105377,354.1583779,
105378,353.8695554,
105379,353.6926484,
105380,353.2926068,
105381,353.1743994,
105382,352.6614569,
105383,352.1220199,
105384,351.9670036,
105385,351.0150788,
105386,349.8499041,
105387,349.1871101,
105388,347.7518928,
105389,346.4664204,
105390,345.2681041,
105391,345.1353576,
105392,343.851864,
105393,342.4522495,
105394,340.8235502,
105395,340.0918082,
105396,338.5441842,
105397,335.6051887,
105398,335.5581165,
105399,334.1159031,
105400,331.9088372,
105401,330.5667873,
105402,329.0083498,
105403,327.1556533,
105404,324.1077544,
105405,324.052846,
105406,322.5635227,
105407,319.9144616,
105408,318.4625127,
105409,317.1979212,
105410,315.4685087,
105411,314.3493666,
105412,313.437715,
105413,312.7555734,
105414,311.3795798,
105415,310.0460592,
105416,308.3044415,
105417,306.1314764,
105418,305.3627773,
105419,303.3861719,
105420,300.7999558,
105421,299.614232,
105422,298.9419663,
105423,296.3120714,
105424,294.3169018,
105425,293.1071946,
105426,291.061421,
105427,288.5787185,
105428,287.3387473,
105429,286.164353,
105430,283.9067872,
105431,281.8632132,
105432,281.1479988,
105433,279.3956279,
105434,277.107799,
105435,275.3927578,
105436,274.8139903,
105437,273.6093555,
105438,272.2099431,
105439,270.8311174,
105440,270.3276003,
105441,269.8972648,
105442,268.2936269,
105443,267.3257768,
105444,267.1822633,
105445,266.3896635,
105446,266.3006553,
105447,266.5762813,
105448,266.6497765,
105449,266.4635037,
105450,265.5212208,
105451,264.1592096,
105452,263.5413388,
105453,262.7944297,
105454,261.1766394,
105455,260.428875,
105456,260.1329731,
105457,259.3159864,
105458,257.7748355,
105459,256.8551888,
105460,256.4965264,
105461,255.4890441,
105462,254.4647107,
105463,253.3885248,
105464,253.3651428,
105465,252.1536733,
105466,251.0219237,
105467,249.4851525,
105468,249.0942742,
105469,247.4069061,
105470,246.2514394,
105471,245.1130429,
105472,245.1650095,
105473,244.5990126,
105474,243.5832094,
105475,242.1258184,
105476,241.4961518,
105477,240.2258082,
105478,238.3988005,
105479,237.3093447,
105480,236.9876454,
105481,236.0903475,
105482,234.9442591,
105483,233.6703148,
105484,232.8840837,
105485,232.3413452,
105486,231.2453203,
105487,229.817734,
105488,229.3913114,
105489,229.4625191,
105490,228.5021895,
105491,227.490771,
105492,227.3278551,
105493,226.937833,
105494,226.155252,
105495,225.4899499,
105496,224.9628679,
105497,224.3533307,
105498,222.927734,
105499,222.3370491,
105500,221.8498846,
105501,220.4935776,
105502,219.2349442,
105503,219.4582057,
105504,218.6562432,
105505,217.3054693,
105506,216.3828867,
105507,215.7892378,
105508,215.0768166,
105509,214.494887,
105510,214.2737512,
105511,214.598187,
105512,214.5512917,
105513,214.6734035,
105514,214.8199488,
105515,214.5769308,
105516,214.5748675,
105517,214.9103838,
105518,215.5916061,
105519,215.9798312,
105520,216.3881843,
105521,217.3888536,
105522,218.114033,
105523,218.5975512,
105524,219.3233665,
105525,220.4583255,
105526,221.2411614,
105527,221.6662268,
105528,222.6662763,
105529,223.4004327,
105530,223.9177342,
105531,224.1394515,
105532,225.0362758,
105533,226.1823134,
105534,227.3972257,
105535,228.4958421,
105536,230.8572138,
105537,231.995224,
105538,232.5647141,
105539,234.0480821,
105540,235.535781,
105541,236.4713182,
105542,238.37209,
105543,240.5241461,
105544,240.9556498,
105545,242.3739339,
105546,244.0598704,
105547,244.9755342,
105548,246.0383573,
105549,248.3719141,
105550,250.7090749,
105551,251.5722326,
105552,253.610647,
105553,256.0171844,
105554,257.2636027,
105555,258.4232314,
105556,261.1334446,
105557,263.2414733,
105558,263.8365917,
105559,265.0706344,
105560,268.0015262,
105561,269.3326136,
105562,270.6085699,
105563,272.7595819,
105564,275.2586491,
105565,276.0714941,
105566,276.9441651,
105567,278.4783612,
105568,280.1009198,
105569,280.9948999,
105570,282.0991758,
105571,282.9251803,
105572,285.5418198,
105573,286.5030392,
105574,287.9129714,
105575,290.0513121,
105576,292.2658575,
105577,294.0095204,
105578,294.5152869,
105579,297.7588315,
105580,299.4219359,
105581,300.5471968,
105582,301.9915177,
105583,303.8519444,
105584,304.8419822,
105585,305.4475837,
105586,307.5770769,
105587,309.4457796,
105588,310.3971921,
105589,311.5684064,
105590,312.9737913,
105591,314.5889014,
105592,314.9710978,
105593,317.0428642,
105594,318.772358,
105595,319.7084536,
105596,320.9700639,
105597,322.719115,
105598,323.726599,
105599,323.7141159,
105600,324.0501345,
105601,325.2596839,
105602,326.9096576,
105603,326.8325649,
105604,327.2022345,
105605,327.9563148,
105606,329.1463783,
105607,329.2032396,
105608,330.1283578,
105609,330.9667746,
105610,331.3998508,
105611,331.2811542,
105612,331.2916334,
105613,331.6235661,
105614,331.5095882,
105615,331.4961021,
105616,331.8881517,
105617,332.039172,
105618,332.6379989,
105619,333.1702832,
105620,333.1220458,
105621,332.9311055,
105622,332.5642495,
105623,332.1344681,
105624,332.6021368,
105625,332.5024944,
105626,332.5179279,
105627,332.1444477,
105628,331.77147,
105629,331.540509,
105630,330.9636029,
105631,330.4144902,
105632,329.7686771,
105633,329.3814619,
105634,328.159419,
105635,326.8399772,
105636,325.8482471,
105637,324.5856183,
105638,323.0353048,
105639,322.1400903,
105640,321.0537665,
105641,319.1454508,
105642,317.593878,
105643,316.8184497,
105644,315.8893954,
105645,313.1569433,
105646,311.6180642,
105647,310.9497916,
105648,309.4105767,
105649,307.5945397,
105650,305.9483793,
105651,304.8072157,
105652,301.7701221,
105653,299.2381239,
105654,298.6795419,
105655,296.7991628,
105656,295.1572879,
105657,293.51268,
105658,292.7300205,
105659,289.950335,
105660,286.7334583,
105661,286.6515433,
105662,284.429032,
105663,281.5896111,
105664,280.030497,
105665,278.6065549,
105666,276.2074619,
105667,273.7795323,
105668,273.5229474,
105669,271.4707051,
105670,269.4274444,
105671,268.6176872,
105672,268.072941,
105673,265.7155301,
105674,262.1071268,
105675,260.9055638,
105676,259.4169127,
105677,256.8916418,
105678,254.2891414,
105679,253.2371273,
105680,250.6367842,
105681,248.0175108,
105682,246.3128163,
105683,244.6409388,
105684,242.0879419,
105685,240.0627862,
105686,239.3398066,
105687,236.8883461,
105688,235.8324381,
105689,235.085716,
105690,234.1787868,
105691,232.657035,
105692,230.6121845,
105693,229.7430903,
105694,228.8529818,
105695,226.6292852,
105696,224.8441901,
105697,223.7005572,
105698,221.9502814,
105699,220.1699866,
105700,219.0518657,
105701,218.8747582,
105702,217.6201931,
105703,215.4955856,
105704,214.9367095,
105705,214.5277307,
105706,213.251205,
105707,212.0403394,
105708,211.3254672,
105709,210.4280158,
105710,208.7177685,
105711,207.9763901,
105712,206.9238963,
105713,205.6250516,
105714,204.4508804,
105715,204.2411424,
105716,202.9142029,
105717,201.0896913,
105718,201.145607,
105719,200.0168167,
105720,198.9056161,
105721,198.5626203,
105722,197.8460705,
105723,196.1579409,
105724,195.295481,
105725,194.8118718,
105726,193.1579125,
105727,192.18418,
105728,192.1429351,
105729,190.8584329,
105730,189.8714252,
105731,190.164337,
105732,189.0812468,
105733,188.3459302,
105734,188.1891047,
105735,188.2408648,
105736,187.6797392,
105737,186.987774,
105738,186.6879579,
105739,185.8338713,
105740,185.2069612,
105741,185.3238049,
105742,185.5652667,
105743,185.3612691,
105744,185.4493691,
105745,185.4580582,
105746,185.5554107,
105747,185.8710951,
105748,186.5646302,
105749,186.8687936,
105750,187.6437407,
105751,188.6898683,
105752,188.9715347,
105753,189.6650615,
105754,190.5813432,
105755,191.5068273,
105756,191.9520676,
105757,193.3810734,
105758,194.8881172,
105759,195.8745468,
105760,196.677898,
105761,198.0998471,
105762,200.2054066,
105763,200.9841187,
105764,202.3292572,
105765,205.7497426,
105766,206.2722134,
105767,207.2688983,
105768,209.4942938,
105769,211.3870525,
105770,212.3316481,
105771,214.2796563,
105772,215.9698418,
105773,217.3818743,
105774,217.9903479,
105775,219.6341205,
105776,220.9204043,
105777,221.9626994,
105778,222.2889722,
105779,224.5820777,
105780,226.7331689,
105781,229.0437992,
105782,229.1864261,
105783,230.8432657,
105784,232.7146521,
105785,234.0555642,
105786,234.732964,
105787,237.0928445,
105788,238.4171286,
105789,239.1508946,
105790,240.7875499,
105791,242.0453126,
105792,243.2177404,
105793,244.020808,
105794,245.0291729,
105795,247.5001526,
105796,249.1163199,
105797,251.1960925,
105798,252.3426228,
105799,253.3591005,
105800,255.141052,
105801,255.3546422,
105802,256.1669555,
105803,258.8712534,
105804,260.5134377,
105805,262.3718016,
105806,263.6505744,
105807,265.3798794,
105808,267.6521204,
105809,268.5689593,
105810,269.6313619,
105811,272.1396538,
105812,274.9400614,
105813,276.0561324,
105814,277.8927737,
105815,280.3465617,
105816,282.770938,
105817,284.0272745,
105818,285.6774009,
105819,287.5691377,
105820,289.2694307,
105821,289.8281538,
105822,291.0941571,
105823,293.0639962,
105824,294.4831146,
105825,295.3162592,
105826,297.5323129,
105827,299.0153921,
105828,299.5202764,
105829,300.920744,
105830,301.9288158,
105831,303.6380238,
105832,303.7563477,
105833,304.3552179,
105834,306.6004259,
105835,307.8573075,
105836,308.1698967,
105837,310.3445221,
105838,311.5015188,
105839,311.9856206,
105840,313.5783377,
105841,314.569218,
105842,315.1456715,
105843,316.4269571,
105844,317.8930383,
105845,318.3916936,
105846,318.2299777,
105847,318.8608514,
105848,319.902406,
105849,319.9558411,
105850,320.2380464,
105851,320.5565177,
105852,320.3337314,
105853,320.1816635,
105854,320.0703939,
105855,320.3359057,
105856,320.7290584,
105857,320.7816595,
105858,320.3645581,
105859,320.0911487,
105860,319.4538648,
105861,319.1882378,
105862,318.9242857,
105863,318.8763485,
105864,318.8177802,
105865,319.1646928,
105866,319.4325298,
105867,319.6102308,
105868,319.2975335,
105869,319.2670714,
105870,319.5565765,
105871,319.527219,
105872,319.243248,
105873,319.1180617,
105874,319.1245703,
105875,319.3147146,
105876,319.1928254,
105877,319.1502761,
105878,319.2618102,
105879,319.750561,
105880,320.4903799,
105881,320.3415994,
105882,320.486154,
105883,320.5559143,
105884,320.4516562,
105885,320.0160842,
105886,319.5708488,
105887,318.6805902,
105888,317.5790123,
105889,316.5385102,
105890,316.4852384,
105891,315.5098965,
105892,313.9469023,
105893,312.8485531,
105894,312.4393944,
105895,311.2422371,
105896,310.0845486,
105897,308.5698404,
105898,308.2611352,
105899,306.899979,
105900,305.8326864,
105901,304.3563577,
105902,303.2098507,
105903,302.0936522,
105904,300.837976,
105905,297.5189968,
105906,296.4577852,
105907,295.2332713,
105908,294.1317438,
105909,292.6047993,
105910,290.1598885,
105911,289.803296,
105912,287.6999942,
105913,284.7677527,
105914,282.9548274,
105915,282.3903473,
105916,280.5773641,
105917,277.4145168,
105918,276.187262,
105919,275.1623897,
105920,273.5691536,
105921,269.8846472,
105922,269.6316813,
105923,268.8996942,
105924,266.6435131,
105925,264.0231279,
105926,262.5838176,
105927,260.5616691,
105928,257.6707445,
105929,254.6023492,
105930,254.7775983,
105931,253.316711,
105932,250.7504329,
105933,248.7495223,
105934,247.5949478,
105935,245.7955341,
105936,242.6138533,
105937,240.2153354,
105938,239.4320792,
105939,237.0635566,
105940,234.3965502,
105941,232.9328024,
105942,230.8131775,
105943,227.0581484,
105944,225.337076,
105945,224.6135195,
105946,222.5409407,
105947,219.5924853,
105948,218.3132168,
105949,216.5485371,
105950,213.4673937,
105951,211.024723,
105952,210.2252927,
105953,207.2388623,
105954,204.1672397,
105955,203.1886384,
105956,199.5419496,
105957,195.9781347,
105958,194.8126158,
105959,192.7193032,
105960,190.0661569,
105961,187.3922021,
105962,187.0391753,
105963,184.7278386,
105964,182.0795406,
105965,181.2317369,
105966,178.3544552,
105967,175.8377409,
105968,173.9108048,
105969,173.4176647,
105970,170.7355362,
105971,167.4966706,
105972,166.2274828,
105973,164.8724962,
105974,161.8831167,
105975,158.5721645,
105976,157.6179948,
105977,154.6363681,
105978,151.7247627,
105979,150.842543,
105980,147.9418809,
105981,145.4071871,
105982,144.0381012,
105983,143.0815114,
105984,140.7571611,
105985,138.5819373,
105986,137.9553558,
105987,136.2769142,
105988,133.5043713,
105989,132.4571095,
105990,131.8212333,
105991,129.6814841,
105992,128.4827413,
105993,127.7695397,
105994,126.5430966,
105995,125.0716973,
105996,124.5922099,
105997,124.1398564,
105998,122.5096065,
105999,121.6581334,
106000,121.2491966,
106001,119.6696283,
106002,118.3765839,
106003,117.7818648,
106004,117.569905,
106005,116.7004508,
106006,116.0373657,
106007,116.0764923,
106008,115.5532453,
106009,115.2005612,
106010,114.9784179,
106011,115.3249843,
106012,115.3586755,
106013,115.533252,
106014,115.5022878,
106015,116.1394123,
106016,116.5120268,
106017,117.4579501,
106018,117.714421,
106019,119.2052267,
106020,119.9709127,
106021,119.8625623,
106022,120.0764617,
106023,120.7788513,
106024,122.0263194,
106025,122.1962126,
106026,124.1620148,
106027,125.2802346,
106028,126.0046255,
106029,126.4214721,
106030,127.4741765,
106031,128.9491471,
106032,129.6979204,
106033,130.9517673,
106034,132.8019566,
106035,133.4131835,
106036,133.9616993,
106037,134.9925124,
106038,136.6756066,
106039,138.3222867,
106040,139.1782309,
106041,141.6925018,
106042,143.7134643,
106043,144.3313954,
106044,145.7903284,
106045,146.9262474,
106046,148.6206195,
106047,147.5921712,
106048,147.7443796,
106049,147.9352758,
106050,149.4973709,
106051,151.197442,
106052,155.1370926,
106053,155.4577938,
106054,156.7215066,
106055,158.1741839,
106056,160.5208471,
106057,162.5560521,
106058,163.3205986,
106059,166.1719989,
106060,169.3761587,
106061,170.7121863,
106062,172.7352397,
106063,175.2716848,
106064,177.4590815,
106065,177.9150256,
106066,180.8123558,
106067,184.528072,
106068,186.6902098,
106069,187.7231084,
106070,190.0806814,
106071,192.8120609,
106072,193.7004777,
106073,196.2943773,
106074,200.342966,
106075,200.8088495,
106076,201.5201068,
106077,203.6269897,
106078,205.1343904,
106079,205.4226789,
106080,205.7600897,
106081,207.6628129,
106082,209.7871711,
106083,210.2073566,
106084,211.4736282,
106085,212.7988975,
106086,213.9183122,
106087,214.4028235,
106088,215.9202311,
106089,217.9682996,
106090,218.5612053,
106091,220.391608,
106092,222.1022989,
106093,223.6053426,
106094,223.7361329,
106095,225.3000516,
106096,227.5849482,
106097,228.0252343,
106098,229.4813438,
106099,231.1283769,
106100,232.1426329,
106101,232.5041938,
106102,233.6908149,
106103,234.0544633,
106104,235.3814375,
106105,235.7654315,
106106,236.9032603,
106107,238.0910528,
106108,238.7413285,
106109,238.4687443,
106110,238.6533842,
106111,240.2888395,
106112,240.9646876,
106113,241.5867645,
106114,242.7016487,
106115,243.9752318,
106116,244.8926709,
106117,245.1269689,
106118,246.9869438,
106119,248.0778806,
106120,248.5687257,
106121,249.7916778,
106122,250.1647005,
106123,250.7168406,
106124,250.7946211,
106125,251.9877653,
106126,252.4469356,
106127,252.9453026,
106128,254.037353,
106129,254.3447382,
106130,254.4277762,
106131,253.9489256,
106132,254.0323928,
106133,254.4742649,
106134,254.8911787,
106135,254.961265,
106136,254.7171591,
106137,254.6603649,
106138,254.8428982,
106139,254.3067971,
106140,253.9651663,
106141,253.978728,
106142,254.0194639,
106143,253.8823734,
106144,253.4361611,
106145,252.6196365,
106146,251.8702904,
106147,251.7363562,
106148,251.741949,
106149,251.84701,
106150,251.7313599,
106151,251.8085302,
106152,252.2505049,
106153,252.2571039,
106154,251.6344874,
106155,251.2346236,
106156,250.6516795,
106157,250.2435733,
106158,249.91037,
106159,249.8901566,
106160,249.4450602,
106161,248.5570884,
106162,248.354876,
106163,248.2077089,
106164,247.2951866,
106165,246.8845615,
106166,246.8683033,
106167,246.9237265,
106168,247.1042967,
106169,246.500581,
106170,246.3069643,
106171,245.9110616,
106172,245.3676756,
106173,245.0430691,
106174,244.9937805,
106175,244.9195138,
106176,244.1587865,
106177,243.4918091,
106178,242.5445972,
106179,241.4501283,
106180,240.7409965,
106181,240.1727386,
106182,239.5790066,
106183,237.9988739,
106184,237.1830068,
106185,236.557318,
106186,234.2373973,
106187,232.9951844,
106188,232.3552337,
106189,231.0236133,
106190,228.7767832,
106191,227.203438,
106192,226.251188,
106193,224.7085701,
106194,223.027128,
106195,220.7803021,
106196,219.654295,
106197,218.5803989,
106198,216.0241736,
106199,214.2166384,
106200,213.8979717,
106201,211.1865084,
106202,208.2847852,
106203,207.2238231,
106204,204.3929309,
106205,201.8622091,
106206,200.0810009,
106207,199.1188275,
106208,195.2665341,
106209,193.6047158,
106210,192.5772746,
106211,190.8899709,
106212,187.9072195,
106213,185.2045112,
106214,184.1304282,
106215,180.7063782,
106216,178.9342354,
106217,177.1194416,
106218,176.0830934,
106219,172.3560136,
106220,169.9695995,
106221,168.3075048,
106222,164.8818983,
106223,162.5736476,
106224,161.9686396,
106225,159.5936087,
106226,156.6344945,
106227,155.1815492,
106228,154.0569728,
106229,150.6923264,
106230,148.1398684,
106231,147.6268089,
106232,145.7970838,
106233,143.4470965,
106234,141.7407328,
106235,140.5223543,
106236,138.1527467,
106237,135.0069878,
106238,133.3642857,
106239,133.1168007,
106240,131.9378165,
106241,131.0665708,
106242,130.7839093,
106243,130.6656877,
106244,130.0655581,
106245,129.96428,
106246,129.4194292,
106247,127.7291084,
106248,127.6625058,
106249,127.5293152,
106250,127.4199263,
106251,127.409989,
106252,127.4544182,
106253,126.5959118,
106254,126.520439,
106255,126.0649061,
106256,125.5373916,
106257,125.0281593,
106258,124.6404618,
106259,124.8222558,
106260,124.8898849,
106261,125.7164612,
106262,126.6898634,
106263,127.4583004,
106264,127.3454059,
106265,127.5647811,
106266,128.0705117,
106267,128.6728233,
106268,128.8499896,
106269,129.588243,
106270,130.7572648,
106271,131.6882237,
106272,131.6107563,
106273,132.7616615,
106274,133.8828357,
106275,134.7038089,
106276,135.5368949,
106277,137.1013454,
106278,137.5377147,
106279,138.5839484,
106280,140.6673475,
106281,141.8409459,
106282,143.6744128,
106283,145.815563,
106284,147.0929073,
106285,147.7763886,
106286,149.1089076,
106287,151.0912139,
106288,152.7913483,
106289,153.5239489,
106290,157.573874,
106291,159.5458318,
106292,160.2119387,
106293,161.6081505,
106294,164.1592596,
106295,165.7185446,
106296,166.043838,
106297,168.4273493,
106298,172.0308728,
106299,174.4794514,
106300,175.2656785,
106301,178.2454764,
106302,181.4124797,
106303,181.4539647,
106304,184.2141005,
106305,188.2490597,
106306,189.1819228,
106307,190.9967665,
106308,194.0820412,
106309,196.3556553,
106310,197.4029824,
106311,200.59721,
106312,203.487861,
106313,204.0182586,
106314,206.5077249,
106315,209.6678094,
106316,211.4855873,
106317,212.5126485,
106318,215.3215828,
106319,217.7879993,
106320,219.8082637,
106321,220.9411262,
106322,222.5655877,
106323,225.5355217,
106324,226.8917527,
106325,227.3746427,
106326,229.1411408,
106327,231.8496874,
106328,233.1851256,
106329,233.8850339,
106330,236.3275805,
106331,238.4010879,
106332,238.8297164,
106333,240.282959,
106334,243.5115706,
106335,245.0319465,
106336,245.7663593,
106337,247.2349385,
106338,249.3339137,
106339,251.3146731,
106340,252.0786579,
106341,254.3160189,
106342,256.847129,
106343,258.0734836,
106344,259.2352271,
106345,260.8532301,
106346,264.2498125,
106347,264.5743304,
106348,265.546477,
106349,267.8876993,
106350,269.7138494,
106351,269.5216573,
106352,271.9034125,
106353,274.2619704,
106354,275.0961305,
106355,275.5017504,
106356,276.1633439,
106357,277.9965771,
106358,279.1378947,
106359,279.9898451,
106360,281.677391,
106361,283.1584343,
106362,283.5218576,
106363,284.7738466,
106364,286.0478646,
106365,287.065546,
106366,287.8006939,
106367,288.7008271,
106368,289.6852604,
106369,290.5093685,
106370,291.0114782,
106371,291.907215,
106372,292.5617184,
106373,292.6636327,
106374,292.6938916,
106375,292.3741206,
106376,291.9575296,
106377,291.9365291,
106378,291.3578357,
106379,291.0754489,
106380,290.8831405,
106381,291.3524485,
106382,291.7454237,
106383,292.1503899,
106384,291.6278139,
106385,291.3002283,
106386,290.8009338,
106387,290.4824026,
106388,290.2577335,
106389,290.3969021,
106390,290.2434052,
106391,289.6643809,
106392,289.3719972,
106393,288.6765923,
106394,288.118474,
106395,288.010221,
106396,287.8661144,
106397,287.000797,
106398,286.6548837,
106399,285.8611815,
106400,284.6460567,
106401,283.3769518,
106402,282.858136,
106403,282.8343248,
106404,282.3263017,
106405,281.0698866,
106406,280.269281,
106407,279.6812484,
106408,278.0929901,
106409,276.2618017,
106410,275.7049046,
106411,275.5886176,
106412,274.5124836,
106413,273.3969501,
106414,272.4917451,
106415,270.9207875,
106416,269.1856292,
106417,268.3315404,
106418,268.1222601,
106419,266.630445,
106420,265.1652681,
106421,264.2675346,
106422,262.4311459,
106423,260.9214585,
106424,260.775782,
106425,260.2383766,
106426,259.2753011,
106427,257.6271636,
106428,256.6315433,
106429,254.6976298,
106430,253.0726785,
106431,252.8931069,
106432,251.7514979,
106433,250.6262961,
106434,249.3020558,
106435,248.4044502,
106436,246.2826165,
106437,245.1658586,
106438,245.0422082,
106439,244.0606801,
106440,242.8301107,
106441,240.9196125,
106442,240.1704804,
106443,238.3353784,
106444,235.8024213,
106445,235.3558749,
106446,233.7046154,
106447,231.5842807,
106448,229.8252849,
106449,228.7453181,
106450,226.3577649,
106451,223.9833823,
106452,222.3769167,
106453,221.6410741,
106454,220.0440844,
106455,218.3161098,
106456,216.6451832,
106457,216.2261781,
106458,213.4266555,
106459,209.5718088,
106460,209.3448204,
106461,207.7522966,
106462,204.5594426,
106463,201.8363465,
106464,201.5115303,
106465,197.7023527,
106466,193.6846088,
106467,193.8892785,
106468,191.7857728,
106469,187.8285612,
106470,186.5254108,
106471,183.6611329,
106472,180.4841759,
106473,178.4041936,
106474,177.2655698,
106475,175.1658036,
106476,174.4855963,
106477,173.5492245,
106478,172.9218456,
106479,170.2245324,
106480,167.3968407,
106481,164.4625063,
106482,163.6597745,
106483,161.5102258,
106484,158.6501454,
106485,156.0963357,
106486,154.4818174,
106487,150.6569617,
106488,147.8609595,
106489,147.1113018,
106490,145.1169567,
106491,141.6672092,
106492,140.6867153,
106493,137.989926,
106494,134.3510292,
106495,132.9654846,
106496,131.3693152,
106497,127.8988826,
106498,126.2061249,
106499,125.3574091,
106500,123.6176865,
106501,121.5983965,
106502,121.2840344,
106503,119.8849181,
106504,118.1116454,
106505,116.624413,
106506,114.6178307,
106507,113.3095373,
106508,113.066376,
106509,109.8752942,
106510,107.5977069,
106511,107.1956194,
106512,106.2472021,
106513,104.8876336,
106514,103.045749,
106515,102.8483606,
106516,101.7449147,
106517,99.89090899,
106518,98.57410113,
106519,98.44527515,
106520,96.68458785,
106521,94.90298821,
106522,93.88440646,
106523,93.05076146,
106524,92.50107693,
106525,91.27174293,
106526,90.22596515,
106527,89.99560477,
106528,89.36239696,
106529,88.97754054,
106530,88.01233992,
106531,87.28214725,
106532,87.03640498,
106533,86.14151551,
106534,85.26264182,
106535,84.56402448,
106536,83.65993723,
106537,83.27778809,
106538,81.87558245,
106539,80.81610558,
106540,79.51516684,
106541,79.24541592,
106542,78.91309108,
106543,77.9735351,
106544,77.56852929,
106545,76.45855351,
106546,76.05666999,
106547,75.99512475,
106548,76.27122242,
106549,75.72202407,
106550,75.3060957,
106551,75.14313922,
106552,74.49654043,
106553,74.39225456,
106554,74.15810892,
106555,73.97258839,
106556,74.29490908,
106557,74.24811578,
106558,74.08794857,
106559,74.01858925,
106560,74.17435931,
106561,74.06108784,
106562,74.09578166,
106563,74.53559617,
106564,74.99622794,
106565,75.33056694,
106566,75.95118331,
106567,76.60068768,
106568,76.77114544,
106569,76.76294991,
106570,76.57172623,
106571,77.26596239,
106572,77.86402041,
106573,78.08734864,
106574,78.7478644,
106575,80.06316734,
106576,81.15886629,
106577,81.67411371,
106578,82.41348344,
106579,84.13338711,
106580,85.42661948,
106581,86.23075878,
106582,87.19769306,
106583,89.04251128,
106584,90.67546756,
106585,91.17052633,
106586,92.39890137,
106587,93.90340422,
106588,95.51295201,
106589,96.26874593,
106590,98.36402535,
106591,101.1713136,
106592,102.6335935,
106593,103.1800131,
106594,105.5772055,
106595,107.5437419,
106596,108.3785005,
106597,110.1697268,
106598,113.1990879,
106599,114.8444841,
106600,116.0320146,
106601,116.603976,
106602,118.7471021,
106603,120.6461003,
106604,121.4823959,
106605,122.8681863,
106606,125.7063775,
106607,128.1450025,
106608,128.3597105,
106609,129.2927371,
106610,131.3716434,
106611,133.718191,
106612,134.8029926,
106613,136.336708,
106614,138.4757507,
106615,140.6006329,
106616,141.5481985,
106617,143.377549,
106618,145.7953065,
106619,147.4807796,
106620,148.2962457,
106621,149.6607716,
106622,152.4759181,
106623,153.4760607,
106624,153.8785621,
106625,155.7877848,
106626,156.9128724,
106627,158.2985562,
106628,158.6431308,
106629,159.2334918,
106630,162.181765,
106631,162.8370851,
106632,163.4369698,
106633,164.2597999,
106634,165.1803941,
106635,166.0869994,
106636,167.2363192,
106637,167.1566988,
106638,168.8561972,
106639,169.7959344,
106640,170.8453752,
106641,171.3677132,
106642,171.8485414,
106643,173.2682501,
106644,174.1694379,
106645,174.1338714,
106646,174.9909599,
106647,176.7056666,
106648,178.2410305,
106649,178.9131217,
106650,180.3772032,
106651,181.809178,
106652,181.9923756,
106653,182.6480513,
106654,183.2836857,
106655,184.2882078,
106656,184.0188241,
106657,184.604585,
106658,184.9909896,
106659,185.6554089,
106660,186.3475015,
106661,186.5825563,
106662,187.1501061,
106663,188.5042757,
106664,189.0886173,
106665,189.0740237,
106666,190.2361742,
106667,190.7139174,
106668,191.3306888,
106669,192.0068599,
106670,192.0846971,
106671,192.4583932,
106672,192.9151767,
106673,193.377307,
106674,193.7252707,
106675,194.5176131,
106676,195.4921245,
106677,196.407801,
106678,196.6637768,
106679,197.4590679,
106680,198.6591605,
106681,199.2160146,
106682,199.8559961,
106683,201.3595943,
106684,202.5359533,
106685,202.7829296,
106686,203.6274104,
106687,205.4958917,
106688,206.1442533,
106689,206.2925331,
106690,207.3391359,
106691,208.6095011,
106692,209.5472281,
106693,210.133481,
106694,210.5533307,
106695,211.3041565,
106696,212.6023696,
106697,212.7643428,
106698,213.546515,
106699,214.2040692,
106700,214.9135574,
106701,214.5757296,
106702,215.1213218,
106703,215.8549186,
106704,216.3396857,
106705,216.7441205,
106706,217.8942547,
106707,218.6899746,
106708,219.3917208,
106709,219.6821938,
106710,219.9268473,
106711,220.0033961,
106712,220.5471906,
106713,220.8835257,
106714,221.6492542,
106715,222.5957346,
106716,223.1236335,
106717,223.2866502,
106718,223.4914161,
106719,224.2107653,
106720,224.8967536,
106721,224.6462731,
106722,224.7602381,
106723,224.9861445,
106724,225.2216191,
106725,225.2652352,
106726,224.9393904,
106727,224.7929999,
106728,224.8382818,
106729,225.097469,
106730,225.1787868,
106731,224.9810744,
106732,224.8639706,
106733,224.5821848,
106734,224.3689407,
106735,224.1353317,
106736,224.3175747,
106737,224.3982455,
106738,224.9293843,
106739,225.3263259,
106740,225.6995303,
106741,225.6810459,
106742,225.8372436,
106743,226.6089979,
106744,227.1732489,
106745,227.3225792,
106746,228.0084786,
106747,228.2654372,
106748,228.4635842,
106749,228.4717771,
106750,228.1367115,
106751,228.1509358,
106752,227.8953936,
106753,227.7020144,
106754,227.1422664,
106755,226.4685804,
106756,225.7019723,
106757,225.4143819,
106758,224.5023897,
106759,223.1381986,
106760,221.8143738,
106761,221.2648138,
106762,220.9108561,
106763,220.0173455,
106764,219.2231468,
106765,218.0515743,
106766,218.0710069,
106767,216.7137279,
106768,214.6174241,
106769,212.9518365,
106770,212.4159837,
106771,211.8586093,
106772,210.3566929,
106773,208.5835271,
106774,207.8477424,
106775,205.9067914,
106776,203.0911933,
106777,201.0240753,
106778,200.5157747,
106779,199.6963123,
106780,198.589245,
106781,196.7720093,
106782,196.2921322,
106783,195.389197,
106784,193.3375227,
106785,190.0661865,
106786,187.6428618,
106787,187.2022386,
106788,184.8369621,
106789,182.5334308,
106790,180.7544214,
106791,180.1589626,
106792,178.0190174,
106793,175.2022836,
106794,173.4014005,
106795,172.792478,
106796,170.6062631,
106797,168.329752,
106798,165.9577708,
106799,165.2825189,
106800,161.9830019,
106801,159.8110935,
106802,157.9737265,
106803,156.6533106,
106804,154.1404006,
106805,151.3266157,
106806,150.5855044,
106807,148.3505513,
106808,146.3465348,
106809,144.3177558,
106810,143.1225984,
106811,142.2246121,
106812,140.5452932,
106813,139.5856267,
106814,138.9927208,
106815,138.0072328,
106816,136.3907014,
106817,134.9430991,
106818,133.1341113,
106819,131.475817,
106820,130.8490692,
106821,129.8776334,
106822,128.8240516,
106823,128.155287,
106824,127.6637748,
106825,126.3046517,
106826,124.0455599,
106827,123.0300828,
106828,122.2337814,
106829,120.8994922,
106830,119.4243121,
106831,118.7995797,
106832,118.0265877,
106833,116.7874199,
106834,115.9261541,
106835,115.8961889,
106836,115.1388054,
106837,114.2318011,
106838,114.5815899,
106839,114.1365693,
106840,113.5632813,
106841,113.3757726,
106842,113.5336924,
106843,113.5779162,
106844,113.7420378,
106845,113.5863664,
106846,113.7367055,
106847,114.1647115,
106848,114.4715066,
106849,114.7023628,
106850,115.2200732,
106851,116.1603097,
106852,117.4053825,
106853,118.1044188,
106854,119.2252863,
106855,120.5407079,
106856,121.5648817,
106857,122.7403184,
106858,124.3641506,
106859,126.2389557,
106860,127.1658668,
106861,128.1766573,
106862,129.9444614,
106863,132.3014151,
106864,132.9208267,
106865,134.4095756,
106866,136.7877803,
106867,139.5085944,
106868,139.8578787,
106869,142.3804519,
106870,145.1674889,
106871,146.1270108,
106872,147.7792587,
106873,149.9693174,
106874,152.003696,
106875,153.4606477,
106876,155.5641199,
106877,158.1696071,
106878,160.8259329,
106879,161.7143252,
106880,163.4191542,
106881,166.4984554,
106882,168.7211723,
106883,169.1312538,
106884,171.1635551,
106885,174.635221,
106886,176.626523,
106887,177.873395,
106888,180.9646775,
106889,183.258229,
106890,184.112873,
106891,185.9415483,
106892,188.7239293,
106893,190.8715557,
106894,191.3335078,
106895,193.6932851,
106896,196.4972865,
106897,198.5268383,
106898,199.046674,
106899,200.4770054,
106900,201.7940376,
106901,202.5816086,
106902,204.0185182,
106903,205.648418,
106904,207.229756,
106905,207.7484565,
106906,209.100542,
106907,211.5369163,
106908,212.1857509,
106909,213.0816008,
106910,215.0376497,
106911,216.9476627,
106912,217.59709,
106913,219.1192816,
106914,221.3456754,
106915,222.6533956,
106916,223.3086235,
106917,224.3259821,
106918,226.2825327,
106919,226.4633026,
106920,227.1753249,
106921,228.7424107,
106922,229.2880439,
106923,229.6330884,
106924,230.2298741,
106925,231.322791,
106926,231.4654385,
106927,231.7349503,
106928,232.9294108,
106929,233.5643321,
106930,234.0895607,
106931,235.4498019,
106932,236.1573296,
106933,235.8195878,
106934,235.5967543,
106935,236.3009705,
106936,236.9296387,
106937,237.2657292,
106938,238.2757301,
106939,238.6440771,
106940,238.9316695,
106941,239.2427502,
106942,239.4691383,
106943,240.1671107,
106944,240.3874347,
106945,241.0917073,
106946,241.5301958,
106947,241.5400164,
106948,241.2926383,
106949,240.846368,
106950,241.1346099,
106951,241.4514806,
106952,241.4515715,
106953,241.2242797,
106954,241.1000278,
106955,240.9631737,
106956,240.8375896,
106957,240.6939316,
106958,239.7287669,
106959,239.9502845,
106960,239.3593445,
106961,238.4124865,
106962,237.5416805,
106963,236.1021104,
106964,234.8196554,
106965,234.0922656,
106966,233.7517522,
106967,233.0263616,
106968,232.132511,
106969,230.8049561,
106970,230.3230886,
106971,229.1046566,
106972,226.9945714,
106973,225.9114536,
106974,225.8257322,
106975,224.7815938,
106976,223.1864802,
106977,221.9315761,
106978,221.4402848,
106979,219.5270764,
106980,218.0793084,
106981,216.0989859,
106982,215.9016671,
106983,214.4833618,
106984,212.329708,
106985,211.812037,
106986,210.4530812,
106987,208.3615197,
106988,206.9794613,
106989,206.3424579,
106990,205.6002732,
106991,204.1270498,
106992,202.4458008,
106993,202.520782,
106994,201.3379561,
106995,199.8614854,
106996,199.2879965,
106997,199.2130317,
106998,198.379567,
106999,196.8956864,
107000,196.5098286,
107001,195.262871,
107002,194.0308543,
107003,192.9906858,
107004,192.7742629,
107005,192.47429,
107006,191.1667908,
107007,190.1486581,
107008,190.1272662,
107009,188.3988344,
107010,186.2743848,
107011,185.3969019,
107012,185.2714275,
107013,183.926264,
107014,181.2698414,
107015,180.602237,
107016,179.74551,
107017,178.1536078,
107018,175.5295245,
107019,174.6196774,
107020,173.9515916,
107021,171.8908207,
107022,169.4763123,
107023,169.3955236,
107024,168.045381,
107025,166.0502326,
107026,164.2004029,
107027,162.4104183,
107028,161.5595307,
107029,159.9600732,
107030,158.9754592,
107031,157.5333357,
107032,156.3088066,
107033,155.0483589,
107034,152.771354,
107035,149.8842103,
107036,148.5070737,
107037,147.5975481,
107038,144.3748098,
107039,141.6889174,
107040,140.9866409,
107041,137.9419166,
107042,135.0495149,
107043,133.641252,
107044,131.9514221,
107045,129.222112,
107046,126.9128437,
107047,125.8914366,
107048,123.9145034,
107049,121.9408013,
107050,120.8049594,
107051,118.8628125,
107052,117.5033788,
107053,115.2782306,
107054,113.2145974,
107055,111.5327083,
107056,109.9219779,
107057,106.7175934,
107058,104.3122901,
107059,103.8765884,
107060,101.8930777,
107061,99.68385146,
107062,98.368288,
107063,97.90795007,
107064,94.88321911,
107065,92.94954149,
107066,92.23876533,
107067,90.45761381,
107068,87.91811236,
107069,86.21606242,
107070,85.73944656,
107071,83.38340104,
107072,80.94086104,
107073,79.8495417,
107074,78.15221512,
107075,76.21133789,
107076,75.45047364,
107077,75.24506086,
107078,75.02313447,
107079,74.8791785,
107080,74.3771661,
107081,73.54010827,
107082,72.53459411,
107083,72.0648412,
107084,72.08085582,
107085,71.85534278,
107086,71.73494714,
107087,71.62151664,
107088,71.51588173,
107089,71.75315695,
107090,71.82860391,
107091,71.99469006,
107092,71.90010012,
107093,72.09346318,
107094,72.55565945,
107095,73.42854417,
107096,73.99074785,
107097,73.92297484,
107098,74.68768989,
107099,75.52793559,
107100,76.14935928,
107101,76.96123672,
107102,77.53301978,
107103,78.45134358,
107104,79.14335149,
107105,80.14072424,
107106,80.69918956,
107107,81.79605766,
107108,82.6001096,
107109,83.14381712,
107110,83.48114606,
107111,84.26702082,
107112,85.55871872,
107113,85.71793759,
107114,86.60240827,
107115,87.51282286,
107116,88.71490529,
107117,89.16755754,
107118,90.19029379,
107119,91.42047314,
107120,92.27959955,
107121,93.61314321,
107122,95.14493633,
107123,96.27316499,
107124,97.19210169,
107125,97.71045826,
107126,99.25882075,
107127,101.0834357,
107128,102.047142,
107129,103.1534421,
107130,105.6904607,
107131,107.9660534,
107132,108.2685309,
107133,110.1677766,
107134,111.7504977,
107135,113.3124026,
107136,114.5498243,
107137,115.1393666,
107138,117.7021393,
107139,119.3304106,
107140,121.3243202,
107141,121.9293296,
107142,124.2169552,
107143,125.9430474,
107144,127.5674722,
107145,128.0712267,
107146,131.1494478,
107147,133.9143377,
107148,134.5228492,
107149,136.4253229,
107150,138.8274507,
107151,141.3936733,
107152,142.0658604,
107153,143.4448765,
107154,146.6395357,
107155,148.9754637,
107156,149.4142406,
107157,151.2135808,
107158,153.5597569,
107159,155.8655767,
107160,156.3553982,
107161,158.5623719,
107162,162.4070539,
107163,164.2675617,
107164,164.8848982,
107165,167.6621854,
107166,169.4246635,
107167,171.046492,
107168,172.1681371,
107169,174.9543674,
107170,176.2764896,
107171,177.3963596,
107172,179.3766652,
107173,181.4057002,
107174,182.9313985,
107175,183.8523324,
107176,184.372179,
107177,187.7171559,
107178,189.2557236,
107179,190.0554348,
107180,192.0653502,
107181,194.480248,
107182,195.3438496,
107183,196.698545,
107184,199.1172638,
107185,200.8517837,
107186,202.0776859,
107187,204.4865031,
107188,206.5630335,
107189,206.3592489,
107190,208.3374446,
107191,211.3125858,
107192,211.7507395,
107193,213.0373494,
107194,214.8685966,
107195,216.3346314,
107196,217.1302663,
107197,218.5229831,
107198,220.5555754,
107199,221.3137251,
107200,221.7545625,
107201,224.1177624,
107202,225.6313457,
107203,225.9350715,
107204,226.7551458,
107205,228.7655367,
107206,229.441153,
107207,229.7588489,
107208,231.7248067,
107209,233.1058398,
107210,233.239535,
107211,233.9671496,
107212,235.6910342,
107213,237.2097936,
107214,237.8960015,
107215,238.3677287,
107216,239.8175148,
107217,241.4985326,
107218,241.7183063,
107219,241.6634321,
107220,242.1417607,
107221,243.1379382,
107222,243.6084674,
107223,244.4980921,
107224,245.9962193,
107225,246.9973017,
107226,246.8612916,
107227,246.8835616,
107228,246.7653485,
107229,247.0306749,
107230,246.9232758,
107231,247.0397985,
107232,246.5451358,
107233,246.9730011,
107234,247.4029991,
107235,247.6346161,
107236,248.0559505,
107237,247.9136997,
107238,247.8717658,
107239,248.0432107,
107240,248.3662715,
107241,249.0753871,
107242,249.4720728,
107243,250.3951719,
107244,250.4407046,
107245,249.5773668,
107246,249.447307,
107247,249.3302911,
107248,249.1004255,
107249,249.2949194,
107250,249.2851628,
107251,249.6682046,
107252,249.0034048,
107253,248.4975314,
107254,247.8306041,
107255,247.3955253,
107256,247.2250952,
107257,246.7806342,
107258,246.3938042,
107259,245.9015113,
107260,245.2098685,
107261,244.8585252,
107262,244.6745765,
107263,244.3615135,
107264,243.3502024,
107265,243.3243006,
107266,242.585954,
107267,242.786056,
107268,242.6709,
107269,242.3923462,
107270,242.3459629,
107271,242.2361419,
107272,242.2515913,
107273,242.8329915,
107274,243.1539831,
107275,243.4420647,
107276,243.753446,
107277,244.4847922,
107278,245.3325451,
107279,246.0374457,
107280,246.0659824,
107281,246.3868576,
107282,247.4262844,
107283,248.2911874,
107284,248.5612364,
107285,248.7839349,
107286,249.0991753,
107287,249.2929768,
107288,249.4268295,
107289,249.3836465,
107290,249.5032186,
107291,249.532167,
107292,249.646421,
107293,249.6775136,
107294,249.5508838,
107295,249.3206857,
107296,249.074838,
107297,248.8749631,
107298,248.4071247,
107299,248.0345054,
107300,247.2589894,
107301,246.7728057,
107302,246.2531878,
107303,245.6976143,
107304,245.4646816,
107305,244.8246274,
107306,243.7771033,
107307,243.6800698,
107308,243.4715382,
107309,242.8571006,
107310,243.3244625,
107311,241.8505697,
107312,241.8095815,
107313,241.5703077,
107314,241.5975786,
107315,241.6353493,
107316,241.4035444,
107317,241.0013943,
107318,241.166927,
107319,241.8863872,
107320,242.6460562,
107321,241.9524168,
107322,241.9970098,
107323,241.2941771,
107324,241.164302,
107325,241.9275559,
107326,240.170791,
107327,239.1030017,
107328,238.8670151,
107329,238.0447438,
107330,237.5420748,
107331,235.9846823,
107332,234.87836,
107333,234.2296962,
107334,233.6099192,
107335,232.4675333,
107336,230.8190877,
107337,229.4205704,
107338,228.945237,
107339,228.9594627,
107340,229.188338,
107341,226.7636462,
107342,225.8369576,
107343,225.2169688,
107344,225.0857923,
107345,224.1333179,
107346,224.2642925,
107347,224.6060935,
107348,224.4790217,
107349,224.6194999,
107350,225.083942,
107351,223.9581204,
107352,223.0879958,
107353,222.9167432,
107354,222.5572001,
107355,221.7735052,
107356,220.9155218,
107357,220.2725852,
107358,220.3378003,
107359,219.3268751,
107360,217.9911417,
107361,217.6175733,
107362,217.5783448,
107363,217.0702156,
107364,216.1559946,
107365,215.6354775,
107366,215.4339459,
107367,214.6341546,
107368,214.2473762,
107369,213.4441367,
107370,213.5984119,
107371,212.5363909,
107372,211.7923516,
107373,211.1337001,
107374,210.9092335,
107375,210.3161136,
107376,209.6812194,
107377,209.3898207,
107378,209.3262155,
107379,208.9816047,
107380,208.9990113,
107381,208.7546936,
107382,208.8395893,
107383,208.847033,
107384,208.3884812,
107385,208.5697074,
107386,208.249834,
107387,208.0007952,
107388,207.5630066,
107389,207.6945801,
107390,207.6754654,
107391,207.7636881,
107392,207.8704043,
107393,207.8969131,
107394,207.7880484,
107395,207.6169314,
107396,207.7562027,
107397,207.5843768,
107398,207.7182732,
107399,207.4576229,
107400,207.6497376,
107401,207.1087765,
107402,207.0286226,
107403,207.1456622,
107404,207.0855853,
107405,207.1096307,
107406,207.6139244,
107407,207.6883268,
107408,207.9900083,
107409,208.4777718,
107410,209.1700445,
107411,209.4764539,
107412,210.4349587,
107413,211.4595608,
107414,212.8881633,
107415,213.0524001,
107416,214.446655,
107417,215.4321476,
107418,216.4263914,
107419,217.0705149,
107420,218.1194226,
107421,219.5683393,
107422,220.2963804,
107423,220.6362104,
107424,222.4776201,
107425,224.7510822,
107426,225.8589887,
107427,226.4076827,
107428,227.5821007,
107429,230.728499,
107430,232.4071703,
107431,233.499364,
107432,234.2435547,
107433,236.0056197,
107434,237.7324906,
107435,239.1171818,
107436,240.07988,
107437,241.5890339,
107438,243.9116441,
107439,244.5651048,
107440,246.13888,
107441,246.912727,
107442,248.2895027,
107443,249.8360375,
107444,251.4962856,
107445,252.4160038,
107446,253.8631183,
107447,255.2272051,
107448,256.7242226,
107449,258.2739067,
107450,257.7451413,
107451,260.0143754,
107452,261.2794877,
107453,261.9522029,
107454,262.3120217,
107455,263.4671081,
107456,265.2301816,
107457,266.269186,
107458,267.386358,
107459,268.3385422,
107460,266.2674007,
107461,268.8262569,
107462,270.0735214,
107463,271.0702415,
107464,270.5772668,
107465,271.5054135,
107466,271.0906653,
107467,271.2970848,
107468,269.9570524,
107469,270.4745745,
107470,270.9577268,
107471,270.1254483,
107472,269.1458354,
107473,269.4465425,
107474,268.886802,
107475,269.776,
107476,268.7002514,
107477,268.0621877,
107478,267.6706594,
107479,267.8310025,
107480,267.5560049,
107481,266.5626302,
107482,266.1638563,
107483,266.0066474,
107484,265.6789967,
107485,265.0435957,
107486,264.8157519,
107487,264.5159166,
107488,264.0100242,
107489,263.130903,
107490,262.9189314,
107491,262.5423803,
107492,262.4209562,
107493,262.3588939,
107494,262.2670171,
107495,262.1874346,
107496,261.7798113,
107497,261.783865,
107498,261.6527975,
107499,261.22851,
107500,260.8079986,
107501,261.0730924,
107502,260.7236536,
107503,260.3508187,
107504,260.6435943,
107505,260.1403618,
107506,260.0330594,
107507,260.1433511,
107508,259.6504617,
107509,259.3682228,
107510,258.8345091,
107511,258.3502302,
107512,258.1633841,
107513,257.9762817,
107514,257.6892468,
107515,257.4925429,
107516,257.2627536,
107517,257.3598173,
107518,257.4140368,
107519,257.4071046,
107520,257.2381631,
107521,257.1434649,
107522,256.6428529,
107523,256.3229406,
107524,256.0857544,
107525,255.6346612,
107526,255.3986849,
107527,255.1997932,
107528,255.17826,
107529,255.1570305,
107530,255.1531233,
107531,254.8990667,
107532,254.8296631,
107533,254.9929685,
107534,255.003997,
107535,255.2101567,
107536,255.3306588,
107537,255.2597426,
107538,255.2398579,
107539,255.0397887,
107540,255.4180643,
107541,255.7106772,
107542,256.018201,
107543,256.477929,
107544,257.3896836,
107545,257.2924288,
107546,257.1809885,
107547,257.6355769,
107548,258.0213847,
107549,258.7375019,
107550,259.2967596,
107551,260.0723993,
107552,260.7668947,
107553,261.0494577,
107554,262.019633,
107555,262.9768192,
107556,263.7041047,
107557,263.6671191,
107558,264.5836894,
107559,265.3274192,
107560,265.9812641,
107561,267.0281333,
107562,267.1324927,
107563,267.5096442,
107564,268.7484786,
107565,269.4234566,
107566,270.2248327,
107567,270.9387843,
107568,270.9346085,
107569,272.5933715,
107570,273.3248741,
107571,273.5182407,
107572,273.5767315,
107573,274.4207763,
107574,275.2089872,
107575,276.4693896,
107576,276.52544,
107577,276.7421363,
107578,277.2454374,
107579,277.6740933,
107580,277.7253516,
107581,278.0789095,
107582,278.7404746,
107583,278.5415154,
107584,278.8866528,
107585,279.1800755,
107586,279.1428439,
107587,279.2994684,
107588,279.7036372,
107589,279.9478658,
107590,280.119267,
107591,280.3363573,
107592,280.4510134,
107593,280.5177474,
107594,280.8353585,
107595,281.2223673,
107596,281.4112358,
107597,281.9976129,
107598,282.1831752,
107599,282.3678571,
107600,282.5927234,
107601,282.8639072,
107602,283.8551759,
107603,284.1528532,
107604,284.9212024,
107605,285.4814403,
107606,286.5528957,
107607,285.9905932,
107608,286.7036448,
107609,287.1569241,
107610,288.2200692,
107611,288.7405519,
107612,288.9239814,
107613,289.4938209,
107614,290.4305997,
107615,290.8807916,
107616,291.2265329,
107617,291.3034376,
107618,292.084121,
107619,291.7175691,
107620,291.7823515,
107621,291.3135869,
107622,291.1412397,
107623,291.1264269,
107624,290.9345564,
107625,291.1360221,
107626,291.2847637,
107627,291.5828588,
107628,291.462437,
107629,291.4301651,
107630,291.6195444,
107631,291.537478,
107632,291.3185949,
107633,291.2967064,
107634,290.9168145,
107635,290.8063835,
107636,290.4735626,
107637,290.417695,
107638,290.677496,
107639,290.6541493,
107640,290.4309573,
107641,290.5832764,
107642,290.5651196,
107643,290.528623,
107644,290.4367505,
107645,290.0873115,
107646,290.2046934,
107647,290.229894,
107648,290.4603528,
107649,290.2500786,
107650,290.6920378,
107651,290.7334234,
107652,290.6042022,
107653,290.6661489,
107654,290.9628367,
107655,290.7241427,
107656,290.9671928,
107657,291.6390539,
107658,292.0254337,
107659,291.5580133,
107660,291.789257,
107661,291.742687,
107662,291.421305,
107663,290.9236786,
107664,291.5564394,
107665,291.4475948,
107666,291.5128655,
107667,291.1429982,
107668,289.5403596,
107669,289.8233481,
107670,289.1974255,
107671,288.3669499,
107672,287.7308167,
107673,287.5397388,
107674,286.8889458,
107675,286.0249188,
107676,284.7326983,
107677,284.4854286,
107678,284.4219672,
107679,283.9813165,
107680,284.4144195,
107681,283.3225018,
107682,283.8487305,
107683,283.2726223,
107684,282.2863137,
107685,281.2402603,
107686,280.6571632,
107687,280.2931088,
107688,279.6219461,
107689,278.8760385,
107690,278.1897713,
107691,278.0289382,
107692,277.5607467,
107693,276.6255642,
107694,275.8204947,
107695,274.6715769,
107696,272.5001721,
107697,270.9338379,
107698,268.955004,
107699,267.7700307,
107700,266.4833839,
107701,265.5945266,
107702,264.3857217,
107703,262.7197846,
107704,260.0194738,
107705,258.4289212,
107706,257.7107598,
107707,256.4246377,
107708,253.6882538,
107709,251.9906993,
107710,251.6359075,
107711,249.9238021,
107712,248.8749872,
107713,246.6490443,
107714,246.2451935,
107715,243.8109437,
107716,239.6646836,
107717,239.8001132,
107718,237.444976,
107719,234.6746737,
107720,231.9696749,
107721,231.5065069,
107722,230.338257,
107723,228.920298,
107724,228.0710724,
107725,228.1838321,
107726,226.5053624,
107727,225.4743613,
107728,224.2229347,
107729,222.1999663,
107730,220.7983143,
107731,220.1285824,
107732,218.5292611,
107733,216.3700929,
107734,215.0658056,
107735,214.3716095,
107736,212.4092788,
107737,209.6785064,
107738,207.5207559,
107739,206.3167751,
107740,204.826565,
107741,202.9669288,
107742,201.2487353,
107743,200.7303584,
107744,200.9131308,
107745,199.1780298,
107746,199.536421,
107747,197.9878989,
107748,198.2351501,
107749,198.0367999,
107750,197.6008999,
107751,197.5334588,
107752,197.100433,
107753,197.0083641,
107754,194.8862854,
107755,194.1745491,
107756,193.8944459,
107757,193.7300021,
107758,192.3131964,
107759,190.9273733,
107760,190.3841441,
107761,190.3656672,
107762,189.4048968,
107763,187.9950633,
107764,187.7317765,
107765,187.3595505,
107766,186.9714096,
107767,186.2137874,
107768,185.9567523,
107769,186.0735114,
107770,186.1313081,
107771,186.2210246,
107772,186.1154885,
107773,185.8418644,
107774,185.6253838,
107775,185.7534715,
107776,185.9016103,
107777,185.7825511,
107778,186.0984317,
107779,186.5571537,
107780,186.667695,
107781,186.4581934,
107782,186.8260182,
107783,186.8666957,
107784,186.9884449,
107785,187.851717,
107786,188.4069352,
107787,188.2267022,
107788,188.0199494,
107789,188.4450823,
107790,188.7985022,
107791,189.2013456,
107792,189.4404206,
107793,189.9387031,
107794,190.6401734,
107795,190.9958535,
107796,191.179005,
107797,191.38799,
107798,191.7203747,
107799,192.2439625,
107800,192.5878517,
107801,193.2307476,
107802,193.8770779,
107803,194.1017065,
107804,194.3111504,
107805,193.9049741,
107806,194.3149445,
107807,194.4126999,
107808,194.374841,
107809,194.2327649,
107810,194.7719112,
107811,195.3537723,
107812,195.6437078,
107813,195.9768609,
107814,196.5198007,
107815,196.5971942,
107816,197.2172897,
107817,198.4933268,
107818,198.7460829,
107819,199.2862209,
107820,199.542636,
107821,199.8841289,
107822,200.888288,
107823,201.3048668,
107824,201.6964012,
107825,202.1057451,
107826,202.1155992,
107827,200.7922613,
107828,201.5650539,
107829,203.0796378,
107830,203.4586141,
107831,204.5797529,
107832,204.704028,
107833,205.0220929,
107834,205.7880828,
107835,206.4416088,
107836,207.080196,
107837,207.0611928,
107838,206.6031267,
107839,208.2617781,
107840,209.2099472,
107841,208.5058976,
107842,208.8981529,
107843,210.1256166,
107844,210.9935063,
107845,212.2788366,
107846,212.4953259,
107847,211.1416257,
107848,212.1672617,
107849,214.6482577,
107850,215.6183583,
107851,216.8445652,
107852,218.3488126,
107853,220.092231,
107854,222.4508673,
107855,222.4822005,
107856,223.517324,
107857,225.0735397,
107858,226.2074896,
107859,227.5194846,
107860,228.5888945,
107861,230.4555167,
107862,231.1415002,
107863,231.7353588,
107864,232.6886711,
107865,233.4807787,
107866,235.4140474,
107867,235.5092071,
107868,238.2989123,
107869,240.5318337,
107870,241.5922039,
107871,242.7790218,
107872,243.7028731,
107873,246.5671811,
107874,248.0916328,
107875,248.8086875,
107876,251.0214194,
107877,253.4321484,
107878,253.4424388,
107879,253.6205427,
107880,254.6134418,
107881,257.0656386,
107882,258.0054424,
107883,258.7511068,
107884,259.3890517,
107885,260.2322713,
107886,261.6047469,
107887,262.3028303,
107888,263.3018583,
107889,263.821496,
107890,265.4530198,
107891,266.572492,
107892,266.9433472,
107893,268.0234748,
107894,269.5024857,
107895,271.1057875,
107896,271.8259194,
107897,272.5888286,
107898,274.6002331,
107899,275.9473716,
107900,277.3431297,
107901,279.0869904,
107902,280.2855399,
107903,281.2787271,
107904,281.9285436,
107905,283.9582457,
107906,286.3453874,
107907,286.482059,
107908,287.4740573,
107909,288.0519227,
107910,288.8464911,
107911,289.3297427,
107912,289.810049,
107913,289.2815125,
107914,290.3187954,
107915,289.844753,
107916,289.5286932,
107917,289.6120052,
107918,289.1474341,
107919,288.444124,
107920,288.3140938,
107921,288.2573796,
107922,287.9271186,
107923,287.3354926,
107924,286.7725711,
107925,286.326329,
107926,286.0806447,
107927,285.7531498,
107928,285.5809028,
107929,285.2849582,
107930,284.7397585,
107931,285.0284171,
107932,284.5128564,
107933,284.0480383,
107934,283.5762708,
107935,282.3917284,
107936,281.4711225,
107937,281.2136962,
107938,280.4350319,
107939,279.2257073,
107940,278.9438501,
107941,278.3957441,
107942,277.0361806,
107943,275.5017053,
107944,274.1601309,
107945,272.0058369,
107946,272.1846184,
107947,271.9923741,
107948,270.376998,
107949,269.0461966,
107950,268.2375464,
107951,267.443835,
107952,264.8197661,
107953,263.4996088,
107954,263.2033316,
107955,261.8448463,
107956,260.8775889,
107957,259.0746347,
107958,259.2738494,
107959,257.9504718,
107960,255.4883625,
107961,254.396765,
107962,253.7867604,
107963,252.7609078,
107964,252.3325181,
107965,250.3578677,
107966,249.531402,
107967,248.198817,
107968,246.5944242,
107969,244.7514189,
107970,244.5461849,
107971,243.7552287,
107972,241.760358,
107973,240.0238196,
107974,239.5185204,
107975,238.0322945,
107976,235.4001961,
107977,233.3102841,
107978,232.4326677,
107979,231.2679664,
107980,229.5617854,
107981,228.1712555,
107982,227.6995661,
107983,225.7867361,
107984,223.9676246,
107985,222.181509,
107986,221.0794932,
107987,219.2975701,
107988,217.2942476,
107989,216.8998818,
107990,215.4641473,
107991,213.6513247,
107992,212.92038,
107993,211.4465139,
107994,211.2857549,
107995,211.0714053,
107996,210.9933054,
107997,209.7723399,
107998,210.2944891,
107999,209.1510733,
108000,209.9211509,
108001,210.5496222,
108002,211.0427325,
108003,212.2162323,
108004,212.4356505,
108005,213.0624795,
108006,214.1312531,
108007,214.4125322,
108008,215.5810864,
108009,216.0093081,
108010,217.4681356,
108011,217.6658529,
108012,217.975207,
108013,218.2993288,
108014,218.6144276,
108015,218.7638027,
108016,219.2839618,
108017,220.4388275,
108018,220.9385144,
108019,222.2059765,
108020,222.5061743,
108021,222.6205215,
108022,222.9582258,
108023,223.2084793,
108024,223.3288168,
108025,223.649176,
108026,224.339038,
108027,224.7357099,
108028,225.299819,
108029,225.5187246,
108030,225.6260958,
108031,226.2450347,
108032,226.7612649,
108033,226.9320266,
108034,227.1401821,
108035,227.1523702,
108036,227.369599,
108037,227.7967671,
108038,228.3858367,
108039,228.8510691,
108040,228.9919735,
108041,229.0020692,
108042,229.0422539,
108043,228.9692003,
108044,229.1273283,
108045,229.0730246,
108046,229.0738776,
108047,229.1851062,
108048,229.1670204,
108049,229.1814626,
108050,229.0934386,
108051,229.3819987,
108052,229.2589042,
108053,229.3798486,
108054,229.5010894,
108055,229.5781765,
108056,229.6022079,
108057,229.4785911,
108058,229.3794537,
108059,229.0604944,
108060,229.0602101,
108061,229.0007067,
108062,229.2280831,
108063,229.2979636,
108064,229.6289972,
108065,229.6051896,
108066,229.6067925,
108067,229.3351968,
108068,229.4522105,
108069,229.6807378,
108070,229.7373908,
108071,229.9744765,
108072,230.0975918,
108073,230.0853946,
108074,230.1677634,
108075,230.1474987,
108076,230.1990612,
108077,230.3187105,
108078,230.6878461,
108079,230.7444451,
108080,231.0543576,
108081,230.748227,
108082,229.6655369,
108083,229.6641927,
108084,228.9198902,
108085,227.87811,
108086,227.3266863,
108087,226.5952979,
108088,225.7074596,
108089,225.679686,
108090,225.6210801,
108091,225.0976469,
108092,224.0439369,
108093,222.7274905,
108094,221.1368871,
108095,220.3692306,
108096,218.6197241,
108097,217.0161903,
108098,215.9794444,
108099,214.7823011,
108100,213.8249771,
108101,213.9905984,
108102,212.6874502,
108103,211.9973795,
108104,209.4092776,
108105,207.6399222,
108106,205.3725249,
108107,205.0657372,
108108,204.6612163,
108109,202.5419674,
108110,200.4251108,
108111,199.3666518,
108112,199.4131187,
108113,197.9132328,
108114,197.088532,
108115,195.3300163,
108116,194.9238483,
108117,192.5860009,
108118,192.2557063,
108119,191.0361477,
108120,190.8483247,
108121,190.9028548,
108122,189.6621684,
108123,186.5764322,
108124,184.0138567,
108125,183.0947978,
108126,182.0962558,
108127,180.6099103,
108128,178.8813942,
108129,176.5525454,
108130,176.0744355,
108131,173.6766831,
108132,170.8624578,
108133,168.9122932,
108134,169.1510456,
108135,168.1272576,
108136,165.1920427,
108137,163.8879978,
108138,161.4908997,
108139,159.7478085,
108140,156.9150973,
108141,154.5252426,
108142,153.6000054,
108143,151.5471105,
108144,148.8155101,
108145,146.7064829,
108146,145.9741614,
108147,143.4379723,
108148,140.9182485,
108149,139.4676353,
108150,138.5262276,
108151,135.2688419,
108152,133.1238267,
108153,132.4708069,
108154,129.4580315,
108155,127.3743858,
108156,125.0606542,
108157,125.167209,
108158,123.4308695,
108159,121.2062492,
108160,120.0841119,
108161,119.3261046,
108162,117.8574099,
108163,115.229373,
108164,112.1340554,
108165,111.7049491,
108166,109.8561444,
108167,109.0334319,
108168,106.9858737,
108169,106.0678512,
108170,104.9035656,
108171,103.422359,
108172,101.5185447,
108173,100.0406908,
108174,99.44150625,
108175,98.38870945,
108176,97.58538208,
108177,96.67359044,
108178,96.38042291,
108179,97.39070719,
108180,98.14546371,
108181,97.73593867,
108182,97.77115823,
108183,98.52714645,
108184,98.77893726,
108185,98.89863925,
108186,98.88989792,
108187,98.84335834,
108188,99.50967095,
108189,99.1170627,
108190,99.46318651,
108191,99.67048005,
108192,100.7038313,
108193,101.1911495,
108194,102.0097514,
108195,102.7197059,
108196,102.8685639,
108197,103.3089213,
108198,104.1161724,
108199,104.52899,
108200,105.023961,
108201,105.2466493,
108202,105.5800427,
108203,105.9717572,
108204,105.9798363,
108205,105.9997524,
108206,106.4169399,
108207,107.1382607,
108208,108.0094691,
108209,109.0250206,
108210,109.5144501,
108211,110.1421966,
108212,111.3262443,
108213,112.8700294,
108214,113.7324081,
108215,114.462912,
108216,115.5855145,
108217,117.9573766,
108218,119.9081127,
108219,121.0119978,
108220,122.2311342,
108221,123.9102045,
108222,125.5767155,
108223,126.7492164,
108224,129.0802967,
108225,131.1159155,
108226,132.6962617,
108227,133.8882066,
108228,136.3748455,
108229,138.371001,
108230,139.0094896,
108231,142.2187323,
108232,145.0124032,
108233,145.9031015,
108234,147.5899283,
108235,149.4685903,
108236,151.0764077,
108237,152.6336686,
108238,155.420561,
108239,157.6828746,
108240,158.1265362,
108241,159.8783428,
108242,162.0533414,
108243,163.9635498,
108244,165.6169353,
108245,168.3831798,
108246,170.9414112,
108247,172.778593,
108248,174.2722863,
108249,176.1257155,
108250,178.6047064,
108251,180.2048863,
108252,181.073538,
108253,182.7853161,
108254,185.5100546,
108255,186.8311866,
108256,187.6797564,
108257,190.7723686,
108258,193.3594022,
108259,194.834354,
108260,197.4252353,
108261,200.3671736,
108262,200.4603858,
108263,201.7228053,
108264,204.2315288,
108265,206.3452602,
108266,206.8221003,
108267,208.6049302,
108268,209.9866265,
108269,212.5229778,
108270,213.1271146,
108271,213.7976897,
108272,215.5894182,
108273,217.4617653,
108274,218.9677426,
108275,219.5599654,
108276,221.4735943,
108277,223.9545002,
108278,225.0864667,
108279,226.282963,
108280,228.0117786,
108281,228.7702338,
108282,231.133937,
108283,233.0688337,
108284,235.0073848,
108285,236.8539042,
108286,238.2121755,
108287,239.4800672,
108288,241.2131382,
108289,243.7805839,
108290,245.4013596,
108291,246.5804996,
108292,247.7252079,
108293,250.3716247,
108294,251.9038155,
108295,252.2696972,
108296,255.6323191,
108297,257.3129957,
108298,258.6890043,
108299,259.5375661,
108300,261.4912014,
108301,264.1564817,
108302,265.3938027,
108303,266.4010573,
108304,266.5733471,
108305,269.2360038,
108306,270.3693253,
108307,272.1207427,
108308,273.3270545,
108309,275.8015056,
108310,277.5828032,
108311,278.8042295,
108312,279.8318204,
108313,282.2084947,
108314,283.3679291,
108315,285.2502067,
108316,285.3801496,
108317,287.6717926,
108318,289.3579547,
108319,289.9672499,
108320,290.7215747,
108321,291.8042122,
108322,291.6451774,
108323,291.9881204,
108324,292.893401,
108325,293.6264207,
108326,293.5734304,
108327,293.4786437,
108328,293.3496399,
108329,293.3981938,
108330,292.8039065,
108331,292.4987596,
108332,291.978266,
108333,291.4931667,
108334,291.1038203,
108335,290.8901926,
108336,290.156121,
108337,289.8134914,
108338,289.3174666,
108339,289.0149691,
108340,288.8873675,
108341,288.0540404,
108342,287.0452553,
108343,285.6107723,
108344,285.4510184,
108345,284.4662507,
108346,283.8087834,
108347,282.9161978,
108348,282.4382519,
108349,281.304466,
108350,279.5376075,
108351,278.7274007,
108352,279.0739403,
108353,278.7626103,
108354,277.4472546,
108355,276.2821031,
108356,275.7013977,
108357,274.9448755,
108358,273.8097147,
108359,273.9711166,
108360,273.8275107,
108361,272.8933202,
108362,272.4043539,
108363,272.2850908,
108364,271.0970556,
108365,270.2455482,
108366,269.9092506,
108367,269.6428608,
108368,269.1319398,
108369,268.3939139,
108370,268.1456021,
108371,267.1467943,
108372,266.2414438,
108373,265.7037954,
108374,265.0431335,
108375,264.2731179,
108376,263.3973984,
108377,262.7598312,
108378,261.8362723,
108379,260.1465667,
108380,258.284584,
108381,257.8547371,
108382,257.4362309,
108383,255.9985053,
108384,254.2656708,
108385,253.4642783,
108386,251.6932797,
108387,249.7127988,
108388,248.4906165,
108389,247.7608769,
108390,246.2728201,
108391,244.1428492,
108392,242.7722207,
108393,242.3297877,
108394,239.7594485,
108395,237.2786904,
108396,236.5742031,
108397,235.6004435,
108398,233.5983875,
108399,231.39015,
108400,229.997332,
108401,228.2091191,
108402,226.3252771,
108403,224.7105893,
108404,224.7765068,
108405,223.4491092,
108406,220.8144731,
108407,220.4159687,
108408,218.5002225,
108409,215.8566354,
108410,214.8200856,
108411,214.6338073,
108412,212.9575717,
108413,210.9037419,
108414,210.2443308,
108415,208.6065968,
108416,206.2681998,
108417,205.188024,
108418,204.839064,
108419,202.7979196,
108420,201.0609063,
108421,200.0062843,
108422,199.3470335,
108423,197.8477299,
108424,196.6510903,
108425,195.1885436,
108426,194.412372,
108427,192.8294575,
108428,192.280853,
108429,191.3160698,
108430,190.6939396,
108431,189.7545271,
108432,187.9665816,
108433,186.5576455,
108434,186.1952055,
108435,186.3753879,
108436,185.4372184,
108437,185.1098896,
108438,184.9632373,
108439,184.9701572,
108440,184.486768,
108441,184.9536758,
108442,185.5509601,
108443,185.0957833,
108444,184.8372295,
108445,184.6498261,
108446,184.524139,
108447,184.1883662,
108448,183.4845943,
108449,183.6745094,
108450,183.2288079,
108451,181.8291854,
108452,182.0323665,
108453,181.5789651,
108454,180.910618,
108455,179.7376623,
108456,178.7504094,
108457,178.9879273,
108458,178.5930869,
108459,177.1223929,
108460,176.3697588,
108461,175.6816325,
108462,175.0572327,
108463,173.6847408,
108464,172.3011936,
108465,171.9245044,
108466,171.4716499,
108467,170.2331248,
108468,169.0531634,
108469,168.0294309,
108470,167.8452064,
108471,166.9571491,
108472,165.204339,
108473,164.4255,
108474,164.4760387,
108475,163.1670264,
108476,162.3151393,
108477,161.4844412,
108478,160.3936001,
108479,159.2342494,
108480,157.3621668,
108481,157.007977,
108482,156.0210301,
108483,154.7783637,
108484,153.698295,
108485,152.6680782,
108486,151.6852714,
108487,149.414074,
108488,147.8874658,
108489,147.0886046,
108490,145.924691,
108491,143.8629366,
108492,143.0240536,
108493,142.3846125,
108494,140.7031265,
108495,139.1072817,
108496,137.4518713,
108497,137.3641468,
108498,136.3567972,
108499,134.3739876,
108500,133.0004152,
108501,131.8642312,
108502,132.020168,
108503,132.7398544,
108504,133.2114629,
108505,132.962128,
108506,133.7767458,
108507,134.2011579,
108508,135.6956407,
108509,135.8726426,
108510,135.9414901,
108511,136.3065791,
108512,136.743833,
108513,136.9194899,
108514,137.1653647,
108515,137.6758961,
108516,137.7651976,
108517,138.120002,
108518,138.670469,
108519,139.3930337,
108520,139.8039179,
108521,139.7254421,
108522,139.5044736,
108523,139.7502144,
108524,140.5355283,
108525,141.1929258,
108526,141.7593694,
108527,141.995285,
108528,142.172011,
108529,142.4701849,
108530,143.0783861,
108531,142.9741813,
108532,142.9526312,
108533,143.5874135,
108534,144.0365639,
108535,144.2578156,
108536,144.2231978,
108537,143.7104138,
108538,143.9055284,
108539,143.8916061,
108540,143.7210108,
108541,143.262437,
108542,142.9463168,
108543,143.0728646,
108544,142.410318,
108545,141.7923162,
108546,140.8059433,
108547,140.4693338,
108548,139.790199,
108549,138.924324,
108550,138.3794243,
108551,137.9758404,
108552,137.7715827,
108553,137.653788,
108554,137.8749191,
108555,138.0292765,
108556,135.1961158,
108557,133.8986162,
108558,132.3711663,
108559,132.1710682,
108560,129.9992696,
108561,128.4785621,
108562,127.0855793,
108563,126.8064135,
108564,124.831048,
108565,122.5997743,
108566,121.3319537,
108567,121.4617962,
108568,119.5190106,
108569,117.1527635,
108570,116.4626898,
108571,114.5359697,
108572,111.7362546,
108573,109.9644147,
108574,109.0137787,
108575,107.035758,
108576,105.2082776,
108577,104.5362589,
108578,102.7863499,
108579,99.63877222,
108580,98.05300567,
108581,96.65097143,
108582,95.53216259,
108583,93.76751285,
108584,91.82314409,
108585,91.41667168,
108586,88.41178509,
108587,86.31672791,
108588,85.30254161,
108589,83.71676609,
108590,81.95548036,
108591,80.00876575,
108592,79.14350397,
108593,77.23375007,
108594,75.58211953,
108595,74.70196344,
108596,74.4852995,
108597,73.08541379,
108598,71.4435407,
108599,70.67075137,
108600,68.82132703,
108601,66.91430144,
108602,65.42655399,
108603,65.08729551,
108604,63.85532753,
108605,62.00443087,
108606,60.82196928,
108607,60.21282735,
108608,58.92591621,
108609,57.25913629,
108610,56.73563533,
108611,56.56573147,
108612,55.68825828,
108613,53.84089367,
108614,53.46935591,
108615,52.20968682,
108616,51.12512705,
108617,50.12286086,
108618,49.97338703,
108619,49.16909522,
108620,48.09986601,
108621,47.7996883,
108622,47.09955731,
108623,46.06647159,
108624,45.46754604,
108625,45.227961,
108626,45.16661793,
108627,44.9085152,
108628,44.82149094,
108629,44.70570274,
108630,44.48802854,
108631,44.69513684,
108632,44.80310659,
108633,45.36890103,
108634,45.66911095,
108635,46.14795871,
108636,46.1778379,
108637,46.45544125,
108638,46.55729534,
108639,46.98213631,
108640,47.23663336,
108641,47.45665969,
108642,48.52099324,
108643,49.11270185,
108644,49.3380964,
108645,49.70284208,
108646,50.53975555,
108647,51.25351401,
108648,51.41663513,
108649,52.48960179,
108650,53.78575425,
108651,54.91025772,
108652,55.33993219,
108653,56.04348917,
108654,57.32087503,
108655,56.98736948,
108656,57.71690707,
108657,59.93370188,
108658,61.99860871,
108659,63.47890129,
108660,63.99158974,
108661,65.3240635,
108662,67.64000416,
108663,68.44520124,
108664,69.46245194,
108665,71.29480683,
108666,72.34045555,
108667,73.39460533,
108668,74.37191868,
108669,76.25650863,
108670,78.24292059,
108671,78.67678521,
108672,80.89925085,
108673,83.14224628,
108674,84.55748872,
108675,85.49631364,
108676,87.55170758,
108677,89.75821261,
108678,91.04652249,
108679,92.85249859,
108680,94.63233516,
108681,97.08671963,
108682,97.81487053,
108683,99.59161219,
108684,102.3268145,
108685,103.4554894,
108686,104.373327,
108687,106.4201019,
108688,108.2886831,
108689,109.5723808,
108690,110.4347499,
108691,113.0110137,
108692,115.8633257,
108693,116.5438189,
108694,117.342708,
108695,119.3586862,
108696,121.1834525,
108697,122.1673882,
108698,122.2652553,
108699,124.8966626,
108700,127.7755704,
108701,128.3723551,
108702,130.3262983,
108703,132.3427332,
108704,134.621194,
108705,135.5017868,
108706,137.2073732,
108707,139.8440146,
108708,142.3457071,
108709,142.4341558,
108710,144.8603547,
108711,147.9992226,
108712,148.5314439,
108713,149.600061,
108714,151.5859595,
108715,154.533947,
108716,155.5034649,
108717,156.9397466,
108718,158.8335486,
108719,161.4069832,
108720,161.8289867,
108721,163.1580307,
108722,164.8786031,
108723,167.5983916,
108724,168.685021,
108725,169.6992796,
108726,171.9112621,
108727,173.6401344,
108728,174.4665419,
108729,175.0684629,
108730,177.4832369,
108731,180.1903669,
108732,180.5233486,
108733,181.4769954,
108734,183.2998673,
108735,185.0832575,
108736,186.8414716,
108737,187.420732,
108738,190.1754339,
108739,192.1808754,
108740,193.0411697,
108741,194.0404856,
108742,196.6016817,
108743,198.325148,
108744,199.3766527,
108745,200.7288208,
108746,203.5103192,
108747,204.799075,
108748,205.7126412,
108749,206.5920873,
108750,209.3731719,
108751,211.7179049,
108752,212.5813283,
108753,213.3867062,
108754,215.5290732,
108755,217.4804078,
108756,219.026715,
108757,219.8148448,
108758,221.7956373,
108759,224.1138287,
108760,225.8143531,
108761,226.9288014,
108762,228.7867187,
108763,230.8591267,
108764,232.8761485,
108765,233.0121131,
108766,234.1923698,
108767,236.7100007,
108768,238.6494013,
108769,239.0640234,
108770,240.6308499,
108771,242.9941274,
108772,244.9102287,
108773,245.1668456,
108774,247.329347,
108775,249.0511034,
108776,252.0412312,
108777,252.4854903,
108778,255.5749905,
108779,258.3259137,
108780,258.7100982,
108781,259.5635656,
108782,262.2005103,
108783,264.7152869,
108784,265.3784832,
108785,267.149469,
108786,269.8206454,
108787,272.1524387,
108788,272.3068619,
108789,273.6235394,
108790,275.2703399,
108791,276.4678145,
108792,277.125292,
108793,277.2861733,
108794,277.1569739,
108795,278.4198703,
108796,280.0006246,
108797,281.1371717,
108798,281.5775947,
108799,282.8797978,
108800,284.7886149,
108801,285.9868629,
108802,286.4407179,
108803,288.1630161,
108804,290.3353585,
108805,290.9584001,
108806,291.8813605,
108807,292.7295954,
108808,294.0096205,
108809,294.0828552,
108810,294.7278351,
108811,294.8071992,
108812,295.7350214,
108813,296.729657,
108814,296.9540641,
108815,297.2624245,
108816,298.2593194,
108817,298.3485031,
108818,298.1981134,
108819,297.8860665,
108820,297.8643906,
108821,298.0409453,
108822,298.4378047,
108823,298.3245908,
108824,298.3890088,
108825,298.522457,
108826,298.6481397,
108827,298.6408291,
108828,299.0226614,
108829,299.2466631,
108830,299.6295796,
108831,300.089957,
108832,300.8386356,
108833,302.0480698,
108834,303.0210057,
108835,303.5172124,
108836,303.9108355,
108837,305.0627659,
108838,306.4138761,
108839,307.3167467,
108840,307.814406,
108841,309.941078,
108842,311.8192533,
108843,311.9978703,
108844,313.1628449,
108845,314.9880715,
108846,316.3287584,
108847,317.2386005,
108848,318.3935563,
108849,320.1512204,
108850,322.2265515,
108851,323.2617456,
108852,324.5175413,
108853,326.6991482,
108854,328.3146616,
108855,328.6120736,
108856,328.9408335,
108857,330.9878183,
108858,332.8042134,
108859,334.8247033,
108860,334.8016671,
108861,337.0265569,
108862,338.5008443,
108863,339.9086387,
108864,340.4882826,
108865,341.4416596,
108866,343.200209,
108867,345.0686219,
108868,346.2363528,
108869,347.4230125,
108870,349.6347128,
108871,351.684272,
108872,352.0289551,
108873,352.5093826,
108874,354.665626,
108875,356.3781906,
108876,357.798837,
108877,358.7074979,
108878,360.6990219,
108879,361.8770306,
108880,363.0542001,
108881,364.5444926,
108882,366.4681511,
108883,367.1529002,
108884,367.5695139,
108885,369.7591477,
108886,371.1947471,
108887,372.4276452,
108888,372.9048507,
108889,375.0379649,
108890,377.2759483,
108891,378.3621888,
108892,378.6499293,
108893,380.1484745,
108894,381.1047079,
108895,381.9259314,
108896,383.2334406,
108897,383.7943641,
108898,385.1237994,
108899,386.2353092,
108900,386.883771,
108901,387.3810202,
108902,387.8333081,
108903,389.4081138,
108904,391.1414537,
108905,391.6054138,
108906,392.3254355,
108907,393.0787639,
108908,392.7949019,
108909,393.159898,
108910,392.8599468,
108911,392.7475642,
108912,392.9740267,
108913,392.8193747,
108914,392.8156442,
108915,392.723282,
108916,392.5106378,
108917,392.5470226,
108918,392.5488142,
108919,392.5263055,
108920,392.5067833,
108921,392.6507524,
108922,392.6788025,
108923,392.6680573,
108924,392.5757779,
108925,392.5261137,
108926,392.2936241,
108927,392.1205801,
108928,392.0715655,
108929,392.1266261,
108930,392.1194442,
